image,label
10000,6_00_0
10001,5_b6_1
10002,4_00_0
10003,3_00_0
10004,3_b6_1
10005,6_00_0
10006,1_00_0
10007,5_b7_1
10008,6_00_0
10009,1_00_0
10010,3_00_0
10011,2_00_0
10012,6_00_0
10013,3_a9_2
10014,3_00_0
10015,2_a5_2
10016,3_a9_1
10017,1_00_0
10018,6_00_0
10019,1_00_0
10020,5_b7_1
10021,3_b7_1
10022,6_00_0
10023,6_a12_1
10024,6_00_0
10025,4_00_0
10026,3_00_0
10028,6_00_0
10029,6_00_0
10030,1_00_0
10031,6_00_0
10032,5_b6_1
10033,3_00_0
10034,3_a9_1
10035,6_00_0
10036,4_00_0
10038,4_00_0
10039,5_b8_1
10040,3_b6_1
10041,3_00_0
10042,1_00_0
10044,3_00_0
10046,6_00_0
10047,1_00_0
10048,2_00_0
10049,3_b3_1
10050,5_00_0
10051,3_00_0
10052,5_a7_2
10053,6_00_0
10054,6_00_0
10055,6_b5_1
10056,4_00_0
10057,3_00_0
10058,5_b8_1
10059,3_00_0
10060,6_00_0
10061,3_00_0
10062,1_00_0
10064,6_a12_1
10065,4_00_0
10066,3_b7_1
10067,3_b8_1
10068,3_00_0
10069,3_00_0
10070,3_a9_2
10071,4_00_0
10072,5_a7_2
10073,6_00_0
10074,6_00_0
10075,6_00_0
10076,4_00_0
10077,3_00_0
10078,1_00_0
10079,4_00_0
10080,3_00_0
10081,1_00_0
10082,3_b8_1
10083,1_00_0
10084,6_a12_2
10085,2_a5_2
10086,3_a9_1
10087,3_b6_1
10088,5_b8_1
10089,3_00_0
10091,2_00_0
10092,4_00_0
10093,6_00_0
10094,3_00_0
10095,5_b8_1
10096,6_00_0
10097,3_00_0
10098,5_a7_2
10099,4_00_0
10100,3_b3_1
10101,1_00_0
10102,6_00_0
10103,3_b6_1
10104,5_a7_2
10105,3_b8_1
10106,2_00_0
10107,6_00_0
10108,3_00_0
10110,3_00_0
10111,3_00_0
10112,4_00_0
10113,3_00_0
10114,6_00_0
10116,4_00_0
10119,6_00_0
10120,2_00_0
10121,1_00_0
10122,4_00_0
10123,6_00_0
10125,6_00_0
10126,3_00_0
10127,1_00_0
10128,1_00_0
10129,2_a5_2
10130,6_00_0
10131,3_b3_1
10132,3_00_0
10133,4_00_0
10134,3_a9_1
10135,2_00_0
10136,4_00_0
10137,4_00_0
10138,4_00_0
10139,6_00_0
10140,6_00_0
10141,5_00_0
10142,5_a7_2
10143,3_00_0
10144,3_00_0
10145,6_a12_2
10146,4_00_0
10147,3_b3_1
10148,6_00_0
10149,6_b5_1
10150,4_00_0
10151,3_a9_1
10152,3_a9_1
10153,5_00_0
10154,1_00_0
10155,1_00_0
10156,6_00_0
10157,3_00_0
10158,1_00_0
10159,3_a9_2
10160,5_b7_1
10161,3_a9_1
10162,3_00_0
10163,3_b3_1
10164,3_00_0
10165,3_00_0
10166,2_a5_2
10167,6_a11_1
10168,3_00_0
10170,3_b7_1
10171,6_00_0
10172,4_00_0
10174,3_00_0
10175,3_00_0
10176,1_00_0
10177,6_00_0
10178,6_00_0
10179,6_00_0
10180,5_b7_1
10181,3_b8_1
10182,2_a5_2
10183,3_a9_2
10184,6_00_0
10185,6_00_0
10186,6_a12_1
10187,1_00_0
10188,4_00_0
10189,4_00_0
10190,3_00_0
10191,3_b6_1
10193,6_00_0
10194,3_b3_1
10195,3_00_0
10196,4_00_0
10197,4_00_0
10198,1_00_0
10200,6_a11_1
10202,5_b7_1
10203,4_00_0
10204,4_00_0
10205,3_b3_1
10206,5_b7_1
10207,6_00_0
10208,3_00_0
10209,3_00_0
10210,4_00_0
10211,6_00_0
10212,1_00_0
10213,4_00_0
10214,4_00_0
10215,3_00_0
10216,3_b6_1
10217,3_00_0
10218,2_00_0
10219,3_00_0
10220,1_00_0
10221,3_a9_2
10222,3_00_0
10223,3_b8_1
10225,3_a9_2
10227,3_00_0
10228,3_a9_2
10229,3_00_0
10230,3_b7_1
10231,6_00_0
10232,1_00_0
10233,3_b7_1
10234,1_00_0
10235,4_00_0
10236,3_00_0
10237,3_a9_2
10239,3_b6_1
10240,2_a5_2
10241,3_00_0
10242,4_00_0
10243,3_a9_2
10244,3_b7_1
10245,1_00_0
10246,3_00_0
10247,3_00_0
10248,3_b7_1
10249,5_00_0
10250,6_00_0
10253,4_00_0
10254,3_00_0
10255,3_00_0
10256,3_a9_1
10257,3_b8_1
10258,3_00_0
10259,3_a9_3
10260,3_00_0
10261,4_00_0
10262,3_b8_1
10264,3_b6_1
10265,5_b7_1
10266,3_a9_2
10267,1_00_0
10268,3_b6_1
10269,5_a7_2
10270,6_00_0
10271,3_a9_1
10272,3_00_0
10273,3_00_0
10275,6_00_0
10276,1_00_0
10277,6_b4_1
10278,6_00_0
10279,2_00_0
10280,3_00_0
10281,3_00_0
10282,3_a9_2
10283,6_a11_1
10284,3_00_0
10285,6_a12_2
10286,3_00_0
10287,4_00_0
10288,3_a9_2
10289,5_b7_1
10290,1_00_0
10291,6_00_0
10292,6_00_0
10293,3_b8_1
10294,3_00_0
10295,1_00_0
10296,6_00_0
10297,3_00_0
10298,6_00_0
10301,4_00_0
10302,1_00_0
10303,1_00_0
10305,5_b8_1
10306,5_b6_1
10307,3_00_0
10308,5_b8_1
10309,3_00_0
10310,6_00_0
10311,1_00_0
10312,3_00_0
10313,1_00_0
10314,1_00_0
10315,4_00_0
10316,3_b6_1
10317,3_00_0
10318,4_00_0
10319,3_00_0
10320,1_00_0
10321,3_00_0
10322,4_00_0
10324,1_00_0
10325,6_b4_1
10326,3_00_0
10327,3_b7_1
10329,4_00_0
10330,4_00_0
10331,5_b8_1
10332,1_00_0
10333,3_b6_1
10334,4_00_0
10335,2_00_0
10336,5_a7_2
10337,1_00_0
10338,3_b3_1
10339,3_00_0
10340,4_00_0
10341,1_00_0
10342,3_b8_1
10343,6_00_0
10344,3_00_0
10346,4_00_0
10347,1_00_0
10349,3_00_0
10350,3_00_0
10351,3_a9_1
10352,3_00_0
10353,3_00_0
10354,3_a9_1
10355,5_00_0
10356,3_b6_1
10357,1_00_0
10358,6_00_0
10359,3_b6_1
10360,4_00_0
10361,1_00_0
10362,3_a9_1
10363,4_00_0
10364,1_00_0
10366,3_00_0
10367,1_00_0
10368,1_00_0
10370,1_00_0
10371,3_00_0
10372,3_b6_1
10373,5_b7_1
10374,6_00_0
10375,3_b7_1
10376,1_00_0
10377,3_00_0
10378,4_00_0
10379,5_b8_1
10380,6_a12_2
10381,3_b3_1
10382,3_a9_2
10383,6_b4_1
10384,5_b6_1
10385,3_b6_1
10386,3_00_0
10387,1_00_0
10388,3_b6_1
10389,4_00_0
10390,3_00_0
10391,2_00_0
10392,4_00_0
10393,3_00_0
10394,4_00_0
10395,1_00_0
10396,6_00_0
10397,6_00_0
10398,6_00_0
10399,3_00_0
10400,3_00_0
10401,3_a9_2
10402,5_00_0
10403,3_00_0
10404,3_b7_1
10405,6_00_0
10406,1_00_0
10407,1_00_0
10408,1_00_0
10409,2_00_0
10410,3_00_0
10411,1_00_0
10412,1_00_0
10413,3_00_0
10414,1_00_0
10415,3_b3_1
10416,6_00_0
10417,3_a9_2
10420,1_00_0
10422,6_00_0
10423,6_00_0
10424,3_a9_1
10425,4_00_0
10426,4_00_0
10427,6_00_0
10428,1_00_0
10429,4_00_0
10430,3_00_0
10431,6_00_0
10432,4_00_0
10433,3_a9_3
10434,5_b7_1
10435,3_b8_1
10436,4_00_0
10437,2_a5_2
10438,6_00_0
10439,1_00_0
10440,6_00_0
10441,5_b6_1
10443,5_b6_1
10444,4_00_0
10445,6_00_0
10446,3_b6_1
10447,3_00_0
10448,3_00_0
10449,3_00_0
10450,3_b6_1
10451,6_00_0
10452,3_00_0
10453,3_b6_1
10454,1_00_0
10455,3_a9_3
10456,1_00_0
10457,4_00_0
10458,3_00_0
10459,3_a9_1
10460,5_b6_1
10461,3_b6_1
10463,6_00_0
10464,2_a5_2
10465,3_a9_1
10466,1_00_0
10467,3_00_0
10468,1_00_0
10469,6_00_0
10470,1_00_0
10471,6_00_0
10472,6_00_0
10473,6_b5_1
10474,3_00_0
10475,6_00_0
10476,2_00_0
10477,6_00_0
10479,3_00_0
10481,3_b7_1
10482,6_00_0
10483,1_00_0
10484,5_00_0
10485,3_b3_1
10486,3_00_0
10487,2_a5_2
10488,6_00_0
10489,3_b6_1
10490,4_00_0
10491,3_b7_1
10492,5_b6_1
10493,4_00_0
10494,1_00_0
10495,4_00_0
10497,6_00_0
10498,6_00_0
10499,4_00_0
10500,1_00_0
10501,3_a9_2
10502,3_00_0
10503,6_00_0
10504,6_00_0
10506,3_00_0
10507,1_00_0
10508,3_00_0
10509,3_00_0
10510,1_00_0
10511,3_b6_1
10512,3_00_0
10514,2_00_0
10515,1_00_0
10516,5_b6_1
10517,3_00_0
10518,3_00_0
10520,6_00_0
10521,1_00_0
10522,1_00_0
10524,4_00_0
10526,3_b6_1
10527,6_00_0
10528,3_00_0
10529,6_00_0
10530,3_00_0
10531,6_00_0
10532,6_00_0
10533,4_00_0
10534,4_00_0
10535,3_00_0
10536,6_00_0
10537,3_a9_2
10538,3_00_0
10539,3_b7_1
10541,6_00_0
10542,3_00_0
10543,5_a7_2
10544,5_b6_1
10545,4_00_0
10547,1_00_0
10548,4_00_0
10550,4_00_0
10551,1_00_0
10552,3_00_0
10553,4_00_0
10554,3_00_0
10555,3_b3_1
10556,6_00_0
10557,6_00_0
10558,5_b6_1
10559,1_00_0
10560,1_00_0
10561,3_b7_1
10562,5_b8_1
10563,3_a9_1
10564,3_a9_1
10565,3_00_0
10566,3_00_0
10567,4_00_0
10568,4_00_0
10569,6_00_0
10570,3_a9_1
10571,4_00_0
10572,3_00_0
10573,3_00_0
10574,6_00_0
10575,1_00_0
10576,3_00_0
10577,3_b6_1
10578,5_b6_1
10579,5_b7_1
10580,1_00_0
10581,3_00_0
10582,4_00_0
10583,3_00_0
10584,6_00_0
10585,6_00_0
10586,3_a9_2
10587,3_b6_1
10588,5_b7_1
10589,3_00_0
10590,6_00_0
10591,1_00_0
10592,4_00_0
10593,4_00_0
10594,5_b6_1
10595,1_00_0
10596,3_00_0
10597,3_b8_1
10598,4_00_0
10599,1_00_0
10600,6_00_0
10602,4_00_0
10603,5_b7_1
10604,5_00_0
10605,3_00_0
10606,3_00_0
10607,6_00_0
10608,3_00_0
10609,4_00_0
10610,2_00_0
10611,1_00_0
10613,1_00_0
10614,6_00_0
10615,6_00_0
10616,1_00_0
10617,6_00_0
10618,4_00_0
10619,4_00_0
10620,4_00_0
10621,6_a12_2
10622,3_00_0
10623,3_00_0
10624,5_b7_1
10625,4_00_0
10626,5_b8_1
10627,5_b8_1
10628,1_00_0
10629,4_00_0
10630,6_00_0
10631,3_a9_1
10632,3_b6_1
10633,6_a11_1
10634,3_00_0
10636,3_b7_1
10637,3_b3_1
10638,1_00_0
10639,3_b7_1
10640,1_00_0
10641,1_00_0
10642,1_00_0
10643,3_a9_1
10644,3_a9_1
10645,4_00_0
10646,3_00_0
10647,3_00_0
10648,4_00_0
10650,2_a5_2
10651,4_00_0
10654,3_00_0
10655,3_a9_1
10656,3_b6_1
10657,4_00_0
10658,6_00_0
10659,5_a7_2
10660,5_b7_1
10661,5_b6_1
10662,4_00_0
10663,3_00_0
10664,6_00_0
10665,1_00_0
10666,1_00_0
10667,4_00_0
10668,3_00_0
10669,5_b8_1
10670,6_00_0
10671,2_a5_2
10672,4_00_0
10673,5_b6_1
10674,3_00_0
10675,3_b8_1
10676,2_00_0
10678,3_00_0
10679,4_00_0
10680,6_00_0
10681,4_00_0
10683,4_00_0
10684,4_00_0
10685,2_a5_2
10686,1_00_0
10687,3_b8_1
10688,1_00_0
10689,2_a5_2
10690,3_b8_1
10691,4_00_0
10692,4_00_0
10694,6_00_0
10695,6_00_0
10696,5_b6_1
10697,3_a9_1
10698,4_00_0
10699,5_a7_2
10700,3_00_0
10701,3_b3_1
10702,3_00_0
10703,4_00_0
10704,3_a9_2
10705,3_00_0
10707,3_b7_1
10708,3_a9_2
10709,4_00_0
10710,4_00_0
10711,6_a11_1
10712,4_00_0
10713,6_00_0
10714,3_b8_1
10715,5_b7_1
10716,3_00_0
10717,1_00_0
10718,4_00_0
10719,1_00_0
10720,1_00_0
10722,1_00_0
10723,3_00_0
10724,3_00_0
10725,6_00_0
10726,6_00_0
10727,1_00_0
10728,6_00_0
10729,4_00_0
10730,1_00_0
10731,3_00_0
10732,3_00_0
10734,2_a5_2
10735,3_00_0
10736,4_00_0
10737,3_b6_1
10739,1_00_0
10740,6_00_0
10741,3_b3_1
10742,4_00_0
10743,3_00_0
10744,1_00_0
10745,4_00_0
10746,3_a9_1
10747,1_00_0
10748,3_00_0
10749,2_a5_2
10750,4_00_0
10751,2_a5_2
10752,3_00_0
10753,3_00_0
10754,3_00_0
10755,4_00_0
10756,4_00_0
10757,6_00_0
10758,3_b7_1
10759,6_00_0
10760,3_00_0
10761,1_00_0
10762,1_00_0
10763,2_a5_2
10765,2_a5_2
10766,3_00_0
10767,3_b6_1
10768,6_a11_1
10769,3_b7_1
10770,3_00_0
10771,3_b3_1
10772,3_00_0
10773,4_00_0
10774,3_b3_1
10775,5_b6_1
10776,5_00_0
10777,5_a7_2
10778,6_00_0
10779,2_00_0
10780,6_00_0
10781,6_00_0
10782,3_b6_1
10783,3_00_0
10784,5_b6_1
10785,2_a5_2
10786,3_00_0
10787,6_00_0
10788,3_00_0
10789,4_00_0
10790,3_00_0
10791,1_00_0
10792,3_00_0
10793,3_b6_1
10794,3_a9_1
10795,3_b6_1
10796,5_b6_1
10797,1_00_0
10798,1_00_0
10799,3_00_0
10800,1_00_0
10801,3_00_0
10802,4_00_0
10803,4_00_0
10804,4_00_0
10805,2_a5_2
10806,3_b6_1
10807,4_00_0
10808,6_a11_2
10809,2_a5_2
10810,3_00_0
10811,4_00_0
10812,3_00_0
10814,6_00_0
10815,6_00_0
10816,3_b6_1
10818,3_00_0
10819,2_a5_2
10820,2_a5_2
10821,6_a12_2
10822,4_00_0
10823,3_00_0
10824,6_00_0
10825,1_00_0
10827,3_00_0
10829,1_00_0
10830,1_00_0
10831,3_00_0
10832,6_00_0
10833,3_00_0
10835,3_b6_1
10836,5_00_0
10837,3_00_0
10838,3_00_0
10839,1_00_0
10840,3_00_0
10841,3_00_0
10842,4_00_0
10843,5_b6_1
10844,2_00_0
10845,5_b8_1
10846,6_a11_1
10848,4_00_0
10849,1_00_0
10852,4_00_0
10853,3_b6_1
10854,1_00_0
10855,6_00_0
10856,3_00_0
10857,2_a5_2
10859,3_b6_1
10860,6_00_0
10861,4_00_0
10863,4_00_0
10865,1_00_0
10866,4_00_0
10867,5_00_0
10868,3_00_0
10869,4_00_0
10870,5_00_0
10871,4_00_0
10872,1_00_0
10873,3_00_0
10874,1_00_0
10875,2_00_0
10876,6_00_0
10877,6_00_0
10878,6_00_0
10881,6_00_0
10883,1_00_0
10884,3_a9_2
10885,2_a5_2
10886,6_00_0
10887,1_00_0
10888,4_00_0
10889,6_a12_2
10890,3_00_0
10891,1_00_0
10892,1_00_0
10893,5_b7_1
10894,6_00_0
10895,3_a9_2
10896,4_00_0
10897,3_b3_1
10898,1_00_0
10899,3_00_0
10900,3_00_0
10901,3_00_0
10902,3_a9_2
10903,3_a9_1
10904,1_00_0
10905,3_b6_1
10906,3_00_0
10907,3_00_0
10909,6_00_0
10910,3_b6_1
10911,3_00_0
10912,5_b6_1
10913,4_00_0
10914,1_00_0
10915,3_00_0
10916,6_00_0
10917,3_a9_2
10918,4_00_0
10919,3_00_0
10920,4_00_0
10921,4_00_0
10923,6_00_0
10924,3_00_0
10926,4_00_0
10928,3_b6_1
10929,6_a11_1
10930,3_00_0
10931,3_00_0
10932,3_00_0
10933,2_a5_2
10934,4_00_0
10935,1_00_0
10936,4_00_0
10937,3_00_0
10938,3_a9_2
10939,1_00_0
10940,5_b8_1
10941,1_00_0
10942,6_00_0
10943,3_00_0
10944,4_00_0
10946,3_00_0
10947,1_00_0
10948,3_00_0
10949,1_00_0
10951,4_00_0
10952,4_00_0
10953,4_00_0
10954,1_00_0
10955,3_b7_1
10956,3_00_0
10957,4_00_0
10958,4_00_0
10959,3_b8_1
10960,3_00_0
10961,6_00_0
10962,4_00_0
10963,6_a12_2
10964,3_00_0
10965,3_00_0
10966,6_00_0
10967,6_00_0
10968,6_00_0
10969,3_00_0
10971,3_00_0
10972,1_00_0
10973,4_00_0
10974,1_00_0
10975,3_b7_1
10976,3_00_0
10977,5_00_0
10978,6_00_0
10979,6_00_0
10980,4_00_0
10981,6_00_0
10982,5_b8_1
10984,3_00_0
10985,1_00_0
10986,4_00_0
10987,4_00_0
10988,5_b7_1
10989,1_00_0
10990,4_00_0
10992,4_00_0
10993,4_00_0
10994,1_00_0
10995,1_00_0
10996,1_00_0
10998,2_a5_2
10999,3_00_0
11000,3_b7_1
11001,6_00_0
11002,1_00_0
11004,3_b7_1
11005,4_00_0
11006,5_b8_1
11007,3_00_0
11008,3_00_0
11009,5_b6_1
11010,3_00_0
11011,3_00_0
11012,5_b8_1
11013,4_00_0
11014,3_00_0
11015,5_a7_2
11016,3_a9_1
11017,1_00_0
11018,3_a9_2
11019,3_b7_1
11020,3_00_0
11021,4_00_0
11022,4_00_0
11023,4_00_0
11024,4_00_0
11025,1_00_0
11026,3_00_0
11027,2_00_0
11028,6_00_0
11029,3_b6_1
11030,3_00_0
11031,6_00_0
11032,4_00_0
11033,3_00_0
11034,4_00_0
11035,3_b7_1
11036,3_b8_1
11037,6_00_0
11038,3_00_0
11039,1_00_0
11041,3_00_0
11042,1_00_0
11043,1_00_0
11044,3_00_0
11046,6_00_0
11047,3_b7_1
11048,1_00_0
11049,1_00_0
11051,1_00_0
11052,6_00_0
11053,3_00_0
11054,2_00_0
11055,5_b6_1
11056,3_00_0
11057,3_a9_1
11059,3_b6_1
11060,3_00_0
11061,2_a5_2
11062,4_00_0
11063,5_a7_2
11064,1_00_0
11065,1_00_0
11066,4_00_0
11067,1_00_0
11068,3_00_0
11069,6_a12_2
11070,3_00_0
11071,3_b8_1
11072,3_00_0
11073,4_00_0
11074,3_b8_1
11075,1_00_0
11076,3_00_0
11077,6_00_0
11078,3_00_0
11079,4_00_0
11080,1_00_0
11081,1_00_0
11082,6_00_0
11083,3_b7_1
11084,3_a9_1
11085,5_b8_1
11086,5_b7_1
11088,6_00_0
11089,4_00_0
11090,4_00_0
11091,1_00_0
11092,5_a7_2
11093,3_00_0
11094,3_00_0
11095,3_a9_2
11096,2_a5_2
11097,4_00_0
11098,4_00_0
11099,6_00_0
11100,3_00_0
11101,6_00_0
11102,6_00_0
11103,6_00_0
11104,3_b6_1
11105,3_00_0
11106,1_00_0
11108,3_00_0
11109,3_00_0
11110,5_a7_2
11111,5_b6_1
11112,3_00_0
11113,1_00_0
11114,2_a5_2
11115,4_00_0
11116,3_00_0
11117,3_a9_2
11118,1_00_0
11120,6_00_0
11121,5_a7_2
11123,3_00_0
11124,3_a9_2
11125,3_b3_1
11126,1_00_0
11127,3_a9_2
11128,1_00_0
11129,3_b8_1
11130,3_b8_1
11131,6_00_0
11132,3_00_0
11133,5_b8_1
11135,1_00_0
11136,4_00_0
11137,6_00_0
11139,4_00_0
11140,3_b7_1
11141,6_00_0
11142,3_00_0
11143,4_00_0
11144,6_00_0
11145,6_00_0
11146,1_00_0
11147,1_00_0
11151,3_00_0
11152,3_00_0
11153,3_00_0
11154,5_b8_1
11155,3_00_0
11156,1_00_0
11157,6_00_0
11158,3_b7_1
11160,1_00_0
11161,6_00_0
11162,1_00_0
11163,1_00_0
11164,6_00_0
11166,3_00_0
11167,4_00_0
11168,2_a5_2
11169,1_00_0
11170,1_00_0
11171,4_00_0
11172,6_00_0
11173,3_b7_1
11174,2_a5_2
11175,4_00_0
11176,4_00_0
11177,6_b4_1
11178,3_b7_1
11180,1_00_0
11181,1_00_0
11182,3_00_0
11183,4_00_0
11184,3_b3_1
11185,3_00_0
11186,3_b6_1
11187,3_b6_1
11188,3_b3_1
11189,4_00_0
11190,3_a9_1
11191,4_00_0
11192,5_00_0
11194,1_00_0
11195,6_00_0
11196,1_00_0
11197,3_b7_1
11199,1_00_0
11200,3_00_0
11201,1_00_0
11202,6_00_0
11203,4_00_0
11204,3_00_0
11205,4_00_0
11206,1_00_0
11207,3_00_0
11208,2_a5_2
11209,3_00_0
11210,3_b8_1
11211,2_a5_2
11212,4_00_0
11213,3_00_0
11214,6_00_0
11215,2_a5_2
11216,1_00_0
11217,3_00_0
11218,4_00_0
11219,4_00_0
11220,1_00_0
11222,3_00_0
11223,3_00_0
11224,4_00_0
11226,1_00_0
11227,2_a5_2
11228,3_00_0
11229,3_b3_1
11230,2_00_0
11232,1_00_0
11234,6_00_0
11235,3_00_0
11236,5_b8_1
11237,6_00_0
11238,1_00_0
11239,3_00_0
11240,5_b8_1
11241,6_00_0
11243,3_b8_1
11244,1_00_0
11245,4_00_0
11246,1_00_0
11247,1_00_0
11248,6_a12_2
11249,2_a5_2
11250,4_00_0
11251,1_00_0
11252,4_00_0
11253,5_b8_1
11254,1_00_0
11255,6_00_0
11256,4_00_0
11257,3_00_0
11258,4_00_0
11259,1_00_0
11260,3_b7_1
11262,5_00_0
11263,3_00_0
11264,5_b8_1
11265,4_00_0
11266,3_b6_1
11267,6_00_0
11268,3_00_0
11269,6_b4_1
11270,3_00_0
11271,1_00_0
11272,3_00_0
11273,1_00_0
11274,3_00_0
11275,2_a5_2
11276,1_00_0
11277,3_00_0
11278,6_00_0
11279,6_a11_1
11280,4_00_0
11281,3_b6_1
11282,3_a9_2
11283,3_00_0
11284,4_00_0
11285,3_b7_1
11286,4_00_0
11287,3_00_0
11288,5_b8_1
11289,4_00_0
11290,3_00_0
11291,1_00_0
11293,5_a7_2
11294,4_00_0
11296,6_00_0
11297,3_00_0
11298,1_00_0
11299,3_b6_1
11300,4_00_0
11301,5_00_0
11302,1_00_0
11303,5_b6_1
11304,2_a5_2
11305,3_00_0
11306,4_00_0
11307,6_00_0
11308,3_00_0
11309,5_b8_1
11310,3_00_0
11311,1_00_0
11312,1_00_0
11313,6_00_0
11315,5_b6_1
11316,3_00_0
11317,1_00_0
11318,4_00_0
11319,6_a12_2
11320,1_00_0
11322,4_00_0
11323,5_b8_1
11324,6_00_0
11325,6_00_0
11326,6_00_0
11327,2_a5_2
11328,3_00_0
11329,5_b7_1
11330,3_00_0
11331,1_00_0
11332,3_b6_1
11334,2_00_0
11336,4_00_0
11337,3_00_0
11338,3_00_0
11339,3_b6_1
11340,3_b7_1
11341,3_00_0
11342,5_00_0
11343,1_00_0
11344,4_00_0
11345,3_a9_1
11347,1_00_0
11348,5_b6_1
11349,1_00_0
11351,3_a9_2
11352,5_b6_1
11353,3_00_0
11354,4_00_0
11355,3_b7_1
11356,6_00_0
11357,3_b7_1
11359,3_a9_1
11360,5_b7_1
11361,4_00_0
11362,3_00_0
11363,4_00_0
11365,3_a9_1
11366,1_00_0
11367,3_a9_2
11368,4_00_0
11369,5_a7_2
11370,4_00_0
11371,4_00_0
11372,6_00_0
11373,4_00_0
11374,6_a11_2
11375,6_00_0
11376,5_b8_1
11377,5_b6_1
11378,5_a7_2
11379,5_a7_2
11380,6_00_0
11381,1_00_0
11382,5_b6_1
11383,5_b7_1
11384,3_00_0
11385,4_00_0
11386,3_00_0
11387,3_b3_1
11388,3_00_0
11389,3_b7_1
11390,4_00_0
11391,1_00_0
11392,4_00_0
11393,1_00_0
11394,3_00_0
11395,4_00_0
11396,5_b7_1
11397,5_b7_1
11398,5_b6_1
11399,4_00_0
11401,3_00_0
11404,3_00_0
11405,3_00_0
11406,6_00_0
11408,3_b6_1
11410,3_b3_1
11411,6_00_0
11412,4_00_0
11413,1_00_0
11414,3_00_0
11415,3_00_0
11416,4_00_0
11417,5_a7_2
11418,5_a7_2
11419,4_00_0
11420,2_00_0
11421,3_b6_1
11422,1_00_0
11423,4_00_0
11424,4_00_0
11425,6_a12_2
11426,1_00_0
11427,3_00_0
11428,3_b8_1
11429,1_00_0
11430,1_00_0
11431,4_00_0
11432,1_00_0
11433,4_00_0
11434,6_00_0
11435,1_00_0
11436,3_00_0
11437,1_00_0
11439,1_00_0
11440,4_00_0
11441,4_00_0
11442,6_00_0
11444,1_00_0
11445,1_00_0
11446,6_b4_3
11447,5_b6_1
11448,5_b7_1
11450,3_a9_2
11451,4_00_0
11452,5_b8_1
11453,3_00_0
11454,1_00_0
11455,6_a12_2
11456,3_a9_2
11457,5_b7_1
11458,3_00_0
11459,3_b7_1
11460,3_b3_1
11461,6_a11_1
11462,5_00_0
11463,4_00_0
11464,1_00_0
11465,6_00_0
11466,3_b3_1
11467,3_00_0
11468,1_00_0
11469,4_00_0
11471,4_00_0
11472,3_00_0
11473,1_00_0
11474,3_00_0
11475,6_00_0
11476,6_00_0
11477,5_a7_2
11478,3_b8_1
11479,5_00_0
11480,3_00_0
11481,1_00_0
11483,3_a9_2
11484,3_00_0
11486,3_00_0
11487,5_b7_1
11488,6_00_0
11489,4_00_0
11490,6_b4_1
11491,3_00_0
11493,6_00_0
11494,6_00_0
11495,4_00_0
11496,3_a9_2
11499,4_00_0
11500,1_00_0
11501,6_00_0
11502,6_00_0
11503,1_00_0
11504,5_b7_1
11505,6_00_0
11506,1_00_0
11507,3_00_0
11508,3_b3_1
11509,3_b3_1
11510,3_a9_2
11511,5_b7_1
11512,4_00_0
11513,3_00_0
11514,1_00_0
11515,1_00_0
11516,3_00_0
11517,4_00_0
11518,3_a9_1
11519,4_00_0
11520,3_b3_1
11521,2_a5_2
11522,1_00_0
11524,1_00_0
11525,5_a7_2
11527,6_a12_1
11528,1_00_0
11529,1_00_0
11530,4_00_0
11531,2_a5_2
11532,3_00_0
11534,5_b7_1
11535,1_00_0
11536,3_a9_1
11538,3_b6_1
11539,6_a11_1
11540,3_00_0
11541,3_a9_1
11543,3_a9_2
11544,5_b8_1
11545,1_00_0
11547,3_a9_1
11548,6_00_0
11549,4_00_0
11550,1_00_0
11551,3_a9_2
11552,6_a11_1
11553,3_b8_1
11554,6_00_0
11555,2_00_0
11557,6_00_0
11559,3_b7_1
11560,5_b6_1
11561,5_a7_2
11562,3_b6_1
11563,3_00_0
11564,6_00_0
11565,5_b8_1
11566,6_00_0
11567,6_00_0
11569,5_b6_1
11570,4_00_0
11571,3_00_0
11572,3_00_0
11573,3_00_0
11574,1_00_0
11575,6_00_0
11576,4_00_0
11577,6_00_0
11578,3_b6_1
11579,4_00_0
11580,3_b6_1
11581,3_00_0
11582,4_00_0
11583,5_b7_1
11584,5_b8_1
11585,1_00_0
11586,1_00_0
11587,3_00_0
11588,3_b7_1
11589,3_b3_1
11590,6_00_0
11591,6_00_0
11592,1_00_0
11593,4_00_0
11594,6_00_0
11595,1_00_0
11597,4_00_0
11598,1_00_0
11599,3_00_0
11600,3_00_0
11601,3_00_0
11602,3_00_0
11603,3_b7_1
11604,5_a7_2
11605,3_00_0
11606,2_a5_2
11607,6_00_0
11608,6_00_0
11609,2_a5_2
11610,4_00_0
11611,4_00_0
11612,3_00_0
11613,6_00_0
11614,4_00_0
11615,4_00_0
11616,1_00_0
11617,3_00_0
11619,6_00_0
11620,4_00_0
11621,3_b6_1
11623,3_00_0
11624,3_a9_2
11625,3_00_0
11626,5_a7_2
11627,3_a9_1
11628,6_00_0
11629,6_00_0
11630,1_00_0
11631,3_00_0
11632,3_00_0
11633,3_00_0
11634,4_00_0
11635,5_b8_1
11636,2_00_0
11637,1_00_0
11638,6_00_0
11640,3_b3_1
11641,2_a5_2
11642,5_b7_1
11643,3_00_0
11645,3_00_0
11646,3_00_0
11647,5_00_0
11649,2_a5_2
11650,1_00_0
11651,6_00_0
11652,4_00_0
11653,6_00_0
11654,6_a12_2
11656,6_00_0
11657,3_00_0
11658,1_00_0
11659,3_b3_1
11660,6_00_0
11661,6_00_0
11662,3_00_0
11663,3_00_0
11665,3_a9_1
11666,1_00_0
11667,4_00_0
11668,3_00_0
11669,6_00_0
11670,3_00_0
11671,4_00_0
11672,3_a9_1
11674,6_00_0
11675,5_b7_1
11676,6_00_0
11677,6_00_0
11678,4_00_0
11679,6_00_0
11680,4_00_0
11681,5_a7_2
11682,3_b6_1
11683,3_b3_1
11684,1_00_0
11685,1_00_0
11686,3_00_0
11687,1_00_0
11688,1_00_0
11689,6_00_0
11690,6_00_0
11691,6_b4_3
11692,3_b6_1
11693,6_00_0
11694,6_00_0
11695,3_00_0
11696,4_00_0
11697,3_00_0
11698,3_b6_1
11699,3_00_0
11700,3_b8_1
11701,1_00_0
11702,3_00_0
11703,3_00_0
11704,5_b6_1
11705,6_00_0
11706,4_00_0
11707,3_a9_1
11708,6_00_0
11709,4_00_0
11710,5_b6_1
11711,6_00_0
11712,1_00_0
11713,3_b3_1
11714,5_b6_1
11716,1_00_0
11717,3_00_0
11718,6_00_0
11719,3_00_0
11720,5_a7_2
11721,3_b6_1
11722,1_00_0
11723,3_00_0
11725,3_a9_1
11726,4_00_0
11727,4_00_0
11728,5_b8_1
11729,6_00_0
11730,4_00_0
11731,2_00_0
11732,5_b8_1
11733,4_00_0
11734,5_b6_1
11735,1_00_0
11736,3_00_0
11737,1_00_0
11739,3_00_0
11741,4_00_0
11742,2_a5_2
11743,3_b6_1
11745,3_b6_1
11746,3_00_0
11747,3_a9_2
11748,3_00_0
11749,5_b6_1
11750,6_00_0
11751,1_00_0
11752,5_b7_1
11753,3_00_0
11754,1_00_0
11755,1_00_0
11756,3_b7_1
11757,5_b6_1
11758,6_00_0
11760,6_00_0
11761,1_00_0
11762,4_00_0
11763,4_00_0
11764,3_00_0
11765,4_00_0
11767,3_00_0
11769,1_00_0
11771,6_00_0
11772,6_00_0
11774,4_00_0
11775,3_00_0
11776,3_b6_1
11778,6_00_0
11779,6_00_0
11780,4_00_0
11781,3_00_0
11782,6_00_0
11783,3_00_0
11784,4_00_0
11786,6_00_0
11787,3_00_0
11788,3_00_0
11789,3_b3_1
11790,3_b6_1
11791,4_00_0
11792,6_00_0
11793,3_00_0
11794,4_00_0
11795,3_b3_1
11796,3_b7_1
11797,3_00_0
11799,5_b7_1
11800,4_00_0
11801,1_00_0
11802,3_00_0
11803,1_00_0
11805,3_00_0
11806,1_00_0
11807,3_00_0
11808,3_00_0
11809,6_00_0
11810,3_00_0
11812,6_00_0
11813,3_00_0
11814,3_00_0
11815,1_00_0
11816,6_00_0
11817,4_00_0
11818,3_00_0
11819,1_00_0
11820,2_00_0
11821,5_b8_1
11822,3_00_0
11823,3_00_0
11824,2_00_0
11825,3_00_0
11826,3_00_0
11827,5_b8_1
11828,5_b7_1
11829,6_00_0
11830,3_00_0
11831,6_a11_1
11832,6_00_0
11833,3_b3_1
11834,4_00_0
11835,5_b6_1
11836,5_b7_1
11837,5_00_0
11838,5_a7_2
11839,2_00_0
11840,3_a9_2
11841,4_00_0
11842,4_00_0
11843,3_b3_1
11844,5_00_0
11845,3_00_0
11846,3_00_0
11847,3_00_0
11848,3_00_0
11849,2_00_0
11850,6_00_0
11851,4_00_0
11852,4_00_0
11853,5_b8_1
11854,6_00_0
11855,1_00_0
11856,3_b8_1
11857,3_b6_1
11858,3_00_0
11859,1_00_0
11861,4_00_0
11862,3_00_0
11863,6_00_0
11865,6_00_0
11866,3_b6_1
11867,3_a9_2
11868,3_a9_1
11869,3_00_0
11870,1_00_0
11871,5_b7_1
11872,5_b7_1
11873,6_00_0
11874,4_00_0
11875,4_00_0
11876,3_00_0
11877,3_00_0
11878,3_00_0
11879,3_00_0
11880,6_00_0
11881,2_a5_2
11882,3_b6_1
11884,3_00_0
11885,3_00_0
11887,3_a9_1
11888,6_00_0
11889,3_a9_1
11890,1_00_0
11891,3_00_0
11892,4_00_0
11893,6_00_0
11894,3_00_0
11896,6_00_0
11897,3_00_0
11898,6_00_0
11899,6_00_0
11900,3_b6_1
11901,6_00_0
11902,3_00_0
11903,2_a5_2
11904,3_00_0
11905,4_00_0
11906,4_00_0
11907,2_00_0
11908,1_00_0
11909,6_00_0
11910,1_00_0
11911,1_00_0
11912,3_00_0
11913,1_00_0
11914,1_00_0
11915,3_b3_1
11916,6_00_0
11917,3_b6_1
11918,1_00_0
11919,3_b8_1
11920,4_00_0
11922,1_00_0
11923,4_00_0
11924,4_00_0
11925,3_00_0
11926,6_00_0
11927,3_00_0
11928,1_00_0
11929,3_00_0
11930,1_00_0
11932,4_00_0
11933,5_b7_1
11934,6_00_0
11935,3_00_0
11937,3_00_0
11938,6_00_0
11939,3_a9_2
11940,1_00_0
11941,1_00_0
11944,3_00_0
11946,1_00_0
11947,6_00_0
11948,4_00_0
11949,6_00_0
11950,5_b6_1
11952,1_00_0
11953,3_a9_2
11954,3_a9_2
11955,6_00_0
11956,3_00_0
11957,5_b6_1
11958,5_00_0
11959,5_b6_1
11960,3_00_0
11961,5_a7_2
11962,1_00_0
11963,5_b7_1
11964,4_00_0
11965,4_00_0
11966,1_00_0
11967,2_00_0
11968,5_b8_1
11969,6_00_0
11970,6_00_0
11971,3_b3_1
11972,6_00_0
11973,5_00_0
11974,5_b7_1
11975,4_00_0
11976,3_00_0
11979,6_00_0
11980,3_00_0
11981,4_00_0
11982,4_00_0
11983,1_00_0
11984,1_00_0
11985,6_00_0
11986,4_00_0
11987,2_a5_2
11988,3_b8_1
11989,3_00_0
11991,3_b6_1
11992,6_00_0
11993,6_00_0
11994,4_00_0
11996,4_00_0
11998,1_00_0
11999,1_00_0
12000,3_00_0
12001,1_00_0
12002,3_00_0
12003,6_00_0
12004,2_00_0
12005,1_00_0
12006,4_00_0
12007,6_00_0
12008,4_00_0
12009,4_00_0
12011,5_b6_1
12012,3_b3_1
12013,5_b7_1
12014,3_b6_1
12015,3_b8_1
12016,3_00_0
12017,4_00_0
12018,3_00_0
12019,6_00_0
12020,5_a7_2
12021,1_00_0
12022,1_00_0
12023,5_b7_1
12024,3_a9_2
12025,3_b7_1
12026,4_00_0
12027,3_a9_1
12028,1_00_0
12029,5_a7_2
12030,1_00_0
12031,3_00_0
12032,3_00_0
12033,4_00_0
12034,2_a5_2
12035,4_00_0
12036,3_b7_1
12037,3_00_0
12038,4_00_0
12039,3_00_0
12040,6_a12_1
12041,6_00_0
12042,5_a7_2
12043,1_00_0
12044,3_00_0
12046,3_b7_1
12047,4_00_0
12048,2_a5_2
12049,3_00_0
12050,3_b3_1
12051,3_00_0
12052,6_00_0
12053,6_a11_1
12056,4_00_0
12057,4_00_0
12058,6_00_0
12059,3_b3_1
12060,4_00_0
12061,6_00_0
12062,3_00_0
12064,6_00_0
12065,5_a7_2
12066,3_a9_2
12067,3_a9_1
12068,3_a9_1
12069,3_a9_2
12070,6_00_0
12072,1_00_0
12073,3_b7_1
12074,3_00_0
12075,3_a9_2
12076,4_00_0
12077,5_a7_2
12078,6_00_0
12079,4_00_0
12080,4_00_0
12081,6_00_0
12082,3_00_0
12083,2_00_0
12084,4_00_0
12086,3_b7_1
12087,3_00_0
12088,3_00_0
12089,4_00_0
12090,6_00_0
12091,3_a9_1
12092,4_00_0
12093,5_b7_1
12094,2_a5_2
12095,1_00_0
12096,3_b3_1
12097,1_00_0
12098,4_00_0
12099,4_00_0
12100,5_b7_1
12101,5_00_0
12102,3_00_0
12103,1_00_0
12104,3_00_0
12105,6_00_0
12106,3_00_0
12107,3_b3_1
12108,3_00_0
12109,5_b7_1
12110,3_00_0
12111,6_00_0
12112,6_a11_1
12113,6_00_0
12114,6_00_0
12115,6_00_0
12116,3_b7_1
12117,5_b7_1
12118,4_00_0
12119,4_00_0
12120,3_00_0
12121,6_00_0
12122,1_00_0
12123,6_00_0
12124,3_00_0
12125,3_00_0
12126,6_00_0
12127,3_00_0
12128,4_00_0
12129,5_b8_1
12130,2_00_0
12131,4_00_0
12132,4_00_0
12133,3_b6_1
12134,4_00_0
12135,3_b6_1
12137,3_00_0
12138,3_b7_1
12139,3_00_0
12140,5_b8_1
12141,3_00_0
12142,3_00_0
12143,3_00_0
12144,3_b6_1
12145,3_00_0
12146,5_b8_1
12147,6_00_0
12149,6_00_0
12150,3_a9_2
12151,5_b6_1
12153,3_b6_1
12154,3_b6_1
12155,3_b7_1
12156,4_00_0
12157,6_00_0
12159,2_00_0
12160,3_a9_1
12161,4_00_0
12162,4_00_0
12163,5_a7_2
12165,3_00_0
12166,5_b8_1
12167,6_a12_2
12168,4_00_0
12169,6_00_0
12170,6_00_0
12171,2_a5_2
12172,6_00_0
12174,3_a9_1
12175,3_a9_2
12176,6_00_0
12177,3_b8_1
12178,3_00_0
12180,1_00_0
12181,3_00_0
12182,4_00_0
12183,1_00_0
12184,6_00_0
12186,4_00_0
12187,6_00_0
12188,3_a9_1
12189,3_00_0
12191,5_b6_1
12192,3_b6_1
12193,3_00_0
12194,5_b6_1
12195,3_b6_1
12196,3_00_0
12198,5_00_0
12199,3_00_0
12200,6_00_0
12201,6_00_0
12202,3_00_0
12204,5_b8_1
12206,6_00_0
12207,3_b8_1
12208,3_b8_1
12209,3_00_0
12210,5_00_0
12211,3_00_0
12212,5_b6_1
12213,3_b7_1
12215,5_b7_1
12216,3_a9_2
12218,3_a9_1
12219,3_00_0
12220,6_00_0
12221,2_a5_2
12222,5_b8_1
12223,4_00_0
12224,5_b6_1
12226,1_00_0
12227,4_00_0
12228,3_a9_1
12229,3_00_0
12230,4_00_0
12233,4_00_0
12234,4_00_0
12235,3_00_0
12236,3_b3_1
12237,1_00_0
12238,1_00_0
12241,3_00_0
12242,3_00_0
12243,5_00_0
12244,2_a5_2
12245,3_00_0
12246,3_00_0
12247,4_00_0
12248,5_b7_1
12249,4_00_0
12250,6_00_0
12251,1_00_0
12252,6_00_0
12254,4_00_0
12255,5_b6_1
12257,1_00_0
12259,3_b3_1
12260,6_00_0
12261,3_00_0
12262,4_00_0
12263,1_00_0
12264,3_b6_1
12265,4_00_0
12266,3_a9_1
12267,5_b6_1
12268,3_00_0
12269,5_a7_2
12270,3_00_0
12271,6_00_0
12272,5_b6_1
12273,2_00_0
12274,6_00_0
12275,3_00_0
12277,5_b8_1
12278,3_b8_1
12279,3_b7_1
12280,3_00_0
12281,4_00_0
12282,1_00_0
12284,1_00_0
12286,3_b8_1
12287,6_00_0
12288,3_00_0
12289,3_00_0
12291,3_00_0
12292,4_00_0
12293,3_00_0
12295,6_00_0
12296,1_00_0
12297,3_a9_2
12298,3_b3_1
12300,3_a9_3
12301,3_00_0
12302,3_00_0
12303,4_00_0
12304,6_00_0
12305,4_00_0
12306,4_00_0
12307,6_a12_1
12308,3_00_0
12309,1_00_0
12311,5_b6_1
12312,2_00_0
12313,6_00_0
12314,6_00_0
12315,1_00_0
12316,1_00_0
12317,5_b6_1
12318,3_b3_1
12319,3_00_0
12320,3_00_0
12321,5_a7_2
12322,6_00_0
12323,3_00_0
12324,2_00_0
12325,3_00_0
12326,3_00_0
12327,1_00_0
12328,4_00_0
12329,2_a5_2
12330,6_00_0
12331,4_00_0
12332,3_a9_2
12333,5_b8_1
12334,3_a9_1
12335,3_00_0
12336,5_b7_1
12337,6_00_0
12338,6_00_0
12339,3_00_0
12340,3_00_0
12341,3_b7_1
12342,4_00_0
12343,4_00_0
12345,1_00_0
12346,5_00_0
12347,4_00_0
12349,3_a9_2
12350,3_00_0
12351,6_00_0
12352,3_b6_1
12353,3_b6_1
12354,4_00_0
12355,3_00_0
12358,1_00_0
12359,3_00_0
12360,3_a9_2
12362,1_00_0
12363,1_00_0
12364,5_b6_1
12365,3_00_0
12366,3_00_0
12367,6_00_0
12368,5_b8_1
12369,3_b3_1
12370,3_00_0
12371,6_a12_2
12372,3_00_0
12373,6_b4_3
12374,5_b7_1
12375,4_00_0
12376,6_00_0
12377,1_00_0
12378,3_00_0
12379,2_a5_2
12380,1_00_0
12381,3_00_0
12382,3_00_0
12383,3_00_0
12384,6_a11_1
12385,3_00_0
12386,2_a5_2
12387,1_00_0
12388,3_00_0
12390,4_00_0
12391,6_00_0
12392,4_00_0
12393,3_00_0
12394,1_00_0
12395,6_00_0
12396,5_b7_1
12397,1_00_0
12398,3_00_0
12399,3_b6_1
12400,6_a11_2
12401,1_00_0
12402,2_a5_2
12403,6_00_0
12404,4_00_0
12405,4_00_0
12406,6_00_0
12407,5_b8_1
12408,3_b8_1
12409,3_a9_2
12410,4_00_0
12411,6_00_0
12412,3_00_0
12413,3_a9_1
12414,4_00_0
12415,1_00_0
12416,6_00_0
12417,4_00_0
12418,5_b6_1
12419,3_00_0
12420,5_b8_1
12421,3_a9_2
12423,4_00_0
12424,1_00_0
12425,3_b6_1
12426,6_00_0
12427,2_a5_2
12428,3_a9_1
12429,2_a5_2
12430,6_b4_1
12431,3_b6_1
12432,6_00_0
12433,2_00_0
12434,3_00_0
12435,3_b7_1
12436,6_00_0
12437,3_00_0
12438,1_00_0
12439,4_00_0
12440,3_00_0
12441,3_00_0
12442,6_00_0
12443,3_00_0
12444,3_b6_1
12445,5_00_0
12447,5_00_0
12449,6_00_0
12450,3_b3_1
12451,3_a9_1
12453,1_00_0
12454,4_00_0
12456,3_00_0
12457,3_00_0
12458,3_b3_1
12459,1_00_0
12460,6_00_0
12461,1_00_0
12462,3_00_0
12463,3_00_0
12464,1_00_0
12465,1_00_0
12466,3_a9_2
12467,6_00_0
12468,5_b6_1
12469,6_00_0
12471,3_00_0
12472,3_a9_1
12473,2_00_0
12474,2_a5_2
12475,6_00_0
12477,1_00_0
12478,3_00_0
12479,1_00_0
12480,4_00_0
12481,6_00_0
12482,2_a5_2
12484,3_b6_1
12486,6_00_0
12487,1_00_0
12488,5_b8_1
12489,4_00_0
12490,3_a9_2
12491,6_00_0
12492,3_00_0
12493,4_00_0
12494,4_00_0
12495,3_00_0
12496,2_a5_2
12497,4_00_0
12498,6_00_0
12499,5_b8_1
12500,3_a9_1
12501,4_00_0
12502,3_00_0
12503,3_00_0
12505,6_00_0
12506,4_00_0
12507,6_00_0
12508,3_a9_2
12509,6_00_0
12510,6_a11_1
12511,3_00_0
12512,1_00_0
12513,3_b8_1
12514,1_00_0
12516,4_00_0
12517,4_00_0
12518,3_b6_1
12520,3_00_0
12521,3_b6_1
12523,5_a7_2
12524,3_00_0
12525,1_00_0
12526,4_00_0
12527,1_00_0
12528,3_b6_1
12529,3_00_0
12530,6_00_0
12531,4_00_0
12532,2_a5_2
12533,1_00_0
12534,5_b7_1
12535,4_00_0
12537,3_a9_1
12538,6_00_0
12539,6_00_0
12540,3_a9_1
12541,2_00_0
12542,3_00_0
12544,1_00_0
12545,6_00_0
12546,1_00_0
12547,4_00_0
12548,1_00_0
12549,6_00_0
12551,5_00_0
12552,6_00_0
12553,6_00_0
12554,3_00_0
12555,3_b7_1
12556,3_00_0
12557,5_b8_1
12558,3_a9_2
12559,1_00_0
12560,4_00_0
12561,4_00_0
12562,3_a9_2
12563,3_00_0
12564,3_00_0
12565,5_b6_1
12566,2_00_0
12567,5_a7_2
12568,3_00_0
12569,3_00_0
12570,3_00_0
12571,5_b7_1
12572,3_b3_1
12573,3_00_0
12574,3_b6_1
12575,4_00_0
12577,1_00_0
12578,1_00_0
12579,3_00_0
12580,1_00_0
12581,3_00_0
12582,6_00_0
12583,3_00_0
12584,1_00_0
12585,3_b8_1
12586,1_00_0
12587,5_a7_2
12588,4_00_0
12590,3_a9_2
12592,5_00_0
12593,5_b6_1
12594,3_00_0
12595,3_a9_2
12596,3_00_0
12597,5_b6_1
12599,6_00_0
12600,1_00_0
12601,4_00_0
12602,2_a5_2
12603,3_b7_1
12605,5_b8_1
12606,1_00_0
12607,3_a9_2
12608,3_00_0
12609,1_00_0
12610,1_00_0
12611,2_00_0
12612,3_00_0
12613,4_00_0
12614,3_00_0
12615,3_00_0
12616,6_a11_1
12617,5_a7_2
12618,3_00_0
12619,6_00_0
12620,3_a9_2
12621,6_00_0
12622,3_00_0
12623,6_00_0
12624,4_00_0
12625,5_b7_1
12626,6_00_0
12627,5_b8_1
12628,1_00_0
12629,4_00_0
12630,1_00_0
12631,3_00_0
12632,6_00_0
12633,1_00_0
12634,1_00_0
12635,3_b7_1
12636,3_00_0
12637,6_00_0
12638,3_00_0
12639,6_a12_2
12640,3_00_0
12641,6_00_0
12642,5_b8_1
12643,2_00_0
12644,1_00_0
12645,6_00_0
12646,1_00_0
12647,3_00_0
12648,6_00_0
12649,4_00_0
12650,3_00_0
12651,3_00_0
12653,1_00_0
12654,5_b8_1
12656,3_00_0
12657,4_00_0
12658,6_00_0
12659,3_a9_2
12660,1_00_0
12661,1_00_0
12662,3_00_0
12663,3_00_0
12664,1_00_0
12665,3_a9_2
12666,3_00_0
12667,3_b8_1
12668,3_b7_1
12669,3_b3_1
12670,6_00_0
12671,3_b3_1
12672,3_a9_1
12673,4_00_0
12674,3_00_0
12675,2_a5_2
12676,3_a9_2
12677,3_b6_1
12678,4_00_0
12680,3_b6_1
12681,6_00_0
12682,6_00_0
12684,4_00_0
12685,2_a5_2
12686,3_a9_2
12687,3_00_0
12688,1_00_0
12689,1_00_0
12690,1_00_0
12691,6_a12_2
12693,1_00_0
12694,3_b6_1
12695,2_00_0
12697,4_00_0
12699,3_b6_1
12700,3_a9_3
12701,1_00_0
12702,5_b8_1
12703,5_a7_2
12704,3_b6_1
12705,3_a9_2
12706,3_00_0
12707,1_00_0
12708,1_00_0
12709,1_00_0
12710,3_b7_1
12711,1_00_0
12713,3_00_0
12714,2_a5_2
12715,6_a11_1
12717,6_00_0
12718,5_b6_1
12719,1_00_0
12720,3_00_0
12722,3_00_0
12724,4_00_0
12725,1_00_0
12726,6_00_0
12728,5_00_0
12729,3_b6_1
12730,3_00_0
12731,3_00_0
12732,1_00_0
12733,3_a9_3
12735,3_a9_1
12736,3_00_0
12737,3_00_0
12739,4_00_0
12740,5_b7_1
12741,5_b6_1
12742,3_00_0
12743,4_00_0
12744,6_00_0
12745,6_00_0
12746,4_00_0
12747,4_00_0
12749,2_00_0
12750,5_b7_1
12751,3_b7_1
12752,3_b6_1
12753,6_00_0
12754,6_00_0
12755,5_b7_1
12756,5_b6_1
12757,3_00_0
12758,3_00_0
12759,6_00_0
12760,3_b6_1
12761,3_b3_1
12762,3_b3_1
12763,4_00_0
12764,2_a5_2
12765,3_00_0
12766,4_00_0
12767,6_00_0
12768,4_00_0
12769,3_00_0
12771,5_b6_1
12772,1_00_0
12773,3_00_0
12774,3_b8_1
12775,3_b8_1
12776,6_00_0
12777,6_00_0
12778,3_a9_1
12779,3_00_0
12780,3_a9_2
12781,3_00_0
12782,6_b4_1
12783,1_00_0
12784,6_00_0
12785,4_00_0
12786,1_00_0
12787,3_b6_1
12788,3_00_0
12789,4_00_0
12790,3_b8_1
12791,1_00_0
12792,3_00_0
12794,3_b7_1
12795,6_00_0
12798,1_00_0
12799,3_00_0
12800,1_00_0
12801,6_a11_1
12802,4_00_0
12803,6_00_0
12804,6_a12_2
12805,6_00_0
12806,3_00_0
12807,3_a9_1
12808,3_00_0
12809,6_00_0
12810,3_00_0
12811,5_b8_1
12812,3_a9_2
12813,5_b6_1
12814,3_00_0
12815,2_a5_2
12816,4_00_0
12818,1_00_0
12819,3_00_0
12820,6_00_0
12821,6_a12_2
12822,6_00_0
12823,3_00_0
12824,6_00_0
12825,1_00_0
12826,4_00_0
12828,6_00_0
12829,1_00_0
12830,3_00_0
12831,3_00_0
12832,4_00_0
12833,3_00_0
12835,4_00_0
12836,3_b3_1
12837,1_00_0
12839,3_00_0
12840,6_00_0
12843,6_00_0
12844,4_00_0
12845,3_00_0
12846,6_00_0
12847,4_00_0
12848,3_a9_1
12849,6_b5_1
12850,3_00_0
12851,3_00_0
12852,3_00_0
12853,3_00_0
12854,6_00_0
12855,6_00_0
12856,3_b6_1
12857,2_a5_2
12858,2_a5_2
12859,2_a5_2
12860,1_00_0
12861,1_00_0
12862,1_00_0
12863,2_a5_2
12864,5_b8_1
12865,4_00_0
12866,6_00_0
12867,3_00_0
12868,3_00_0
12869,3_00_0
12870,2_00_0
12871,4_00_0
12872,3_a9_2
12873,3_a9_1
12874,4_00_0
12875,3_00_0
12876,6_00_0
12877,6_b4_3
12878,3_00_0
12879,3_b8_1
12880,3_b7_1
12881,3_00_0
12882,1_00_0
12883,6_a12_2
12884,3_00_0
12885,3_00_0
12886,5_b7_1
12887,3_b6_1
12888,3_00_0
12889,3_00_0
12890,3_00_0
12893,3_00_0
12894,4_00_0
12895,3_a9_3
12896,5_a7_2
12897,3_b3_1
12898,3_a9_1
12899,5_a7_2
12900,3_00_0
12901,2_a5_2
12902,5_b8_1
12903,1_00_0
12904,1_00_0
12906,4_00_0
12907,3_00_0
12908,4_00_0
12909,5_a7_2
12910,4_00_0
12911,3_00_0
12912,4_00_0
12913,3_b6_1
12914,2_00_0
12915,1_00_0
12917,1_00_0
12918,6_00_0
12919,3_a9_2
12920,3_00_0
12921,4_00_0
12923,6_00_0
12924,5_b6_1
12925,6_b4_1
12926,1_00_0
12927,3_b7_1
12929,2_00_0
12930,4_00_0
12931,1_00_0
12932,1_00_0
12933,6_00_0
12934,1_00_0
12935,3_00_0
12936,3_b6_1
12937,6_b4_1
12938,3_b6_1
12939,6_00_0
12940,2_a5_2
12941,3_b6_1
12942,1_00_0
12943,6_00_0
12944,2_a5_2
12945,3_a9_1
12946,2_a5_2
12947,6_00_0
12948,4_00_0
12950,6_00_0
12951,3_00_0
12952,6_00_0
12953,4_00_0
12954,4_00_0
12955,1_00_0
12956,5_b6_1
12957,3_00_0
12958,4_00_0
12959,4_00_0
12960,3_b3_1
12962,6_00_0
12963,4_00_0
12964,3_00_0
12965,3_00_0
12966,4_00_0
12967,1_00_0
12968,6_00_0
12969,1_00_0
12970,6_00_0
12971,3_00_0
12972,6_00_0
12973,4_00_0
12974,1_00_0
12975,3_b8_1
12976,3_00_0
12977,6_00_0
12979,4_00_0
12980,6_00_0
12981,3_00_0
12983,4_00_0
12984,6_00_0
12985,5_b7_1
12986,3_00_0
12987,1_00_0
12988,4_00_0
12989,4_00_0
12990,1_00_0
12991,4_00_0
12992,3_00_0
12993,1_00_0
12994,4_00_0
12995,3_b6_1
12996,3_00_0
12997,1_00_0
12998,5_b6_1
12999,1_00_0
13000,3_00_0
13001,6_b4_1
13002,3_00_0
13003,3_b6_1
13004,2_a5_2
13005,3_b3_1
13006,6_00_0
13007,4_00_0
13008,6_00_0
13009,1_00_0
13010,5_b7_1
13011,1_00_0
13012,4_00_0
13013,3_00_0
13014,1_00_0
13015,3_b6_1
13016,1_00_0
13017,4_00_0
13020,4_00_0
13021,1_00_0
13022,6_00_0
13023,4_00_0
13024,3_00_0
13025,1_00_0
13026,3_a9_2
13027,6_00_0
13028,5_a7_2
13029,6_a12_2
13030,4_00_0
13031,4_00_0
13032,3_00_0
13035,3_b3_1
13037,3_00_0
13038,3_b6_1
13039,3_00_0
13040,4_00_0
13042,3_b8_1
13043,3_00_0
13044,3_00_0
13045,6_00_0
13046,3_00_0
13047,4_00_0
13048,2_a5_2
13049,5_b7_1
13050,6_00_0
13052,5_b7_1
13053,3_00_0
13055,3_00_0
13057,3_b7_1
13058,6_00_0
13059,5_b7_1
13060,3_00_0
13062,6_00_0
13063,5_b6_1
13065,1_00_0
13066,3_b6_1
13067,4_00_0
13068,6_00_0
13070,3_a9_1
13072,4_00_0
13073,3_a9_2
13074,2_a5_2
13075,6_00_0
13076,6_00_0
13077,6_00_0
13078,3_a9_1
13079,5_a7_2
13080,1_00_0
13081,5_b6_1
13083,3_00_0
13084,1_00_0
13085,3_00_0
13086,4_00_0
13087,6_00_0
13088,1_00_0
13089,1_00_0
13090,3_00_0
13091,5_b7_1
13092,6_00_0
13093,3_00_0
13094,5_00_0
13095,3_00_0
13096,1_00_0
13097,4_00_0
13098,2_00_0
13099,4_00_0
13100,3_b6_1
13101,4_00_0
13102,3_a9_1
13103,3_a9_2
13104,6_00_0
13105,5_b7_1
13106,1_00_0
13107,5_a7_2
13108,3_00_0
13110,2_a5_2
13111,2_00_0
13112,4_00_0
13113,6_00_0
13114,3_00_0
13115,5_b7_1
13116,6_00_0
13117,3_00_0
13118,2_a5_2
13119,6_00_0
13120,6_a11_2
13121,6_00_0
13122,4_00_0
13123,3_00_0
13124,6_00_0
13125,5_b7_1
13126,3_b6_1
13127,6_00_0
13128,5_a7_2
13129,3_00_0
13130,4_00_0
13131,6_a11_1
13132,3_00_0
13133,3_00_0
13134,6_00_0
13136,4_00_0
13137,3_00_0
13138,3_b6_1
13139,3_00_0
13140,3_00_0
13142,5_b6_1
13144,3_00_0
13146,5_b7_1
13147,6_b4_1
13148,3_00_0
13149,6_00_0
13150,3_00_0
13151,1_00_0
13153,4_00_0
13154,4_00_0
13155,3_00_0
13157,3_a9_2
13158,3_00_0
13159,6_00_0
13160,1_00_0
13161,3_00_0
13162,3_00_0
13163,2_a5_2
13164,3_00_0
13165,3_a9_1
13166,4_00_0
13168,1_00_0
13169,6_00_0
13170,5_b8_1
13171,1_00_0
13172,4_00_0
13173,2_a5_2
13174,3_a9_2
13175,3_b7_1
13176,3_00_0
13177,6_00_0
13178,3_00_0
13179,1_00_0
13181,4_00_0
13182,3_b7_1
13184,4_00_0
13185,3_00_0
13187,5_b6_1
13188,1_00_0
13189,3_00_0
13190,3_b3_1
13191,5_b7_1
13192,5_b7_1
13194,5_b6_1
13195,6_00_0
13197,4_00_0
13198,2_a5_2
13199,1_00_0
13200,3_00_0
13201,3_b6_1
13202,5_b6_1
13204,3_00_0
13205,3_b8_1
13206,5_00_0
13207,3_00_0
13208,4_00_0
13209,2_a5_2
13211,3_00_0
13212,4_00_0
13213,6_00_0
13214,6_00_0
13215,6_00_0
13216,3_b6_1
13218,6_00_0
13219,6_b5_1
13220,6_00_0
13221,4_00_0
13222,3_00_0
13223,6_00_0
13225,5_b8_1
13226,6_00_0
13227,6_a12_1
13228,6_00_0
13230,3_00_0
13232,3_b3_1
13233,4_00_0
13234,1_00_0
13235,3_00_0
13236,3_b7_1
13237,4_00_0
13238,5_b8_1
13239,6_00_0
13241,4_00_0
13243,3_b7_1
13244,6_00_0
13245,3_00_0
13246,3_00_0
13247,4_00_0
13248,3_b3_1
13250,5_b7_1
13251,3_00_0
13253,4_00_0
13254,1_00_0
13255,3_00_0
13256,6_a11_2
13257,3_00_0
13258,1_00_0
13259,3_b3_1
13260,6_a12_2
13261,5_b8_1
13262,4_00_0
13263,4_00_0
13264,1_00_0
13265,5_b6_1
13266,3_00_0
13267,5_b6_1
13268,1_00_0
13269,6_00_0
13270,6_00_0
13272,1_00_0
13274,3_00_0
13275,3_b3_1
13276,4_00_0
13277,6_00_0
13278,3_b8_1
13279,2_00_0
13280,6_00_0
13281,3_b7_1
13282,6_00_0
13283,3_00_0
13284,3_b3_1
13285,5_b6_1
13286,2_00_0
13287,6_00_0
13288,4_00_0
13290,6_a11_1
13292,6_00_0
13293,3_00_0
13294,1_00_0
13295,4_00_0
13296,5_b6_1
13297,3_00_0
13299,5_b6_1
13301,3_b3_1
13302,6_00_0
13303,6_00_0
13304,5_b7_1
13306,4_00_0
13307,3_00_0
13308,6_00_0
13309,4_00_0
13310,1_00_0
13311,4_00_0
13312,3_00_0
13313,3_00_0
13314,3_a9_2
13315,4_00_0
13316,4_00_0
13317,3_00_0
13318,1_00_0
13319,3_b8_1
13321,3_a9_1
13322,3_00_0
13323,6_00_0
13324,3_00_0
13325,4_00_0
13326,2_00_0
13327,4_00_0
13328,6_b5_1
13329,6_00_0
13330,6_00_0
13331,3_b8_1
13332,4_00_0
13333,3_b7_1
13334,3_b7_1
13335,3_00_0
13336,3_b7_1
13337,3_00_0
13339,4_00_0
13340,1_00_0
13341,3_00_0
13342,1_00_0
13343,3_b7_1
13344,5_b8_1
13345,3_a9_2
13346,4_00_0
13347,3_00_0
13348,3_00_0
13349,3_00_0
13350,1_00_0
13352,6_00_0
13353,2_a5_2
13354,2_a5_2
13355,4_00_0
13357,3_00_0
13358,6_00_0
13359,3_b7_1
13360,6_00_0
13361,6_00_0
13362,3_00_0
13363,6_00_0
13365,4_00_0
13366,3_00_0
13367,4_00_0
13368,2_a5_2
13369,3_00_0
13370,6_00_0
13371,3_00_0
13372,3_00_0
13373,3_b8_1
13374,1_00_0
13375,6_a11_2
13376,3_00_0
13377,3_00_0
13378,5_b6_1
13379,3_a9_2
13380,6_a11_1
13381,3_00_0
13382,3_b7_1
13383,1_00_0
13384,3_a9_1
13385,3_b7_1
13386,4_00_0
13387,5_b6_1
13388,3_b8_1
13389,4_00_0
13390,3_b7_1
13391,1_00_0
13393,1_00_0
13394,3_00_0
13395,3_00_0
13396,6_00_0
13397,3_00_0
13398,3_a9_2
13399,2_00_0
13400,6_00_0
13401,1_00_0
13402,1_00_0
13404,4_00_0
13405,3_00_0
13406,4_00_0
13407,3_a9_1
13408,3_a9_1
13409,6_00_0
13410,3_a9_2
13411,3_00_0
13412,6_00_0
13414,6_00_0
13415,3_b8_1
13416,4_00_0
13417,1_00_0
13418,4_00_0
13419,3_00_0
13420,4_00_0
13421,3_00_0
13422,4_00_0
13423,4_00_0
13424,6_00_0
13425,3_00_0
13427,5_a7_2
13428,3_00_0
13429,2_00_0
13430,1_00_0
13431,6_00_0
13432,3_00_0
13433,4_00_0
13434,6_00_0
13435,1_00_0
13436,1_00_0
13437,3_00_0
13438,1_00_0
13439,3_00_0
13440,1_00_0
13441,1_00_0
13442,3_b6_1
13443,3_a9_1
13445,4_00_0
13446,6_a12_2
13447,6_00_0
13448,5_a7_2
13449,1_00_0
13450,1_00_0
13451,3_00_0
13453,1_00_0
13455,3_00_0
13456,3_a9_2
13457,3_a9_1
13458,3_a9_2
13459,3_00_0
13460,1_00_0
13461,6_00_0
13462,4_00_0
13463,4_00_0
13464,1_00_0
13465,3_00_0
13466,3_00_0
13467,3_b3_1
13468,4_00_0
13469,4_00_0
13470,1_00_0
13471,3_00_0
13472,3_00_0
13473,1_00_0
13474,3_00_0
13475,3_a9_1
13476,5_b7_1
13477,3_b6_1
13479,5_b6_1
13480,4_00_0
13481,5_b8_1
13482,6_00_0
13484,3_00_0
13485,1_00_0
13486,3_00_0
13487,4_00_0
13489,5_00_0
13490,1_00_0
13491,3_a9_1
13493,5_a7_2
13494,5_b8_1
13495,4_00_0
13496,3_b8_1
13497,3_b3_1
13498,3_a9_2
13499,5_b8_1
13500,1_00_0
13501,6_00_0
13503,1_00_0
13504,1_00_0
13505,1_00_0
13507,3_00_0
13508,3_b7_1
13509,1_00_0
13510,5_b8_1
13511,6_b5_1
13512,3_b7_1
13513,1_00_0
13515,3_00_0
13516,4_00_0
13517,5_b6_1
13518,6_a11_1
13519,6_00_0
13520,3_00_0
13522,6_00_0
13523,1_00_0
13524,1_00_0
13525,6_00_0
13526,6_00_0
13527,5_b7_1
13528,3_a9_1
13529,1_00_0
13530,3_00_0
13531,4_00_0
13533,5_b7_1
13534,6_00_0
13535,5_a7_2
13536,3_00_0
13537,1_00_0
13538,3_00_0
13539,3_a9_2
13540,4_00_0
13541,3_a9_2
13542,4_00_0
13543,1_00_0
13544,3_b7_1
13545,1_00_0
13546,3_b6_1
13547,3_a9_2
13548,6_00_0
13549,1_00_0
13550,4_00_0
13551,6_b4_3
13552,3_00_0
13553,4_00_0
13554,3_b6_1
13555,1_00_0
13556,4_00_0
13557,2_00_0
13558,3_00_0
13559,1_00_0
13560,3_b7_1
13561,4_00_0
13562,3_00_0
13563,6_00_0
13564,3_00_0
13565,1_00_0
13566,3_a9_1
13567,2_a5_2
13568,6_00_0
13569,3_00_0
13570,2_00_0
13571,4_00_0
13572,4_00_0
13573,3_00_0
13574,4_00_0
13575,3_00_0
13576,6_00_0
13577,6_00_0
13578,1_00_0
13580,3_b7_1
13581,3_00_0
13582,6_a12_1
13584,3_00_0
13585,1_00_0
13586,3_00_0
13587,5_b6_1
13588,6_b5_1
13589,5_b7_1
13590,3_b6_1
13591,4_00_0
13592,6_00_0
13593,2_a5_2
13594,1_00_0
13595,3_00_0
13596,3_b6_1
13597,3_00_0
13598,3_00_0
13600,5_b8_1
13602,1_00_0
13603,3_00_0
13604,3_b7_1
13605,4_00_0
13606,6_00_0
13607,2_00_0
13608,5_00_0
13609,1_00_0
13610,4_00_0
13611,3_00_0
13612,6_00_0
13613,4_00_0
13615,3_00_0
13616,4_00_0
13617,6_00_0
13618,1_00_0
13619,2_a5_2
13620,5_b6_1
13621,1_00_0
13622,4_00_0
13623,3_00_0
13624,5_b8_1
13625,4_00_0
13627,2_a5_2
13628,4_00_0
13629,3_00_0
13630,3_a9_2
13631,4_00_0
13632,6_00_0
13633,3_00_0
13634,3_00_0
13635,6_00_0
13636,6_a12_2
13637,6_00_0
13638,5_00_0
13639,6_00_0
13640,3_00_0
13641,3_b8_1
13642,1_00_0
13643,3_a9_2
13645,2_a5_2
13646,6_00_0
13647,1_00_0
13648,3_a9_1
13649,3_00_0
13650,1_00_0
13651,4_00_0
13652,1_00_0
13653,3_b3_1
13654,6_00_0
13655,5_b8_1
13656,3_00_0
13657,4_00_0
13659,2_00_0
13660,1_00_0
13661,3_00_0
13662,5_b6_1
13663,4_00_0
13664,3_b6_1
13665,4_00_0
13666,5_b6_1
13668,1_00_0
13669,3_00_0
13670,3_00_0
13671,3_00_0
13672,3_00_0
13673,4_00_0
13675,2_a5_2
13676,5_a7_2
13677,1_00_0
13678,3_b8_1
13680,4_00_0
13681,1_00_0
13682,4_00_0
13683,3_00_0
13684,4_00_0
13685,4_00_0
13686,3_00_0
13687,4_00_0
13688,4_00_0
13689,4_00_0
13690,3_b3_1
13692,5_a7_2
13694,6_a11_1
13695,6_00_0
13696,3_a9_1
13697,1_00_0
13699,4_00_0
13700,6_00_0
13701,6_a11_1
13702,1_00_0
13703,1_00_0
13704,6_00_0
13705,2_a5_2
13706,3_00_0
13707,4_00_0
13708,1_00_0
13710,4_00_0
13711,3_00_0
13712,3_a9_1
13713,3_00_0
13714,6_00_0
13715,1_00_0
13716,4_00_0
13717,1_00_0
13718,3_00_0
13720,3_b3_1
13722,1_00_0
13723,3_b6_1
13724,3_b3_1
13725,3_00_0
13727,3_00_0
13728,3_00_0
13729,1_00_0
13730,3_b8_1
13731,1_00_0
13732,6_00_0
13733,5_b6_1
13734,4_00_0
13735,3_00_0
13736,1_00_0
13737,4_00_0
13738,4_00_0
13739,4_00_0
13740,3_b6_1
13742,6_00_0
13743,1_00_0
13744,2_a5_2
13745,2_00_0
13746,1_00_0
13747,3_b7_1
13749,4_00_0
13750,4_00_0
13751,6_00_0
13752,4_00_0
13753,3_b3_1
13754,4_00_0
13755,5_00_0
13756,6_a11_2
13757,3_a9_2
13758,3_b6_1
13759,3_00_0
13760,3_b6_1
13762,1_00_0
13763,1_00_0
13764,1_00_0
13765,6_00_0
13766,5_b6_1
13767,5_a7_2
13768,1_00_0
13769,3_b8_1
13770,4_00_0
13771,3_00_0
13772,6_00_0
13773,3_00_0
13774,6_00_0
13775,6_00_0
13776,3_b7_1
13777,1_00_0
13778,4_00_0
13779,4_00_0
13780,1_00_0
13781,3_b6_1
13782,3_b3_1
13783,6_00_0
13784,6_00_0
13785,3_00_0
13786,4_00_0
13787,5_a7_2
13788,3_00_0
13789,6_00_0
13790,6_00_0
13791,2_a5_2
13792,3_00_0
13793,3_00_0
13795,5_a7_2
13796,3_00_0
13797,3_b3_1
13798,4_00_0
13799,3_00_0
13800,1_00_0
13801,3_b8_1
13802,3_00_0
13803,1_00_0
13804,3_00_0
13805,3_00_0
13806,1_00_0
13807,6_00_0
13808,4_00_0
13809,3_00_0
13810,4_00_0
13811,4_00_0
13812,5_b6_1
13814,2_00_0
13815,3_00_0
13817,3_a9_1
13819,6_00_0
13821,2_a5_2
13822,5_b6_1
13823,3_a9_1
13824,5_b7_1
13825,3_00_0
13826,4_00_0
13827,6_00_0
13829,4_00_0
13830,4_00_0
13831,3_00_0
13832,3_b7_1
13833,3_b6_1
13834,1_00_0
13835,1_00_0
13836,1_00_0
13837,4_00_0
13838,4_00_0
13839,5_a7_2
13840,1_00_0
13841,4_00_0
13842,4_00_0
13843,1_00_0
13844,3_a9_1
13846,2_a5_2
13847,3_00_0
13849,5_a7_2
13850,6_00_0
13851,6_00_0
13852,4_00_0
13853,3_00_0
13854,3_b8_1
13855,1_00_0
13856,6_00_0
13857,3_b8_1
13858,1_00_0
13859,1_00_0
13860,3_b7_1
13862,6_00_0
13864,1_00_0
13865,1_00_0
13866,3_00_0
13867,1_00_0
13868,3_b3_1
13869,3_b6_1
13870,2_00_0
13871,3_00_0
13872,3_a9_2
13873,6_00_0
13874,3_a9_1
13875,3_00_0
13876,3_b3_1
13877,5_a7_2
13878,3_a9_2
13879,5_b8_1
13880,1_00_0
13881,4_00_0
13882,6_00_0
13883,6_00_0
13884,1_00_0
13886,6_00_0
13887,5_b6_1
13888,3_00_0
13889,3_00_0
13890,1_00_0
13891,3_b6_1
13892,1_00_0
13893,6_00_0
13894,1_00_0
13896,6_a12_2
13897,4_00_0
13898,3_b7_1
13899,1_00_0
13900,2_00_0
13901,3_b6_1
13902,3_00_0
13903,3_00_0
13904,1_00_0
13905,4_00_0
13906,3_00_0
13907,1_00_0
13908,4_00_0
13909,4_00_0
13910,5_b6_1
13911,4_00_0
13912,3_00_0
13913,3_00_0
13914,3_00_0
13915,4_00_0
13916,4_00_0
13917,2_00_0
13918,1_00_0
13919,3_00_0
13920,3_a9_1
13921,3_00_0
13922,6_00_0
13923,3_00_0
13924,2_a5_2
13925,6_00_0
13926,1_00_0
13927,6_00_0
13928,5_b8_1
13929,6_a11_1
13930,3_00_0
13931,5_b6_1
13933,3_a9_2
13934,4_00_0
13935,1_00_0
13936,5_00_0
13937,4_00_0
13938,3_00_0
13939,3_00_0
13940,3_00_0
13941,5_b7_1
13942,1_00_0
13943,3_b3_1
13944,5_b7_1
13946,6_a12_2
13947,3_a9_2
13948,3_00_0
13949,5_00_0
13950,2_a5_2
13951,3_00_0
13952,4_00_0
13953,3_b3_1
13954,1_00_0
13955,4_00_0
13956,6_00_0
13957,3_00_0
13958,3_00_0
13959,3_b7_1
13960,1_00_0
13961,5_b8_1
13962,3_00_0
13963,2_00_0
13964,4_00_0
13965,6_00_0
13966,3_00_0
13967,3_00_0
13968,3_00_0
13969,1_00_0
13970,3_b6_1
13971,4_00_0
13972,3_00_0
13973,1_00_0
13974,3_00_0
13975,3_00_0
13976,3_00_0
13977,6_00_0
13978,1_00_0
13979,5_b7_1
13981,4_00_0
13982,3_a9_1
13984,3_00_0
13985,4_00_0
13987,3_a9_2
13988,5_00_0
13989,3_b8_1
13990,3_b8_1
13991,3_b8_1
13992,5_b6_1
13994,6_00_0
13995,3_b6_1
13996,1_00_0
13997,3_b6_1
13999,2_00_0
14000,3_b3_1
14001,3_00_0
14002,4_00_0
14004,3_00_0
14005,6_00_0
14006,3_a9_1
14007,5_b8_1
14008,3_00_0
14009,4_00_0
14010,6_00_0
14011,5_00_0
14012,1_00_0
14013,3_00_0
14014,5_a7_2
14015,6_00_0
14016,4_00_0
14018,6_b4_1
14019,6_00_0
14020,1_00_0
14021,4_00_0
14022,1_00_0
14023,6_00_0
14024,6_00_0
14025,4_00_0
14026,6_00_0
14027,3_00_0
14028,3_b3_1
14029,3_00_0
14030,3_00_0
14031,4_00_0
14032,5_b6_1
14033,6_00_0
14034,1_00_0
14036,2_a5_2
14037,4_00_0
14038,5_b8_1
14039,4_00_0
14040,3_00_0
14041,6_a12_2
14042,3_b6_1
14043,4_00_0
14044,2_00_0
14045,1_00_0
14046,1_00_0
14047,3_a9_1
14048,3_00_0
14049,5_b7_1
14051,3_00_0
14052,6_00_0
14053,5_b7_1
14054,6_00_0
14055,3_b6_1
14056,6_00_0
14057,6_00_0
14058,3_00_0
14059,6_00_0
14060,5_a7_2
14061,3_00_0
14062,4_00_0
14063,3_b6_1
14064,1_00_0
14065,2_a5_2
14066,4_00_0
14067,1_00_0
14068,6_00_0
14069,3_00_0
14070,3_00_0
14071,3_a9_2
14072,3_00_0
14073,5_b7_1
14074,1_00_0
14075,3_00_0
14076,3_00_0
14077,5_b8_1
14078,4_00_0
14079,5_b8_1
14080,4_00_0
14081,2_a5_2
14083,3_00_0
14084,3_00_0
14085,1_00_0
14086,1_00_0
14087,6_00_0
14088,6_00_0
14089,3_a9_1
14090,3_00_0
14091,3_b6_1
14092,3_00_0
14094,3_b6_1
14095,6_00_0
14096,3_00_0
14097,3_00_0
14098,3_00_0
14099,6_00_0
14100,5_00_0
14101,3_00_0
14102,1_00_0
14103,3_00_0
14104,6_00_0
14105,2_a5_2
14106,3_00_0
14108,3_b8_1
14109,6_00_0
14110,4_00_0
14111,3_a9_2
14112,3_00_0
14113,4_00_0
14114,3_00_0
14115,1_00_0
14116,3_00_0
14117,3_00_0
14118,2_a5_2
14120,3_00_0
14121,3_00_0
14122,6_00_0
14123,4_00_0
14124,5_b6_1
14125,1_00_0
14126,3_00_0
14127,6_00_0
14128,3_00_0
14129,6_00_0
14130,2_00_0
14131,1_00_0
14132,6_00_0
14133,2_a5_2
14134,3_b7_1
14135,1_00_0
14136,5_00_0
14137,6_00_0
14138,5_b6_1
14139,3_00_0
14140,3_00_0
14141,5_b8_1
14143,5_b8_1
14144,6_00_0
14145,3_b6_1
14146,3_b6_1
14147,2_00_0
14149,1_00_0
14150,6_00_0
14151,5_b6_1
14152,5_b8_1
14153,3_a9_1
14154,5_b8_1
14155,6_b4_1
14156,3_b3_1
14157,2_a5_2
14158,3_b7_1
14159,4_00_0
14160,6_a12_1
14161,4_00_0
14162,3_a9_2
14165,3_b7_1
14166,3_b6_1
14167,3_00_0
14169,3_00_0
14170,4_00_0
14171,1_00_0
14172,4_00_0
14173,6_00_0
14174,3_00_0
14175,3_a9_2
14176,6_00_0
14177,6_00_0
14180,3_00_0
14181,6_a12_2
14182,3_00_0
14183,6_00_0
14184,6_00_0
14185,4_00_0
14186,3_b7_1
14188,6_00_0
14189,1_00_0
14190,3_00_0
14191,3_00_0
14192,6_00_0
14193,1_00_0
14194,5_b6_1
14195,3_00_0
14196,3_b8_1
14197,4_00_0
14198,3_00_0
14199,3_00_0
14200,3_00_0
14201,3_00_0
14202,4_00_0
14203,4_00_0
14204,3_b3_1
14205,4_00_0
14206,3_b3_1
14207,3_b6_1
14208,5_b6_1
14209,6_00_0
14210,3_00_0
14211,4_00_0
14213,4_00_0
14214,5_b7_1
14215,3_00_0
14216,5_a7_2
14217,3_00_0
14218,1_00_0
14219,4_00_0
14220,3_00_0
14221,5_b8_1
14222,2_a5_2
14224,1_00_0
14225,3_a9_1
14226,1_00_0
14227,1_00_0
14228,3_a9_1
14229,3_00_0
14230,3_00_0
14231,1_00_0
14232,3_00_0
14233,5_b6_1
14234,3_00_0
14235,6_00_0
14237,1_00_0
14238,3_00_0
14240,3_b6_1
14241,3_b7_1
14242,6_00_0
14243,1_00_0
14244,5_b6_1
14245,4_00_0
14246,1_00_0
14249,6_00_0
14250,5_b6_1
14251,3_a9_1
14252,5_b8_1
14253,3_00_0
14254,6_00_0
14255,1_00_0
14256,4_00_0
14257,3_00_0
14258,5_b8_1
14259,5_b7_1
14260,4_00_0
14261,5_b6_1
14262,4_00_0
14263,6_00_0
14264,3_b7_1
14265,1_00_0
14266,3_00_0
14267,6_00_0
14269,3_00_0
14270,6_00_0
14271,2_00_0
14272,3_00_0
14274,3_00_0
14276,3_00_0
14277,6_00_0
14278,3_a9_2
14279,5_a7_2
14280,3_b8_1
14281,4_00_0
14282,3_00_0
14283,3_b7_1
14284,5_b8_1
14285,3_00_0
14286,5_a7_2
14287,3_00_0
14288,6_00_0
14289,3_b7_1
14290,3_a9_1
14292,5_b7_1
14293,3_a9_1
14294,5_a7_2
14295,6_00_0
14296,6_00_0
14297,2_a5_2
14298,3_00_0
14299,1_00_0
14300,3_b6_1
14301,3_00_0
14302,3_b8_1
14303,1_00_0
14304,5_b6_1
14305,6_00_0
14306,3_00_0
14307,4_00_0
14308,6_00_0
14309,4_00_0
14310,1_00_0
14311,3_00_0
14312,4_00_0
14313,6_00_0
14315,5_b6_1
14316,3_00_0
14318,4_00_0
14319,3_00_0
14320,5_b7_1
14321,2_a5_2
14323,3_a9_2
14325,6_00_0
14326,6_00_0
14327,3_00_0
14328,3_b3_1
14329,5_b6_1
14330,3_00_0
14331,2_00_0
14332,3_a9_1
14333,1_00_0
14334,4_00_0
14335,5_a7_2
14336,5_b6_1
14337,3_a9_3
14338,3_00_0
14339,6_00_0
14340,3_a9_1
14341,3_00_0
14342,3_00_0
14343,4_00_0
14344,4_00_0
14345,3_00_0
14346,1_00_0
14347,3_00_0
14348,6_00_0
14349,4_00_0
14350,4_00_0
14351,5_a7_2
14352,3_00_0
14354,3_00_0
14355,5_b8_1
14356,4_00_0
14357,3_b7_1
14359,3_00_0
14360,3_b8_1
14361,5_b7_1
14362,3_00_0
14364,2_00_0
14365,4_00_0
14366,1_00_0
14367,3_00_0
14368,1_00_0
14370,3_00_0
14371,3_00_0
14372,4_00_0
14373,1_00_0
14374,3_00_0
14375,1_00_0
14376,4_00_0
14377,1_00_0
14378,3_a9_2
14379,3_b8_1
14380,4_00_0
14381,3_00_0
14382,2_a5_2
14383,3_a9_1
14384,3_00_0
14385,3_00_0
14386,3_00_0
14387,4_00_0
14388,6_00_0
14389,6_00_0
14390,3_b7_1
14391,3_00_0
14392,4_00_0
14393,1_00_0
14394,3_b7_1
14395,4_00_0
14396,3_00_0
14397,4_00_0
14398,6_00_0
14399,5_b8_1
14400,4_00_0
14401,3_a9_2
14402,6_00_0
14403,3_00_0
14406,6_00_0
14407,4_00_0
14408,3_00_0
14409,3_a9_1
14410,4_00_0
14413,3_b7_1
14414,4_00_0
14415,3_a9_2
14416,4_00_0
14418,4_00_0
14420,5_b6_1
14421,1_00_0
14422,6_00_0
14424,3_a9_1
14425,4_00_0
14426,3_00_0
14427,5_a7_2
14428,3_00_0
14429,1_00_0
14430,3_b7_1
14431,3_a9_1
14432,6_00_0
14433,3_b6_1
14434,6_00_0
14435,1_00_0
14436,4_00_0
14437,4_00_0
14439,5_00_0
14440,6_00_0
14441,1_00_0
14442,6_00_0
14443,3_00_0
14444,1_00_0
14446,3_b7_1
14447,1_00_0
14448,3_b6_1
14449,6_00_0
14450,4_00_0
14451,3_00_0
14452,1_00_0
14453,4_00_0
14454,6_a11_1
14455,3_a9_1
14456,3_00_0
14457,6_00_0
14458,3_00_0
14459,3_00_0
14460,2_00_0
14461,1_00_0
14462,6_00_0
14463,3_00_0
14464,3_b8_1
14465,6_00_0
14466,5_b6_1
14467,3_00_0
14469,3_00_0
14470,3_b7_1
14472,1_00_0
14473,2_a5_2
14474,3_a9_1
14475,3_a9_1
14476,6_00_0
14477,5_a7_2
14478,2_a5_2
14479,6_00_0
14480,6_a12_2
14482,1_00_0
14483,4_00_0
14484,3_a9_2
14485,5_b7_1
14486,3_b3_1
14487,4_00_0
14488,5_b6_1
14489,3_b7_1
14491,3_b8_1
14492,3_a9_1
14493,3_00_0
14494,4_00_0
14496,4_00_0
14497,3_b3_1
14499,2_a5_2
14500,5_b7_1
14501,6_00_0
14502,3_00_0
14503,1_00_0
14504,3_00_0
14505,3_a9_1
14506,3_a9_2
14508,3_00_0
14509,1_00_0
14510,4_00_0
14511,3_b6_1
14512,2_a5_2
14513,3_00_0
14514,4_00_0
14515,3_00_0
14516,3_00_0
14517,4_00_0
14519,3_00_0
14520,6_00_0
14521,4_00_0
14522,4_00_0
14523,5_b6_1
14524,3_00_0
14525,2_a5_2
14526,6_00_0
14527,4_00_0
14528,3_00_0
14530,3_00_0
14531,3_b8_1
14532,1_00_0
14533,4_00_0
14534,4_00_0
14535,3_00_0
14536,3_00_0
14537,5_a7_2
14538,6_00_0
14539,3_00_0
14540,4_00_0
14541,6_00_0
14542,6_00_0
14543,4_00_0
14544,1_00_0
14546,5_b7_1
14547,5_a7_2
14548,3_b6_1
14549,4_00_0
14550,3_b3_1
14551,1_00_0
14552,1_00_0
14553,3_a9_2
14554,6_00_0
14555,3_a9_1
14556,3_00_0
14557,5_00_0
14558,1_00_0
14559,3_00_0
14560,3_b6_1
14561,4_00_0
14562,3_b8_1
14563,5_b8_1
14564,6_00_0
14565,6_00_0
14566,5_b7_1
14567,3_a9_2
14569,3_00_0
14570,1_00_0
14571,3_a9_2
14572,4_00_0
14573,3_b6_1
14574,1_00_0
14575,4_00_0
14576,6_b4_1
14578,5_b7_1
14579,1_00_0
14580,6_00_0
14581,6_00_0
14582,6_00_0
14583,5_a7_2
14584,3_00_0
14586,3_00_0
14587,5_a7_2
14588,6_00_0
14589,6_00_0
14590,3_00_0
14591,6_00_0
14592,4_00_0
14593,6_00_0
14594,4_00_0
14595,4_00_0
14596,3_00_0
14597,4_00_0
14598,6_a11_1
14599,3_00_0
14600,6_00_0
14602,4_00_0
14603,6_00_0
14604,3_b6_1
14605,4_00_0
14606,6_00_0
14607,3_00_0
14608,2_a5_2
14609,2_a5_2
14610,3_00_0
14611,4_00_0
14612,1_00_0
14613,3_00_0
14614,2_00_0
14615,6_00_0
14616,5_b8_1
14617,3_b8_1
14618,5_00_0
14619,4_00_0
14620,1_00_0
14621,6_a11_1
14622,2_a5_2
14624,6_a11_1
14625,5_b7_1
14626,3_a9_1
14627,4_00_0
14628,3_a9_1
14629,3_b7_1
14630,4_00_0
14631,3_00_0
14632,3_b6_1
14633,1_00_0
14634,5_00_0
14635,4_00_0
14636,1_00_0
14637,3_00_0
14638,5_00_0
14639,5_b7_1
14640,1_00_0
14641,1_00_0
14642,4_00_0
14643,4_00_0
14644,3_b3_1
14645,4_00_0
14647,6_00_0
14648,6_a11_1
14650,1_00_0
14651,4_00_0
14652,4_00_0
14653,3_00_0
14654,5_00_0
14655,3_00_0
14656,5_b6_1
14657,3_00_0
14658,6_00_0
14660,6_00_0
14661,3_00_0
14662,3_00_0
14663,6_00_0
14664,3_00_0
14665,1_00_0
14666,3_00_0
14667,3_b6_1
14668,3_b8_1
14670,5_b8_1
14671,4_00_0
14672,3_00_0
14673,3_00_0
14674,4_00_0
14675,3_00_0
14676,4_00_0
14677,3_00_0
14678,1_00_0
14679,1_00_0
14680,3_00_0
14681,3_00_0
14682,5_b7_1
14683,4_00_0
14684,6_00_0
14685,3_b7_1
14686,4_00_0
14687,5_a7_2
14688,3_b6_1
14689,5_b6_1
14690,4_00_0
14691,3_a9_1
14692,3_a9_2
14693,1_00_0
14695,3_a9_1
14696,1_00_0
14697,5_b7_1
14698,4_00_0
14699,4_00_0
14700,3_b6_1
14701,6_00_0
14703,6_00_0
14704,2_a5_2
14705,3_a9_1
14706,3_00_0
14707,5_b8_1
14708,3_b8_1
14709,5_b8_1
14710,6_a12_1
14711,3_00_0
14712,1_00_0
14713,5_b7_1
14714,6_00_0
14715,5_b8_1
14716,4_00_0
14717,5_00_0
14718,1_00_0
14719,4_00_0
14720,3_b6_1
14721,6_00_0
14724,5_b6_1
14725,3_a9_1
14726,5_b8_1
14727,6_a11_1
14728,6_00_0
14729,5_b6_1
14730,3_00_0
14731,4_00_0
14732,3_00_0
14733,4_00_0
14734,3_00_0
14735,5_b6_1
14736,5_b7_1
14737,5_b6_1
14738,5_a7_2
14739,3_b7_1
14740,5_a7_2
14741,6_00_0
14742,1_00_0
14743,1_00_0
14744,2_a5_2
14745,3_00_0
14746,6_00_0
14747,3_00_0
14748,5_b6_1
14749,3_00_0
14750,4_00_0
14751,5_b8_1
14752,4_00_0
14753,4_00_0
14754,1_00_0
14755,3_00_0
14757,3_b8_1
14758,5_b6_1
14759,2_a5_2
14760,6_00_0
14761,3_a9_2
14762,1_00_0
14763,3_00_0
14764,3_b8_1
14765,5_a7_2
14766,5_a7_2
14767,4_00_0
14768,6_00_0
14769,3_b6_1
14770,4_00_0
14771,6_00_0
14773,3_b3_1
14774,1_00_0
14775,4_00_0
14776,1_00_0
14777,3_00_0
14778,6_00_0
14779,6_00_0
14781,6_b4_1
14782,4_00_0
14783,3_b3_1
14784,4_00_0
14785,3_00_0
14786,2_a5_2
14787,4_00_0
14788,3_00_0
14789,3_00_0
14790,1_00_0
14791,3_b6_1
14792,4_00_0
14793,6_00_0
14794,1_00_0
14795,3_00_0
14797,4_00_0
14798,1_00_0
14799,3_00_0
14800,4_00_0
14801,3_00_0
14803,3_00_0
14804,1_00_0
14805,4_00_0
14806,6_00_0
14807,4_00_0
14808,3_b8_1
14809,3_b6_1
14810,3_00_0
14811,3_00_0
14813,6_00_0
14815,5_a7_2
14816,6_00_0
14817,6_00_0
14818,3_00_0
14819,3_b6_1
14820,3_00_0
14821,4_00_0
14822,2_a5_2
14823,2_00_0
14825,4_00_0
14826,3_00_0
14827,5_b6_1
14828,3_00_0
14829,4_00_0
14830,3_00_0
14831,5_b6_1
14832,6_00_0
14833,3_b3_1
14834,3_00_0
14836,1_00_0
14837,5_00_0
14838,3_b6_1
14839,4_00_0
14840,3_00_0
14842,3_00_0
14843,3_00_0
14844,4_00_0
14845,6_00_0
14846,1_00_0
14847,5_00_0
14848,3_b8_1
14849,1_00_0
14850,6_00_0
14851,4_00_0
14852,4_00_0
14853,3_b6_1
14854,1_00_0
14855,5_00_0
14856,3_00_0
14857,5_b7_1
14858,1_00_0
14859,3_a9_2
14860,4_00_0
14861,3_00_0
14862,3_b7_1
14863,4_00_0
14864,5_b6_1
14865,4_00_0
14866,3_00_0
14867,4_00_0
14868,1_00_0
14869,3_b6_1
14870,3_00_0
14871,1_00_0
14872,3_b6_1
14874,3_b3_1
14875,6_00_0
14877,3_a9_2
14878,3_00_0
14880,3_b8_1
14881,6_00_0
14882,1_00_0
14883,3_00_0
14884,6_00_0
14885,1_00_0
14886,2_a5_2
14887,3_00_0
14888,4_00_0
14889,3_a9_2
14890,1_00_0
14891,3_00_0
14892,3_b3_1
14893,3_00_0
14894,6_00_0
14896,3_b6_1
14897,3_00_0
14898,5_b7_1
14899,6_00_0
14900,4_00_0
14901,3_00_0
14902,6_00_0
14903,3_a9_3
14904,3_b3_1
14905,6_00_0
14906,2_a5_2
14907,1_00_0
14908,6_00_0
14909,3_b7_1
14910,4_00_0
14911,2_00_0
14912,3_b7_1
14913,3_a9_2
14914,3_00_0
14915,6_00_0
14916,3_a9_2
14917,6_00_0
14918,6_00_0
14919,6_00_0
14920,3_00_0
14921,3_b3_1
14922,5_b7_1
14923,3_00_0
14924,3_00_0
14925,4_00_0
14927,3_00_0
14928,4_00_0
14929,1_00_0
14930,1_00_0
14931,4_00_0
14932,6_00_0
14933,3_00_0
14934,4_00_0
14935,5_b8_1
14936,6_00_0
14937,3_00_0
14938,3_00_0
14939,2_00_0
14940,2_00_0
14941,3_b6_1
14942,1_00_0
14944,3_a9_1
14945,3_b8_1
14946,6_00_0
14947,4_00_0
14948,3_a9_3
14950,6_00_0
14951,5_00_0
14952,3_00_0
14953,3_a9_1
14954,3_00_0
14956,4_00_0
14958,6_00_0
14959,5_b8_1
14960,1_00_0
14961,3_00_0
14962,3_b7_1
14964,4_00_0
14967,4_00_0
14969,3_b7_1
14970,5_00_0
14971,1_00_0
14972,5_00_0
14973,3_00_0
14974,3_a9_2
14976,1_00_0
14977,3_00_0
14978,6_00_0
14979,2_a5_2
14980,6_00_0
14981,6_00_0
14982,4_00_0
14983,3_b3_1
14984,3_00_0
14985,5_b8_1
14987,4_00_0
14988,3_00_0
14989,3_b6_1
14990,3_00_0
14991,3_a9_3
14992,4_00_0
14993,1_00_0
14995,6_00_0
14996,4_00_0
14997,3_00_0
14998,5_b6_1
14999,3_00_0
15000,4_00_0
15001,3_00_0
15002,1_00_0
15003,5_b6_1
15004,4_00_0
15005,3_b3_1
15006,3_00_0
15007,3_b7_1
15008,3_00_0
15009,6_00_0
15011,2_a5_2
15012,6_00_0
15013,6_00_0
15015,6_00_0
15016,3_00_0
15017,4_00_0
15018,2_00_0
15020,3_00_0
15021,3_00_0
15023,3_a9_2
15024,6_00_0
15025,3_00_0
15027,5_b6_1
15028,3_b3_1
15029,4_00_0
15030,1_00_0
15031,6_00_0
15032,3_b6_1
15033,4_00_0
15034,4_00_0
15035,1_00_0
15036,1_00_0
15037,3_a9_1
15038,1_00_0
15039,4_00_0
15040,5_a7_2
15041,4_00_0
15042,4_00_0
15044,6_a12_2
15045,3_00_0
15046,4_00_0
15047,1_00_0
15048,3_00_0
15049,5_a7_2
15050,6_00_0
15051,3_b6_1
15052,3_b7_1
15053,1_00_0
15054,5_b7_1
15055,4_00_0
15056,6_00_0
15057,1_00_0
15058,2_a5_2
15059,3_00_0
15060,3_00_0
15061,3_00_0
15062,5_b6_1
15063,6_00_0
15064,4_00_0
15065,6_00_0
15066,3_00_0
15067,3_00_0
15068,3_a9_2
15069,3_b6_1
15070,3_00_0
15073,3_00_0
15074,1_00_0
15075,3_00_0
15076,1_00_0
15077,4_00_0
15078,6_00_0
15079,1_00_0
15080,3_00_0
15081,2_a5_2
15082,3_b7_1
15083,4_00_0
15084,2_a5_2
15085,4_00_0
15086,6_00_0
15087,6_00_0
15088,1_00_0
15090,4_00_0
15091,1_00_0
15092,6_00_0
15093,6_00_0
15094,3_00_0
15095,1_00_0
15096,3_00_0
15098,2_00_0
15099,2_00_0
15100,3_a9_2
15101,6_00_0
15102,3_00_0
15103,3_00_0
15104,6_00_0
15105,4_00_0
15106,4_00_0
15107,3_b3_1
15108,4_00_0
15110,3_00_0
15111,4_00_0
15112,6_00_0
15113,3_00_0
15114,4_00_0
15115,4_00_0
15116,4_00_0
15117,4_00_0
15118,4_00_0
15119,4_00_0
15120,3_b6_1
15121,1_00_0
15122,6_00_0
15123,6_00_0
15124,3_b6_1
15125,3_00_0
15126,5_b6_1
15127,1_00_0
15128,3_b6_1
15130,3_00_0
15133,3_00_0
15134,3_00_0
15135,4_00_0
15136,1_00_0
15137,5_b8_1
15138,3_a9_2
15139,4_00_0
15140,3_b7_1
15142,1_00_0
15143,6_00_0
15144,3_a9_1
15145,3_00_0
15146,3_00_0
15147,5_b6_1
15148,1_00_0
15149,6_00_0
15150,1_00_0
15151,3_00_0
15153,1_00_0
15154,3_00_0
15155,3_b6_1
15157,3_00_0
15158,3_b6_1
15159,4_00_0
15160,4_00_0
15161,4_00_0
15162,4_00_0
15163,3_b3_1
15164,6_00_0
15165,5_b8_1
15166,6_00_0
15167,4_00_0
15168,3_b7_1
15169,2_a5_2
15170,6_00_0
15171,3_b3_1
15172,3_a9_1
15173,3_b8_1
15174,6_00_0
15175,1_00_0
15177,3_00_0
15178,3_00_0
15179,3_a9_1
15180,3_00_0
15181,6_00_0
15182,3_a9_2
15183,4_00_0
15184,2_a5_2
15185,3_b8_1
15186,6_00_0
15187,6_00_0
15188,6_00_0
15189,3_b7_1
15190,3_b3_1
15191,1_00_0
15192,1_00_0
15193,6_00_0
15194,3_b7_1
15195,3_00_0
15196,3_a9_1
15197,3_a9_3
15198,1_00_0
15199,1_00_0
15200,3_00_0
15202,3_b6_1
15203,3_00_0
15204,5_b6_1
15205,1_00_0
15206,3_b7_1
15207,4_00_0
15208,4_00_0
15209,5_b8_1
15210,2_00_0
15211,4_00_0
15212,1_00_0
15213,6_00_0
15214,3_b6_1
15215,3_00_0
15216,3_00_0
15217,3_a9_1
15219,1_00_0
15220,6_00_0
15221,3_b6_1
15222,4_00_0
15223,3_b3_1
15224,3_b3_1
15225,2_00_0
15226,4_00_0
15228,6_a12_2
15229,3_00_0
15230,3_a9_1
15231,6_00_0
15233,1_00_0
15234,3_b3_1
15235,3_a9_1
15237,3_00_0
15238,2_00_0
15240,3_00_0
15241,2_a5_2
15242,3_00_0
15243,3_00_0
15244,3_b8_1
15246,4_00_0
15247,5_b7_1
15248,6_00_0
15249,4_00_0
15250,1_00_0
15251,5_b8_1
15252,6_00_0
15253,1_00_0
15254,1_00_0
15255,1_00_0
15256,6_00_0
15257,3_00_0
15258,2_a5_2
15259,2_a5_2
15260,3_b7_1
15261,1_00_0
15262,6_00_0
15264,5_b6_1
15265,3_00_0
15266,3_b8_1
15268,1_00_0
15269,3_b6_1
15270,3_b3_1
15271,3_b3_1
15272,4_00_0
15274,5_a7_2
15275,4_00_0
15276,4_00_0
15277,3_b8_1
15278,1_00_0
15279,6_00_0
15280,3_00_0
15281,3_a9_1
15282,6_00_0
15283,4_00_0
15284,1_00_0
15285,3_b8_1
15286,3_b7_1
15287,1_00_0
15288,3_b3_1
15289,6_00_0
15290,4_00_0
15291,3_b8_1
15292,3_00_0
15293,5_b6_1
15294,6_00_0
15296,3_00_0
15297,6_00_0
15298,4_00_0
15299,1_00_0
15300,3_00_0
15301,3_b6_1
15303,4_00_0
15304,3_b6_1
15305,1_00_0
15306,3_00_0
15307,4_00_0
15308,5_b8_1
15309,4_00_0
15310,4_00_0
15311,1_00_0
15312,3_00_0
15313,1_00_0
15314,1_00_0
15315,5_a7_2
15316,4_00_0
15317,1_00_0
15318,3_b6_1
15319,1_00_0
15320,4_00_0
15321,4_00_0
15322,3_b3_1
15323,4_00_0
15324,3_00_0
15325,3_b8_1
15326,1_00_0
15327,5_b7_1
15329,3_00_0
15330,5_a7_2
15331,4_00_0
15332,3_b7_1
15333,4_00_0
15334,3_00_0
15335,3_b3_1
15336,3_00_0
15337,2_a5_2
15338,3_00_0
15340,4_00_0
15341,5_b7_1
15342,3_a9_2
15343,3_00_0
15344,3_00_0
15345,6_00_0
15346,3_00_0
15347,3_00_0
15348,6_00_0
15349,1_00_0
15350,3_b7_1
15351,1_00_0
15352,4_00_0
15353,4_00_0
15354,4_00_0
15355,2_00_0
15356,4_00_0
15357,3_00_0
15358,5_b6_1
15359,3_b3_1
15360,3_00_0
15361,5_00_0
15363,5_b8_1
15364,3_b7_1
15365,3_00_0
15366,4_00_0
15369,1_00_0
15370,4_00_0
15371,1_00_0
15372,3_00_0
15373,3_00_0
15374,5_a7_2
15375,2_a5_2
15376,3_b8_1
15377,2_00_0
15378,5_00_0
15380,4_00_0
15382,4_00_0
15383,5_b8_1
15385,1_00_0
15386,1_00_0
15387,3_00_0
15388,6_00_0
15389,6_00_0
15390,2_00_0
15392,3_b6_1
15393,6_00_0
15394,3_b6_1
15395,1_00_0
15396,4_00_0
15397,4_00_0
15398,1_00_0
15399,5_a7_2
15400,6_00_0
15401,5_b8_1
15402,1_00_0
15403,3_00_0
15404,3_00_0
15406,3_00_0
15407,2_a5_2
15408,6_00_0
15409,3_b3_1
15410,5_b8_1
15412,3_00_0
15413,6_00_0
15414,4_00_0
15415,5_00_0
15417,3_00_0
15418,4_00_0
15419,6_00_0
15420,3_00_0
15421,3_b8_1
15422,1_00_0
15423,6_00_0
15424,2_00_0
15425,6_00_0
15426,3_00_0
15428,3_00_0
15429,6_00_0
15430,6_00_0
15431,4_00_0
15432,3_00_0
15433,4_00_0
15434,1_00_0
15437,3_b8_1
15438,5_b7_1
15439,3_00_0
15440,5_b7_1
15441,3_00_0
15442,6_00_0
15443,1_00_0
15444,6_00_0
15445,3_00_0
15446,3_a9_1
15447,3_a9_1
15448,2_00_0
15449,3_a9_2
15450,5_a7_2
15451,6_00_0
15453,1_00_0
15454,3_00_0
15455,2_a5_2
15456,6_00_0
15457,4_00_0
15458,1_00_0
15459,5_b6_1
15460,1_00_0
15461,6_00_0
15462,3_00_0
15463,4_00_0
15464,6_00_0
15465,1_00_0
15466,3_b7_1
15467,1_00_0
15469,5_a7_2
15470,4_00_0
15471,3_a9_1
15472,6_00_0
15473,3_00_0
15474,5_00_0
15475,2_a5_2
15476,3_b7_1
15477,1_00_0
15478,1_00_0
15479,1_00_0
15480,3_00_0
15481,6_a11_2
15482,5_a7_2
15483,1_00_0
15484,3_a9_1
15485,6_00_0
15487,4_00_0
15488,5_a7_2
15489,3_00_0
15490,1_00_0
15492,3_00_0
15494,3_b3_1
15495,3_00_0
15496,6_00_0
15498,3_a9_1
15499,4_00_0
15500,2_a5_2
15501,3_b3_1
15502,2_a5_2
15504,3_00_0
15505,4_00_0
15506,4_00_0
15508,6_00_0
15510,3_b7_1
15511,5_b6_1
15513,3_00_0
15514,5_00_0
15515,6_00_0
15516,1_00_0
15517,6_00_0
15518,3_00_0
15520,1_00_0
15522,4_00_0
15523,1_00_0
15524,2_a5_2
15525,3_b7_1
15526,3_b8_1
15527,3_b7_1
15528,3_b8_1
15529,6_00_0
15530,3_00_0
15531,3_00_0
15532,3_b6_1
15533,4_00_0
15534,3_b3_1
15535,2_a5_2
15536,3_00_0
15537,4_00_0
15538,5_b7_1
15539,1_00_0
15540,3_00_0
15541,5_b7_1
15542,6_b4_3
15543,4_00_0
15544,5_b8_1
15545,6_a11_1
15546,2_a5_2
15547,6_00_0
15548,2_00_0
15549,4_00_0
15550,3_00_0
15551,3_a9_1
15552,3_a9_2
15553,3_00_0
15555,3_a9_1
15556,6_00_0
15557,5_b8_1
15558,4_00_0
15559,2_00_0
15560,2_00_0
15561,1_00_0
15562,2_a5_2
15563,3_00_0
15564,6_b5_1
15565,4_00_0
15566,3_b8_1
15567,5_b8_1
15568,6_00_0
15569,6_00_0
15570,3_00_0
15571,3_00_0
15573,3_b8_1
15574,4_00_0
15576,3_a9_1
15577,1_00_0
15578,3_00_0
15579,4_00_0
15580,5_b6_1
15581,3_00_0
15583,3_a9_1
15584,1_00_0
15585,1_00_0
15587,5_b8_1
15588,6_00_0
15589,5_a7_2
15590,4_00_0
15591,2_a5_2
15592,4_00_0
15593,1_00_0
15594,3_00_0
15595,6_00_0
15597,5_b8_1
15599,5_b7_1
15600,3_a9_1
15601,2_00_0
15602,3_00_0
15603,1_00_0
15604,5_b6_1
15605,3_b7_1
15606,3_b7_1
15607,3_00_0
15608,4_00_0
15609,3_00_0
15610,6_00_0
15611,4_00_0
15612,3_00_0
15613,4_00_0
15614,4_00_0
15615,4_00_0
15616,3_00_0
15617,4_00_0
15618,3_a9_1
15619,3_00_0
15620,1_00_0
15621,2_a5_2
15622,3_00_0
15623,4_00_0
15625,3_b8_1
15626,5_b8_1
15627,5_b6_1
15628,6_a12_2
15629,1_00_0
15630,5_a7_2
15631,3_a9_1
15632,3_b8_1
15634,5_b7_1
15635,3_00_0
15636,4_00_0
15637,6_00_0
15638,5_b7_1
15639,3_b3_1
15640,3_b6_1
15641,3_b3_1
15642,4_00_0
15643,3_a9_2
15644,5_b6_1
15645,5_b7_1
15646,2_a5_2
15647,2_a5_2
15648,3_00_0
15649,4_00_0
15650,3_a9_2
15651,6_b4_1
15652,1_00_0
15653,1_00_0
15654,1_00_0
15655,2_00_0
15656,3_a9_2
15657,4_00_0
15658,1_00_0
15659,1_00_0
15660,5_b6_1
15661,3_00_0
15662,3_00_0
15664,3_b3_1
15665,5_b8_1
15666,4_00_0
15667,4_00_0
15668,3_00_0
15669,4_00_0
15670,3_b8_1
15671,3_00_0
15672,3_00_0
15673,3_00_0
15675,3_b3_1
15677,1_00_0
15678,5_b6_1
15679,3_a9_2
15680,3_00_0
15682,6_00_0
15683,5_b8_1
15685,3_b6_1
15686,1_00_0
15687,6_00_0
15688,1_00_0
15689,3_a9_1
15690,3_b6_1
15691,3_00_0
15693,1_00_0
15694,3_00_0
15695,3_00_0
15696,5_b8_1
15697,6_00_0
15698,3_00_0
15699,3_00_0
15700,3_a9_2
15701,4_00_0
15703,6_00_0
15704,4_00_0
15705,6_00_0
15706,4_00_0
15707,6_00_0
15708,4_00_0
15711,4_00_0
15712,1_00_0
15713,3_b6_1
15714,1_00_0
15715,6_a12_2
15717,5_b7_1
15719,3_00_0
15720,3_b8_1
15721,3_00_0
15722,3_a9_1
15724,2_a5_2
15725,3_00_0
15726,3_00_0
15727,4_00_0
15728,4_00_0
15729,3_a9_1
15730,3_00_0
15731,3_00_0
15732,4_00_0
15733,1_00_0
15734,3_b7_1
15735,1_00_0
15736,6_00_0
15737,3_b6_1
15739,3_00_0
15740,5_b8_1
15741,3_00_0
15743,3_00_0
15744,6_00_0
15745,1_00_0
15746,6_00_0
15747,3_b6_1
15748,2_00_0
15749,5_b7_1
15750,6_00_0
15751,6_a12_2
15752,5_b8_1
15753,1_00_0
15754,3_00_0
15755,3_00_0
15756,5_b7_1
15757,2_a5_2
15758,3_b7_1
15759,3_a9_2
15760,4_00_0
15761,3_00_0
15762,1_00_0
15763,4_00_0
15764,3_b7_1
15766,1_00_0
15768,2_00_0
15770,4_00_0
15771,3_00_0
15772,1_00_0
15773,3_b3_1
15774,2_a5_2
15775,3_00_0
15777,5_b7_1
15779,3_00_0
15780,5_b6_1
15781,1_00_0
15783,4_00_0
15784,4_00_0
15785,6_00_0
15786,3_a9_2
15787,3_00_0
15789,4_00_0
15790,6_00_0
15791,3_00_0
15792,1_00_0
15793,3_00_0
15794,1_00_0
15795,6_00_0
15796,4_00_0
15797,4_00_0
15798,6_00_0
15799,3_00_0
15800,1_00_0
15803,3_00_0
15804,1_00_0
15806,1_00_0
15807,2_00_0
15808,3_00_0
15809,6_00_0
15810,1_00_0
15811,4_00_0
15812,3_00_0
15813,1_00_0
15814,3_b8_1
15815,3_00_0
15816,6_00_0
15817,3_00_0
15818,3_00_0
15819,5_b7_1
15820,4_00_0
15821,6_00_0
15822,6_00_0
15823,4_00_0
15824,1_00_0
15825,6_00_0
15826,6_00_0
15827,2_00_0
15828,4_00_0
15829,3_b7_1
15830,3_b3_1
15831,3_00_0
15832,6_00_0
15833,6_a12_2
15834,4_00_0
15835,5_00_0
15836,6_00_0
15837,4_00_0
15838,3_b6_1
15839,4_00_0
15840,3_a9_2
15841,2_a5_2
15844,3_b6_1
15847,3_00_0
15848,3_b6_1
15849,3_00_0
15850,6_00_0
15851,1_00_0
15852,4_00_0
15853,3_00_0
15854,3_00_0
15855,4_00_0
15856,3_b7_1
15857,6_00_0
15858,1_00_0
15859,2_a5_2
15860,6_00_0
15862,5_00_0
15863,6_00_0
15864,4_00_0
15865,5_b8_1
15867,6_b5_1
15868,6_00_0
15869,1_00_0
15870,3_00_0
15871,3_b6_1
15872,2_00_0
15874,6_00_0
15875,6_00_0
15876,6_b4_1
15877,5_b8_1
15878,3_00_0
15879,2_00_0
15881,4_00_0
15882,3_a9_1
15883,5_b7_1
15884,5_b8_1
15885,6_b5_1
15886,3_00_0
15887,6_00_0
15888,4_00_0
15889,4_00_0
15890,1_00_0
15891,5_a7_2
15893,3_00_0
15894,3_00_0
15895,4_00_0
15896,4_00_0
15897,3_a9_1
15898,4_00_0
15899,2_a5_2
15900,3_00_0
15901,3_00_0
15902,6_00_0
15903,6_00_0
15904,3_00_0
15906,3_b7_1
15907,3_a9_2
15908,1_00_0
15910,4_00_0
15912,4_00_0
15913,5_b7_1
15915,3_00_0
15916,3_00_0
15917,6_00_0
15919,1_00_0
15920,3_b8_1
15921,4_00_0
15922,3_b6_1
15923,1_00_0
15924,1_00_0
15925,4_00_0
15926,3_00_0
15927,4_00_0
15928,3_b7_1
15929,4_00_0
15930,4_00_0
15931,6_00_0
15932,3_b7_1
15933,3_a9_1
15934,3_b8_1
15935,4_00_0
15936,6_a12_2
15937,6_a12_1
15938,3_b6_1
15939,2_a5_2
15940,6_a11_1
15941,1_00_0
15942,6_00_0
15944,1_00_0
15945,6_a11_1
15946,3_a9_2
15947,3_b7_1
15948,1_00_0
15949,6_00_0
15950,1_00_0
15951,3_b7_1
15952,5_b6_1
15953,3_00_0
15954,4_00_0
15955,3_00_0
15956,4_00_0
15957,1_00_0
15958,5_b7_1
15960,5_a7_2
15961,4_00_0
15962,5_a7_2
15963,3_00_0
15964,3_00_0
15965,3_00_0
15966,3_00_0
15968,5_b7_1
15970,6_00_0
15971,5_b8_1
15972,3_00_0
15973,6_00_0
15974,6_00_0
15975,6_00_0
15976,5_00_0
15977,6_00_0
15979,6_00_0
15980,4_00_0
15981,3_b7_1
15982,3_00_0
15983,3_b7_1
15984,4_00_0
15985,3_b7_1
15986,6_00_0
15987,3_00_0
15988,3_00_0
15989,4_00_0
15990,1_00_0
15991,2_a5_2
15992,2_a5_2
15994,6_00_0
15995,1_00_0
15996,3_a9_1
15997,3_b3_1
15998,3_00_0
15999,1_00_0
16000,1_00_0
16001,3_b7_1
16002,3_b6_1
16003,3_00_0
16004,5_00_0
16006,6_00_0
16007,5_b7_1
16008,3_00_0
16009,5_a7_2
16010,6_00_0
16012,6_00_0
16013,3_b7_1
16014,3_00_0
16015,3_a9_1
16016,1_00_0
16017,6_00_0
16018,3_00_0
16019,4_00_0
16020,3_00_0
16021,5_b8_1
16022,3_00_0
16023,1_00_0
16024,5_b7_1
16025,3_b8_1
16026,1_00_0
16027,3_b3_1
16028,3_00_0
16029,3_00_0
16030,3_00_0
16031,3_a9_1
16032,3_00_0
16033,1_00_0
16034,1_00_0
16035,3_a9_1
16036,4_00_0
16037,4_00_0
16038,3_a9_1
16039,3_00_0
16040,3_00_0
16041,3_a9_2
16042,3_b6_1
16043,4_00_0
16044,4_00_0
16046,4_00_0
16047,3_00_0
16048,3_00_0
16049,3_b8_1
16050,3_00_0
16051,2_a5_2
16052,3_a9_1
16053,4_00_0
16054,4_00_0
16055,4_00_0
16056,6_00_0
16058,6_a12_2
16059,3_a9_2
16060,4_00_0
16061,3_00_0
16062,3_a9_2
16063,3_00_0
16064,3_00_0
16065,6_00_0
16066,1_00_0
16067,4_00_0
16068,1_00_0
16069,5_b6_1
16070,3_b3_1
16071,5_b8_1
16072,1_00_0
16073,4_00_0
16074,3_a9_2
16077,3_00_0
16078,5_b7_1
16079,3_b8_1
16081,3_00_0
16082,3_b7_1
16083,1_00_0
16084,5_a7_2
16085,2_a5_2
16086,4_00_0
16087,3_00_0
16088,5_b6_1
16089,6_a11_1
16090,6_00_0
16091,3_a9_1
16092,1_00_0
16093,1_00_0
16094,6_00_0
16095,3_00_0
16096,3_00_0
16097,4_00_0
16098,6_00_0
16099,3_b6_1
16100,6_00_0
16101,3_00_0
16102,3_00_0
16103,2_a5_2
16104,4_00_0
16106,5_b8_1
16107,3_b3_1
16109,2_00_0
16110,3_00_0
16111,3_00_0
16114,6_00_0
16116,4_00_0
16117,3_00_0
16118,3_b3_1
16119,5_b6_1
16120,2_a5_2
16121,3_00_0
16122,3_b6_1
16123,3_00_0
16124,3_a9_2
16126,3_00_0
16127,4_00_0
16128,3_00_0
16129,1_00_0
16130,4_00_0
16131,1_00_0
16132,1_00_0
16133,3_b3_1
16134,3_b3_1
16135,6_00_0
16136,4_00_0
16137,1_00_0
16139,3_00_0
16140,1_00_0
16141,3_00_0
16142,6_00_0
16143,3_00_0
16144,4_00_0
16145,4_00_0
16146,1_00_0
16147,3_b3_1
16148,1_00_0
16149,5_b8_1
16151,3_a9_2
16153,4_00_0
16154,5_b8_1
16155,4_00_0
16156,6_a12_2
16157,1_00_0
16158,5_a7_2
16159,6_00_0
16160,2_00_0
16161,6_a11_1
16162,3_00_0
16163,4_00_0
16164,6_00_0
16165,2_00_0
16166,3_00_0
16167,3_b6_1
16168,6_00_0
16169,3_00_0
16170,2_a5_2
16171,3_b7_1
16173,4_00_0
16174,3_b8_1
16175,2_00_0
16176,3_00_0
16177,3_00_0
16178,3_b7_1
16179,6_00_0
16180,4_00_0
16181,5_b8_1
16182,3_00_0
16183,5_b7_1
16184,3_b6_1
16185,5_a7_2
16187,3_a9_1
16188,3_00_0
16189,6_00_0
16190,6_a11_1
16191,5_a7_2
16192,3_a9_1
16193,4_00_0
16196,4_00_0
16198,4_00_0
16199,1_00_0
16200,3_00_0
16201,6_00_0
16202,4_00_0
16204,2_00_0
16205,4_00_0
16206,1_00_0
16207,4_00_0
16208,3_b3_1
16209,3_00_0
16210,1_00_0
16211,3_00_0
16212,4_00_0
16214,1_00_0
16215,3_a9_3
16216,6_00_0
16217,6_00_0
16218,3_b3_1
16219,2_a5_2
16220,2_a5_2
16221,3_00_0
16222,5_b6_1
16223,3_00_0
16224,3_00_0
16226,2_00_0
16227,2_00_0
16228,4_00_0
16229,4_00_0
16230,3_00_0
16231,3_b8_1
16232,1_00_0
16233,4_00_0
16235,3_a9_1
16236,6_b5_1
16237,4_00_0
16239,3_b8_1
16240,3_b8_1
16241,1_00_0
16242,2_00_0
16243,5_a7_2
16244,3_00_0
16245,1_00_0
16247,4_00_0
16248,5_b8_1
16249,4_00_0
16250,1_00_0
16251,3_00_0
16252,3_00_0
16253,5_b7_1
16254,3_00_0
16255,4_00_0
16256,6_00_0
16257,6_00_0
16258,5_b8_1
16259,6_00_0
16260,4_00_0
16261,1_00_0
16262,3_00_0
16263,6_00_0
16264,6_00_0
16265,5_b6_1
16268,4_00_0
16270,6_00_0
16271,1_00_0
16272,5_a7_2
16273,3_b6_1
16274,5_b8_1
16275,3_b7_1
16276,6_00_0
16277,3_00_0
16278,3_00_0
16279,3_b8_1
16280,5_b8_1
16281,6_00_0
16282,2_00_0
16283,2_a5_2
16284,3_00_0
16285,3_00_0
16286,1_00_0
16287,4_00_0
16288,1_00_0
16289,6_a12_2
16292,3_00_0
16293,5_00_0
16294,3_b7_1
16295,3_00_0
16296,3_b6_1
16297,4_00_0
16299,1_00_0
16301,5_b8_1
16302,3_b7_1
16303,1_00_0
16304,3_00_0
16305,3_00_0
16306,3_00_0
16307,1_00_0
16309,3_00_0
16310,3_a9_2
16311,1_00_0
16312,3_a9_1
16313,6_00_0
16314,3_b8_1
16316,1_00_0
16317,3_00_0
16318,3_00_0
16319,3_b3_1
16320,2_a5_2
16321,3_00_0
16322,3_00_0
16323,1_00_0
16325,6_00_0
16326,5_b7_1
16327,4_00_0
16328,6_00_0
16329,1_00_0
16330,4_00_0
16331,3_a9_2
16332,6_00_0
16333,6_00_0
16334,3_b3_1
16336,1_00_0
16337,4_00_0
16338,5_b6_1
16339,6_a11_1
16340,2_a5_2
16341,3_b8_1
16342,2_00_0
16343,5_b8_1
16344,6_a12_2
16345,4_00_0
16346,4_00_0
16347,2_00_0
16348,4_00_0
16349,6_00_0
16351,3_00_0
16352,3_a9_1
16353,3_00_0
16354,5_00_0
16355,5_b8_1
16356,3_a9_2
16357,4_00_0
16358,3_00_0
16359,5_b7_1
16360,2_a5_2
16361,5_b8_1
16363,6_00_0
16364,1_00_0
16365,1_00_0
16366,3_00_0
16367,2_a5_2
16368,4_00_0
16369,3_00_0
16370,1_00_0
16371,6_00_0
16372,6_00_0
16373,5_b7_1
16374,3_b3_1
16375,1_00_0
16376,3_00_0
16377,3_b7_1
16378,3_00_0
16379,5_a7_2
16380,1_00_0
16381,3_b3_1
16382,4_00_0
16383,2_00_0
16384,3_a9_1
16385,1_00_0
16386,3_00_0
16387,3_00_0
16388,1_00_0
16389,4_00_0
16390,1_00_0
16391,3_00_0
16392,3_00_0
16393,4_00_0
16394,3_00_0
16396,4_00_0
16397,3_b7_1
16398,5_a7_2
16399,6_00_0
16400,3_a9_1
16401,3_00_0
16403,3_b3_1
16404,3_00_0
16405,6_00_0
16406,3_00_0
16407,5_b7_1
16408,1_00_0
16409,3_b3_1
16410,5_b8_1
16411,6_b4_1
16412,3_a9_1
16413,3_a9_1
16414,2_00_0
16415,2_a5_2
16416,3_00_0
16417,6_00_0
16418,4_00_0
16419,6_00_0
16420,4_00_0
16421,1_00_0
16422,6_00_0
16424,3_00_0
16425,3_00_0
16426,5_b7_1
16428,3_00_0
16429,1_00_0
16430,1_00_0
16431,6_b4_1
16432,4_00_0
16433,1_00_0
16434,6_00_0
16436,4_00_0
16438,4_00_0
16439,5_b8_1
16440,4_00_0
16441,3_00_0
16442,6_00_0
16443,3_00_0
16444,3_00_0
16445,5_b7_1
16446,4_00_0
16447,3_00_0
16448,3_b8_1
16449,5_b7_1
16450,3_00_0
16451,3_00_0
16452,1_00_0
16453,2_a5_2
16454,6_00_0
16456,3_00_0
16457,6_00_0
16458,3_b7_1
16459,6_00_0
16460,6_00_0
16461,3_b3_1
16462,3_00_0
16463,3_00_0
16464,6_00_0
16465,1_00_0
16466,5_b8_1
16467,6_b5_1
16468,6_00_0
16470,4_00_0
16471,1_00_0
16472,6_b4_3
16473,3_00_0
16474,1_00_0
16475,6_00_0
16476,5_a7_2
16477,4_00_0
16478,6_00_0
16479,3_a9_1
16480,3_00_0
16481,3_a9_2
16482,6_b5_1
16483,5_a7_2
16484,3_00_0
16487,3_00_0
16488,4_00_0
16489,3_b3_1
16490,4_00_0
16492,3_00_0
16493,1_00_0
16494,3_b6_1
16495,4_00_0
16496,6_00_0
16497,3_a9_1
16498,1_00_0
16499,5_b7_1
16500,6_b4_3
16501,6_00_0
16502,6_00_0
16504,5_b6_1
16506,1_00_0
16507,4_00_0
16508,1_00_0
16509,3_00_0
16510,4_00_0
16511,3_a9_2
16513,3_b7_1
16515,4_00_0
16516,3_b6_1
16517,4_00_0
16518,3_b8_1
16519,6_00_0
16520,3_00_0
16521,4_00_0
16522,6_00_0
16524,3_00_0
16525,3_b7_1
16526,2_a5_2
16527,4_00_0
16528,4_00_0
16529,6_00_0
16530,6_00_0
16532,1_00_0
16533,3_00_0
16534,3_00_0
16535,4_00_0
16536,4_00_0
16537,3_a9_2
16538,1_00_0
16539,1_00_0
16540,1_00_0
16541,3_a9_2
16542,1_00_0
16543,6_00_0
16544,3_00_0
16545,3_00_0
16546,3_00_0
16547,5_a7_2
16548,1_00_0
16549,3_00_0
16550,6_a12_2
16551,6_00_0
16552,3_00_0
16553,3_b3_1
16555,3_00_0
16557,1_00_0
16558,6_00_0
16559,3_00_0
16560,4_00_0
16561,6_00_0
16562,1_00_0
16563,1_00_0
16564,6_00_0
16565,3_00_0
16566,1_00_0
16567,3_b3_1
16569,4_00_0
16570,3_00_0
16572,3_00_0
16573,3_00_0
16574,3_00_0
16575,4_00_0
16576,4_00_0
16578,2_00_0
16579,3_b6_1
16580,1_00_0
16581,6_00_0
16582,1_00_0
16583,6_00_0
16584,3_b3_1
16585,3_00_0
16586,4_00_0
16588,6_00_0
16589,5_a7_2
16590,3_a9_2
16591,3_b8_1
16592,5_b7_1
16593,5_a7_2
16594,3_b7_1
16595,4_00_0
16596,3_b6_1
16597,6_00_0
16598,3_a9_2
16599,4_00_0
16600,5_b8_1
16601,3_a9_2
16602,5_b7_1
16605,1_00_0
16608,4_00_0
16610,4_00_0
16611,3_00_0
16612,6_00_0
16613,6_b4_3
16614,3_00_0
16615,1_00_0
16616,4_00_0
16617,3_00_0
16618,6_00_0
16619,3_00_0
16620,3_00_0
16622,3_00_0
16623,3_a9_1
16624,1_00_0
16625,6_00_0
16627,3_b6_1
16628,4_00_0
16629,5_b7_1
16630,3_b7_1
16631,4_00_0
16632,6_00_0
16633,3_b7_1
16634,6_00_0
16635,3_a9_1
16636,5_b7_1
16637,6_00_0
16638,1_00_0
16639,1_00_0
16640,3_00_0
16641,6_00_0
16642,3_00_0
16644,3_00_0
16645,1_00_0
16646,3_a9_2
16648,1_00_0
16649,6_00_0
16650,1_00_0
16653,2_00_0
16654,3_b3_1
16655,5_a7_2
16656,1_00_0
16657,6_00_0
16658,2_00_0
16659,3_b3_1
16660,5_b7_1
16661,5_a7_2
16662,1_00_0
16663,3_00_0
16664,4_00_0
16665,6_00_0
16666,3_00_0
16667,3_00_0
16668,6_00_0
16669,3_b8_1
16670,3_00_0
16671,3_b3_1
16672,5_b8_1
16673,6_00_0
16674,3_00_0
16676,3_a9_1
16677,4_00_0
16679,3_00_0
16680,4_00_0
16681,3_a9_1
16682,3_a9_2
16683,1_00_0
16684,6_00_0
16685,6_00_0
16686,5_b7_1
16687,4_00_0
16688,4_00_0
16689,1_00_0
16690,6_a11_1
16691,6_00_0
16692,5_b7_1
16693,6_00_0
16694,3_00_0
16695,5_b6_1
16696,2_a5_2
16697,4_00_0
16698,3_00_0
16699,5_a7_2
16700,1_00_0
16701,3_00_0
16702,3_00_0
16703,6_00_0
16704,5_00_0
16705,3_00_0
16706,3_00_0
16707,3_00_0
16708,3_00_0
16710,5_b8_1
16711,1_00_0
16712,6_00_0
16713,1_00_0
16714,4_00_0
16715,6_00_0
16716,3_00_0
16717,5_b8_1
16718,6_00_0
16719,3_00_0
16720,3_a9_1
16721,5_b8_1
16722,3_00_0
16723,4_00_0
16724,3_00_0
16725,5_a7_2
16726,1_00_0
16727,1_00_0
16728,4_00_0
16730,6_00_0
16731,1_00_0
16732,1_00_0
16733,6_00_0
16734,6_00_0
16735,6_00_0
16736,6_00_0
16738,3_00_0
16739,4_00_0
16740,3_00_0
16741,6_00_0
16742,6_00_0
16743,3_00_0
16744,2_a5_2
16745,3_00_0
16747,3_00_0
16749,3_00_0
16750,4_00_0
16751,3_00_0
16753,3_b6_1
16754,1_00_0
16755,5_b6_1
16756,3_b6_1
16760,3_00_0
16761,6_00_0
16762,3_b6_1
16763,4_00_0
16765,1_00_0
16768,3_b7_1
16769,3_00_0
16770,4_00_0
16771,6_00_0
16772,3_00_0
16773,5_b8_1
16774,3_a9_2
16775,3_00_0
16777,2_a5_2
16778,3_a9_1
16779,4_00_0
16780,6_00_0
16781,3_00_0
16782,5_a7_2
16783,3_a9_2
16784,3_00_0
16785,3_a9_3
16786,2_00_0
16787,3_00_0
16788,1_00_0
16789,3_00_0
16790,6_00_0
16791,1_00_0
16792,5_b7_1
16793,3_00_0
16794,3_00_0
16795,2_00_0
16797,4_00_0
16798,4_00_0
16799,6_00_0
16800,3_a9_2
16801,3_00_0
16802,3_00_0
16803,5_b6_1
16804,6_00_0
16805,1_00_0
16806,5_b7_1
16807,3_00_0
16808,1_00_0
16809,3_b6_1
16810,6_00_0
16812,3_b7_1
16813,5_b6_1
16814,3_a9_3
16815,1_00_0
16816,5_b6_1
16817,3_00_0
16818,5_b8_1
16819,3_b8_1
16820,6_a11_1
16822,1_00_0
16823,5_00_0
16824,3_b7_1
16825,6_00_0
16826,5_00_0
16827,5_b7_1
16828,3_00_0
16829,5_a7_2
16830,1_00_0
16831,5_b8_1
16832,3_a9_2
16833,3_00_0
16834,3_a9_1
16835,5_b7_1
16836,2_a5_2
16837,1_00_0
16838,3_b6_1
16839,3_b6_1
16840,4_00_0
16841,2_a5_2
16843,1_00_0
16844,5_b8_1
16846,3_b6_1
16847,3_00_0
16848,4_00_0
16849,3_00_0
16850,1_00_0
16851,6_00_0
16852,2_00_0
16853,3_b7_1
16854,3_b6_1
16855,3_a9_2
16856,4_00_0
16857,1_00_0
16858,1_00_0
16859,5_b7_1
16860,6_00_0
16861,4_00_0
16862,3_00_0
16863,3_b6_1
16864,1_00_0
16865,3_a9_2
16867,5_00_0
16868,6_00_0
16869,1_00_0
16870,6_00_0
16871,5_b8_1
16873,3_00_0
16874,6_00_0
16875,5_b7_1
16876,6_00_0
16877,4_00_0
16878,6_00_0
16879,3_00_0
16880,3_00_0
16881,6_00_0
16882,6_00_0
16883,4_00_0
16885,2_00_0
16886,4_00_0
16887,2_a5_2
16888,1_00_0
16889,6_a11_1
16890,6_00_0
16891,3_00_0
16892,5_b8_1
16893,3_b3_1
16894,5_00_0
16895,6_00_0
16896,1_00_0
16897,3_00_0
16898,4_00_0
16899,2_00_0
16900,6_00_0
16901,4_00_0
16902,4_00_0
16903,6_00_0
16904,1_00_0
16905,4_00_0
16906,4_00_0
16907,6_00_0
16908,4_00_0
16909,3_b7_1
16910,6_00_0
16911,6_00_0
16912,3_b6_1
16913,6_00_0
16914,3_00_0
16915,5_b6_1
16916,3_00_0
16917,4_00_0
16918,4_00_0
16919,3_00_0
16920,1_00_0
16921,3_00_0
16922,1_00_0
16923,3_a9_1
16924,1_00_0
16925,3_00_0
16926,1_00_0
16927,3_b6_1
16928,3_a9_3
16929,3_00_0
16930,3_a9_2
16931,6_a11_1
16932,4_00_0
16933,4_00_0
16934,1_00_0
16935,3_a9_1
16936,4_00_0
16937,5_a7_2
16939,5_b8_1
16940,6_00_0
16941,1_00_0
16942,3_b8_1
16943,6_00_0
16944,5_b6_1
16945,4_00_0
16946,3_b3_1
16948,6_00_0
16949,3_a9_1
16950,1_00_0
16952,5_b6_1
16953,5_b8_1
16954,3_00_0
16955,1_00_0
16956,4_00_0
16957,5_b7_1
16959,3_00_0
16960,6_00_0
16961,6_00_0
16964,5_b6_1
16965,4_00_0
16966,1_00_0
16967,6_00_0
16968,4_00_0
16969,5_b7_1
16970,1_00_0
16971,4_00_0
16972,3_a9_2
16973,2_a5_2
16974,3_a9_2
16975,1_00_0
16976,4_00_0
16977,3_a9_2
16978,3_00_0
16980,6_00_0
16981,3_b7_1
16982,1_00_0
16984,6_00_0
16986,3_a9_2
16987,6_00_0
16988,3_a9_2
16989,3_00_0
16990,5_a7_2
16993,1_00_0
16994,3_b8_1
16995,5_00_0
16996,2_a5_2
16997,3_b3_1
16998,3_00_0
16999,2_00_0
17000,6_00_0
17001,6_a11_1
17002,4_00_0
17003,3_00_0
17004,6_00_0
17005,3_b7_1
17007,4_00_0
17008,1_00_0
17009,4_00_0
17010,4_00_0
17011,4_00_0
17012,5_00_0
17013,2_a5_2
17014,6_00_0
17015,6_00_0
17016,1_00_0
17018,5_b6_1
17019,6_00_0
17020,1_00_0
17021,3_00_0
17022,4_00_0
17023,6_a12_1
17024,3_00_0
17025,3_00_0
17027,4_00_0
17028,3_00_0
17029,1_00_0
17030,3_00_0
17031,3_b8_1
17032,6_00_0
17033,3_a9_2
17034,3_b6_1
17035,3_b8_1
17036,1_00_0
17037,3_00_0
17038,3_00_0
17039,3_b6_1
17040,3_00_0
17041,2_00_0
17042,1_00_0
17043,3_00_0
17044,6_00_0
17045,2_00_0
17046,6_00_0
17047,1_00_0
17048,3_00_0
17049,2_a5_2
17050,4_00_0
17052,3_b7_1
17053,4_00_0
17054,5_a7_2
17056,4_00_0
17057,1_00_0
17058,5_00_0
17059,4_00_0
17060,2_00_0
17062,4_00_0
17063,3_00_0
17064,3_00_0
17068,6_00_0
17069,1_00_0
17070,3_b8_1
17071,3_00_0
17072,6_00_0
17073,3_b7_1
17074,6_a12_2
17075,3_00_0
17076,4_00_0
17077,4_00_0
17078,3_00_0
17081,5_b7_1
17082,4_00_0
17083,4_00_0
17084,2_00_0
17085,1_00_0
17086,5_b6_1
17087,3_00_0
17088,3_00_0
17089,3_00_0
17090,1_00_0
17091,5_00_0
17092,3_00_0
17093,4_00_0
17094,6_00_0
17095,3_b7_1
17096,3_00_0
17097,1_00_0
17098,6_00_0
17099,3_00_0
17100,1_00_0
17101,3_a9_2
17102,4_00_0
17103,3_00_0
17104,4_00_0
17105,5_b7_1
17106,6_00_0
17107,3_00_0
17108,6_00_0
17109,3_00_0
17110,3_00_0
17111,4_00_0
17112,4_00_0
17113,3_a9_2
17114,6_a11_1
17115,2_00_0
17116,6_00_0
17118,3_a9_1
17120,1_00_0
17121,4_00_0
17122,2_00_0
17123,6_00_0
17124,4_00_0
17128,3_a9_2
17130,4_00_0
17131,6_a12_2
17132,3_b3_1
17133,4_00_0
17134,4_00_0
17136,5_b7_1
17137,3_00_0
17138,1_00_0
17139,4_00_0
17140,3_00_0
17141,1_00_0
17142,3_00_0
17143,3_b7_1
17144,4_00_0
17145,3_a9_2
17146,6_00_0
17147,3_00_0
17148,3_00_0
17149,3_b3_1
17150,3_a9_2
17151,1_00_0
17152,3_00_0
17153,3_00_0
17154,5_b8_1
17155,1_00_0
17156,4_00_0
17157,5_b8_1
17158,3_00_0
17159,5_00_0
17161,1_00_0
17162,3_a9_2
17163,1_00_0
17164,3_b7_1
17165,3_a9_1
17166,3_b6_1
17167,5_b6_1
17168,6_a12_2
17169,1_00_0
17170,3_00_0
17171,4_00_0
17172,3_00_0
17173,3_a9_2
17174,3_00_0
17175,3_00_0
17176,3_00_0
17177,1_00_0
17178,3_b6_1
17179,5_b6_1
17180,3_b3_1
17181,3_00_0
17182,5_b7_1
17184,1_00_0
17185,5_b8_1
17186,6_00_0
17189,6_00_0
17190,3_00_0
17191,1_00_0
17192,4_00_0
17193,6_00_0
17194,3_b6_1
17195,4_00_0
17196,3_00_0
17197,3_00_0
17198,5_b6_1
17199,5_b6_1
17200,4_00_0
17201,3_00_0
17202,5_b7_1
17203,6_00_0
17204,6_00_0
17206,5_a7_2
17207,2_00_0
17208,6_00_0
17209,3_00_0
17210,1_00_0
17211,3_00_0
17212,4_00_0
17213,3_00_0
17214,5_b6_1
17215,1_00_0
17216,6_00_0
17217,4_00_0
17218,4_00_0
17219,2_a5_2
17220,6_00_0
17221,6_00_0
17222,3_00_0
17224,4_00_0
17225,3_00_0
17226,4_00_0
17227,4_00_0
17228,1_00_0
17229,3_b8_1
17230,3_00_0
17231,6_00_0
17233,6_a11_1
17234,3_00_0
17235,4_00_0
17236,6_b5_1
17237,6_00_0
17238,3_b7_1
17239,3_00_0
17240,1_00_0
17241,5_b7_1
17242,1_00_0
17243,3_b3_1
17244,4_00_0
17245,3_00_0
17246,4_00_0
17248,2_a5_2
17249,3_00_0
17250,3_00_0
17252,3_00_0
17253,5_b6_1
17254,1_00_0
17255,5_b7_1
17256,6_00_0
17257,6_00_0
17258,1_00_0
17260,3_b8_1
17262,6_b5_1
17263,3_00_0
17264,6_00_0
17265,3_b7_1
17267,3_b7_1
17269,3_00_0
17270,4_00_0
17271,3_b7_1
17272,6_00_0
17273,6_00_0
17274,3_00_0
17275,4_00_0
17276,4_00_0
17277,1_00_0
17278,4_00_0
17279,5_a7_2
17280,3_b8_1
17281,5_b8_1
17282,4_00_0
17283,4_00_0
17284,6_00_0
17285,5_b6_1
17286,5_a7_2
17287,2_a5_2
17288,4_00_0
17289,1_00_0
17290,3_00_0
17291,3_00_0
17292,3_00_0
17293,4_00_0
17294,3_b7_1
17295,6_00_0
17296,3_00_0
17297,3_00_0
17298,3_00_0
17299,6_00_0
17301,1_00_0
17302,6_00_0
17304,3_00_0
17306,3_00_0
17307,4_00_0
17308,5_b6_1
17309,6_b4_3
17311,3_00_0
17312,3_00_0
17313,4_00_0
17314,3_a9_3
17315,3_b3_1
17317,3_b7_1
17318,4_00_0
17319,3_00_0
17320,2_00_0
17321,1_00_0
17322,3_a9_1
17323,5_b8_1
17325,3_00_0
17329,3_00_0
17330,3_00_0
17331,6_a12_2
17333,4_00_0
17335,6_00_0
17336,3_b8_1
17337,3_00_0
17338,6_00_0
17339,6_a12_2
17340,6_00_0
17342,1_00_0
17343,5_b6_1
17345,3_b6_1
17347,3_00_0
17348,4_00_0
17350,5_b7_1
17351,3_b6_1
17352,6_00_0
17353,3_a9_1
17355,3_b6_1
17356,3_a9_1
17357,1_00_0
17358,5_00_0
17359,5_b7_1
17360,5_b6_1
17361,1_00_0
17362,2_00_0
17363,3_b7_1
17364,6_a12_2
17365,1_00_0
17366,6_00_0
17369,4_00_0
17371,6_00_0
17372,4_00_0
17373,1_00_0
17374,5_b6_1
17375,4_00_0
17376,3_a9_2
17377,6_a11_1
17378,6_00_0
17379,3_b7_1
17380,3_00_0
17381,3_b8_1
17382,4_00_0
17383,6_a12_2
17384,6_00_0
17385,1_00_0
17386,5_b8_1
17387,3_a9_1
17388,2_a5_2
17389,1_00_0
17390,4_00_0
17391,1_00_0
17392,5_b7_1
17393,1_00_0
17394,3_00_0
17395,4_00_0
17396,6_00_0
17397,5_b6_1
17398,5_b6_1
17399,4_00_0
17400,4_00_0
17402,5_b8_1
17403,5_00_0
17404,5_b6_1
17405,3_00_0
17406,3_00_0
17407,3_00_0
17408,3_00_0
17409,3_00_0
17410,2_a5_2
17411,3_00_0
17412,6_00_0
17413,4_00_0
17414,4_00_0
17415,6_00_0
17416,6_00_0
17417,4_00_0
17418,1_00_0
17419,6_00_0
17421,1_00_0
17422,4_00_0
17423,6_00_0
17424,3_00_0
17425,3_a9_1
17426,3_a9_2
17429,3_00_0
17430,1_00_0
17431,3_b6_1
17432,6_00_0
17433,5_b6_1
17434,3_b6_1
17435,3_00_0
17436,4_00_0
17437,6_00_0
17438,5_b7_1
17439,3_00_0
17440,4_00_0
17441,3_00_0
17443,3_a9_1
17444,3_a9_2
17445,6_00_0
17447,2_a5_2
17448,5_b8_1
17449,3_a9_2
17450,3_00_0
17452,4_00_0
17453,3_00_0
17454,6_00_0
17455,4_00_0
17456,3_b7_1
17457,1_00_0
17458,5_a7_2
17459,3_00_0
17460,6_00_0
17461,3_00_0
17462,4_00_0
17464,2_a5_2
17466,3_00_0
17467,3_b3_1
17468,5_00_0
17469,6_00_0
17470,4_00_0
17471,5_b8_1
17472,3_a9_2
17473,1_00_0
17474,3_a9_1
17475,6_00_0
17476,5_b6_1
17477,3_b6_1
17478,3_00_0
17479,3_b8_1
17480,4_00_0
17481,2_a5_2
17483,6_00_0
17484,1_00_0
17485,3_b3_1
17486,1_00_0
17488,5_b7_1
17489,2_a5_2
17490,6_00_0
17491,6_00_0
17492,5_b8_1
17493,6_00_0
17494,3_00_0
17495,3_00_0
17496,2_00_0
17498,3_00_0
17499,5_b8_1
17500,6_00_0
17501,4_00_0
17502,3_00_0
17503,3_00_0
17504,3_00_0
17505,1_00_0
17506,4_00_0
17507,3_00_0
17509,6_00_0
17510,2_a5_2
17511,5_b7_1
17512,6_00_0
17513,3_00_0
17514,5_b7_1
17515,4_00_0
17516,3_00_0
17517,3_b6_1
17518,1_00_0
17519,2_a5_2
17520,3_a9_1
17522,5_b8_1
17523,1_00_0
17524,1_00_0
17525,1_00_0
17526,1_00_0
17527,6_00_0
17528,3_b3_1
17529,6_00_0
17530,6_b4_3
17531,3_b3_1
17532,4_00_0
17533,5_b7_1
17535,1_00_0
17536,3_00_0
17537,5_b8_1
17538,6_00_0
17539,3_00_0
17540,1_00_0
17541,4_00_0
17542,3_b7_1
17543,6_00_0
17544,5_b8_1
17545,3_a9_2
17546,3_00_0
17547,2_00_0
17548,2_00_0
17549,3_00_0
17550,1_00_0
17552,3_00_0
17553,4_00_0
17554,1_00_0
17555,3_00_0
17556,3_00_0
17557,4_00_0
17558,3_00_0
17559,6_00_0
17560,3_b6_1
17561,3_00_0
17562,5_b7_1
17563,3_00_0
17564,3_00_0
17565,3_b3_1
17566,3_00_0
17567,4_00_0
17568,4_00_0
17570,2_a5_2
17571,6_00_0
17572,5_b8_1
17574,6_00_0
17576,5_b6_1
17577,3_00_0
17578,6_00_0
17581,3_00_0
17582,3_00_0
17583,4_00_0
17584,3_a9_1
17585,4_00_0
17586,5_b7_1
17587,3_00_0
17588,2_00_0
17589,3_b3_1
17590,4_00_0
17591,4_00_0
17593,1_00_0
17594,3_b6_1
17596,1_00_0
17597,1_00_0
17598,1_00_0
17599,5_b7_1
17600,3_b8_1
17601,2_a5_2
17602,6_a12_2
17604,6_00_0
17605,3_b6_1
17606,3_00_0
17609,5_b7_1
17610,5_b6_1
17611,1_00_0
17612,1_00_0
17613,4_00_0
17614,6_00_0
17615,1_00_0
17616,6_00_0
17617,5_b6_1
17618,3_00_0
17619,1_00_0
17620,3_00_0
17621,3_00_0
17622,3_a9_1
17623,3_00_0
17624,5_a7_2
17625,6_00_0
17626,4_00_0
17628,4_00_0
17629,3_00_0
17630,3_00_0
17631,5_b7_1
17632,6_00_0
17634,5_b8_1
17635,1_00_0
17636,6_00_0
17637,1_00_0
17639,5_b7_1
17640,3_00_0
17641,4_00_0
17642,3_00_0
17643,2_00_0
17644,3_00_0
17645,3_b7_1
17646,6_00_0
17647,4_00_0
17648,1_00_0
17649,5_b8_1
17650,1_00_0
17651,5_b6_1
17652,4_00_0
17653,5_b7_1
17654,6_00_0
17655,3_a9_3
17656,3_00_0
17657,4_00_0
17658,4_00_0
17659,3_00_0
17660,3_b6_1
17661,3_00_0
17662,2_a5_2
17663,6_a11_1
17664,4_00_0
17666,2_a5_2
17667,6_00_0
17668,3_00_0
17669,3_a9_2
17670,3_b6_1
17671,4_00_0
17672,1_00_0
17673,5_b7_1
17674,6_00_0
17675,4_00_0
17676,2_a5_2
17677,4_00_0
17678,5_b8_1
17679,4_00_0
17680,3_b7_1
17682,2_00_0
17683,3_00_0
17684,4_00_0
17685,1_00_0
17686,1_00_0
17687,1_00_0
17688,3_00_0
17689,5_b6_1
17690,4_00_0
17691,3_00_0
17692,3_00_0
17693,5_a7_2
17694,1_00_0
17695,2_a5_2
17696,4_00_0
17697,3_b6_1
17698,3_b6_1
17699,4_00_0
17700,3_00_0
17701,3_00_0
17702,4_00_0
17703,3_00_0
17704,3_00_0
17705,2_a5_2
17706,6_a11_2
17707,3_a9_2
17708,3_00_0
17709,3_00_0
17710,4_00_0
17711,3_00_0
17712,3_00_0
17713,5_b7_1
17715,6_00_0
17716,3_00_0
17717,5_b6_1
17718,3_00_0
17719,3_a9_1
17720,1_00_0
17721,5_b7_1
17722,3_a9_1
17723,3_b6_1
17724,4_00_0
17725,3_00_0
17726,3_b7_1
17727,6_00_0
17728,3_b3_1
17729,6_00_0
17730,5_00_0
17731,3_a9_1
17732,4_00_0
17733,2_00_0
17734,1_00_0
17735,3_b7_1
17736,5_b8_1
17738,4_00_0
17739,1_00_0
17740,1_00_0
17741,4_00_0
17742,3_00_0
17743,6_00_0
17744,5_b8_1
17745,3_b6_1
17746,6_00_0
17747,5_b7_1
17748,3_00_0
17749,3_a9_3
17750,3_b6_1
17751,3_b7_1
17753,5_b7_1
17754,6_00_0
17755,1_00_0
17756,4_00_0
17757,2_00_0
17758,3_00_0
17759,6_00_0
17760,5_b7_1
17761,4_00_0
17762,6_00_0
17763,3_00_0
17764,5_b6_1
17765,2_a5_2
17766,3_b6_1
17767,5_b6_1
17769,3_00_0
17770,6_00_0
17771,1_00_0
17772,3_a9_1
17773,3_b6_1
17774,5_b7_1
17775,3_a9_2
17776,3_a9_2
17777,3_00_0
17778,4_00_0
17779,4_00_0
17780,3_a9_1
17781,3_00_0
17782,3_b6_1
17783,1_00_0
17784,4_00_0
17786,6_00_0
17787,1_00_0
17789,1_00_0
17790,6_00_0
17791,1_00_0
17792,2_a5_2
17793,3_b6_1
17794,6_00_0
17795,5_b8_1
17796,6_00_0
17797,4_00_0
17798,4_00_0
17799,2_00_0
17800,3_b3_1
17801,2_a5_2
17802,3_b6_1
17803,3_b6_1
17804,4_00_0
17805,3_b3_1
17806,3_a9_1
17807,3_00_0
17808,4_00_0
17809,3_00_0
17810,3_b6_1
17811,6_00_0
17812,1_00_0
17813,3_a9_2
17814,3_b6_1
17815,6_00_0
17817,3_a9_2
17818,3_00_0
17819,6_00_0
17820,6_00_0
17821,4_00_0
17822,1_00_0
17823,2_00_0
17824,6_00_0
17825,3_00_0
17826,5_b8_1
17827,3_00_0
17828,6_00_0
17829,3_00_0
17830,4_00_0
17831,6_00_0
17832,3_b7_1
17833,3_a9_2
17834,3_00_0
17837,1_00_0
17838,3_b6_1
17840,4_00_0
17841,4_00_0
17843,6_00_0
17844,3_00_0
17845,6_00_0
17846,3_a9_2
17847,3_00_0
17848,3_b8_1
17850,3_00_0
17852,3_00_0
17853,4_00_0
17854,3_00_0
17855,3_00_0
17856,4_00_0
17857,3_b6_1
17858,3_00_0
17859,3_00_0
17860,6_00_0
17861,1_00_0
17863,5_b6_1
17864,1_00_0
17865,3_a9_2
17866,3_a9_1
17867,6_00_0
17868,3_00_0
17869,6_00_0
17870,6_00_0
17871,3_00_0
17872,3_00_0
17874,3_00_0
17875,5_b6_1
17876,3_a9_2
17877,2_00_0
17878,3_b7_1
17880,4_00_0
17881,5_b8_1
17882,4_00_0
17884,3_b7_1
17885,4_00_0
17886,6_00_0
17887,3_00_0
17888,6_b4_1
17889,3_00_0
17890,4_00_0
17891,4_00_0
17892,3_b6_1
17893,2_a5_2
17894,4_00_0
17895,6_00_0
17896,6_00_0
17897,3_b6_1
17898,5_b7_1
17899,5_b7_1
17900,4_00_0
17901,5_00_0
17903,4_00_0
17904,6_00_0
17905,6_00_0
17906,1_00_0
17907,3_00_0
17908,5_b6_1
17909,1_00_0
17910,3_00_0
17911,1_00_0
17912,5_b7_1
17913,2_a5_2
17914,3_00_0
17915,1_00_0
17916,5_a7_2
17919,6_00_0
17920,5_b7_1
17921,6_00_0
17922,3_b7_1
17923,2_00_0
17924,5_b7_1
17925,1_00_0
17926,3_b6_1
17927,1_00_0
17928,6_00_0
17929,5_b7_1
17930,4_00_0
17931,2_00_0
17932,3_00_0
17933,6_00_0
17934,1_00_0
17935,4_00_0
17936,3_00_0
17937,3_b3_1
17938,1_00_0
17939,3_00_0
17940,1_00_0
17941,3_00_0
17942,4_00_0
17943,5_b6_1
17945,6_00_0
17946,3_b8_1
17947,5_b6_1
17948,3_b6_1
17949,3_00_0
17950,4_00_0
17951,5_a7_2
17952,6_00_0
17954,5_00_0
17955,6_00_0
17956,3_b8_1
17957,4_00_0
17958,6_00_0
17959,5_b7_1
17960,4_00_0
17961,3_00_0
17963,4_00_0
17964,3_00_0
17965,3_00_0
17966,4_00_0
17967,3_00_0
17969,4_00_0
17970,4_00_0
17971,4_00_0
17972,3_b7_1
17973,3_00_0
17974,1_00_0
17975,5_00_0
17976,1_00_0
17977,3_00_0
17978,3_b6_1
17979,3_00_0
17980,4_00_0
17981,1_00_0
17982,6_00_0
17983,3_00_0
17984,5_b8_1
17985,5_b6_1
17986,5_b8_1
17987,3_b8_1
17988,4_00_0
17990,6_00_0
17991,4_00_0
17992,3_b6_1
17993,6_00_0
17994,6_00_0
17995,4_00_0
17996,6_00_0
17997,3_a9_1
17998,3_00_0
17999,6_b4_1
18000,1_00_0
18001,6_00_0
18002,6_00_0
18003,6_00_0
18004,3_b7_1
18005,3_00_0
18006,2_a5_2
18007,6_00_0
18008,3_b3_1
18010,5_b8_1
18011,3_00_0
18012,3_00_0
18013,3_a9_1
18014,4_00_0
18015,3_b3_1
18016,3_b6_1
18018,6_00_0
18019,6_a11_1
18020,3_00_0
18021,1_00_0
18022,2_00_0
18023,4_00_0
18024,4_00_0
18025,3_a9_1
18026,5_00_0
18027,4_00_0
18028,3_00_0
18029,4_00_0
18030,2_a5_2
18031,3_00_0
18032,3_00_0
18033,4_00_0
18034,3_b6_1
18035,1_00_0
18036,3_b8_1
18037,6_00_0
18038,6_00_0
18039,3_00_0
18040,3_00_0
18041,3_b8_1
18043,5_00_0
18044,3_00_0
18045,1_00_0
18046,3_00_0
18047,1_00_0
18048,3_a9_1
18049,3_00_0
18050,4_00_0
18051,1_00_0
18052,1_00_0
18053,1_00_0
18054,3_b7_1
18056,3_00_0
18057,3_b6_1
18058,5_a7_2
18059,3_00_0
18060,1_00_0
18061,2_00_0
18062,6_00_0
18065,2_a5_2
18066,4_00_0
18067,1_00_0
18068,4_00_0
18069,3_00_0
18070,6_a12_1
18071,3_00_0
18072,3_a9_2
18073,3_00_0
18074,5_b8_1
18075,3_b6_1
18076,6_00_0
18077,5_b7_1
18078,4_00_0
18079,6_00_0
18080,3_a9_1
18081,3_00_0
18082,3_a9_2
18083,3_b6_1
18084,6_00_0
18085,5_b8_1
18086,4_00_0
18087,1_00_0
18089,4_00_0
18090,3_a9_2
18091,3_00_0
18092,4_00_0
18093,4_00_0
18096,4_00_0
18097,3_00_0
18098,6_00_0
18099,1_00_0
18100,5_b7_1
18101,3_b6_1
18102,6_00_0
18103,5_b6_1
18104,5_00_0
18105,4_00_0
18106,5_a7_2
18107,6_a11_1
18108,4_00_0
18111,6_00_0
18112,4_00_0
18113,3_00_0
18114,6_00_0
18115,6_00_0
18116,6_00_0
18117,6_00_0
18118,6_b5_1
18120,5_b7_1
18121,5_b7_1
18122,3_a9_2
18123,4_00_0
18124,3_b6_1
18125,4_00_0
18126,3_a9_2
18127,3_00_0
18128,1_00_0
18130,2_a5_2
18131,3_a9_1
18133,3_00_0
18134,1_00_0
18135,3_a9_1
18136,3_00_0
18137,3_b3_1
18138,4_00_0
18139,4_00_0
18140,3_00_0
18141,2_a5_2
18142,6_00_0
18143,6_00_0
18144,6_00_0
18147,3_00_0
18148,6_00_0
18149,6_a12_2
18150,3_00_0
18151,6_00_0
18152,1_00_0
18153,3_00_0
18155,3_00_0
18156,6_00_0
18157,6_00_0
18158,3_a9_1
18159,3_00_0
18160,3_a9_1
18161,3_00_0
18162,3_00_0
18163,4_00_0
18164,3_00_0
18165,3_b3_1
18166,3_00_0
18167,4_00_0
18168,2_00_0
18169,5_b8_1
18170,3_00_0
18172,6_00_0
18173,5_b6_1
18174,1_00_0
18175,3_b8_1
18176,3_b6_1
18177,3_00_0
18178,3_00_0
18179,6_00_0
18180,1_00_0
18181,3_b6_1
18182,2_00_0
18183,1_00_0
18184,6_00_0
18186,6_00_0
18187,4_00_0
18188,1_00_0
18189,3_00_0
18190,1_00_0
18191,4_00_0
18192,3_00_0
18193,1_00_0
18194,4_00_0
18195,6_00_0
18196,6_00_0
18197,3_b8_1
18198,6_00_0
18200,1_00_0
18201,4_00_0
18202,6_00_0
18203,6_00_0
18205,3_00_0
18206,3_00_0
18207,4_00_0
18208,1_00_0
18209,6_00_0
18210,1_00_0
18211,3_00_0
18213,5_b7_1
18214,5_a7_2
18215,3_00_0
18216,1_00_0
18217,3_00_0
18218,1_00_0
18219,3_b7_1
18220,5_b8_1
18221,3_b3_1
18222,6_00_0
18223,2_a5_2
18224,4_00_0
18225,4_00_0
18226,6_00_0
18227,1_00_0
18228,6_00_0
18229,6_00_0
18230,1_00_0
18231,6_b5_1
18232,5_b6_1
18233,3_b7_1
18234,3_a9_1
18235,4_00_0
18236,4_00_0
18237,2_a5_2
18238,4_00_0
18239,3_b6_1
18240,3_b8_1
18241,3_b7_1
18242,3_00_0
18243,6_00_0
18244,3_a9_2
18245,1_00_0
18246,2_a5_2
18247,4_00_0
18249,3_b6_1
18250,6_00_0
18251,1_00_0
18252,3_00_0
18253,3_00_0
18254,3_00_0
18255,3_00_0
18256,3_b8_1
18258,6_00_0
18259,4_00_0
18260,5_b8_1
18261,3_00_0
18262,3_00_0
18263,1_00_0
18264,2_a5_2
18265,3_00_0
18266,5_b7_1
18268,3_b6_1
18269,6_00_0
18270,6_00_0
18271,1_00_0
18272,3_b6_1
18275,6_00_0
18276,3_b6_1
18277,3_a9_2
18278,5_b6_1
18279,5_b8_1
18280,4_00_0
18281,5_b8_1
18282,6_00_0
18283,3_00_0
18284,6_b5_1
18285,2_a5_2
18286,6_00_0
18287,6_00_0
18288,6_a12_2
18289,6_00_0
18290,1_00_0
18291,6_00_0
18292,3_00_0
18293,3_a9_2
18294,1_00_0
18295,1_00_0
18296,2_00_0
18297,1_00_0
18298,4_00_0
18299,1_00_0
18300,3_a9_1
18301,3_b3_1
18303,6_00_0
18304,4_00_0
18305,1_00_0
18306,4_00_0
18307,6_00_0
18308,3_a9_1
18309,1_00_0
18310,6_00_0
18311,3_b7_1
18312,3_00_0
18313,3_b7_1
18314,3_b7_1
18315,3_00_0
18316,6_00_0
18317,3_00_0
18318,1_00_0
18319,3_00_0
18320,6_00_0
18322,3_00_0
18323,6_00_0
18324,2_00_0
18325,4_00_0
18326,6_00_0
18327,4_00_0
18328,3_00_0
18330,3_00_0
18331,3_00_0
18332,3_00_0
18334,3_b8_1
18335,4_00_0
18336,3_00_0
18337,5_b7_1
18338,3_b3_1
18339,1_00_0
18340,2_00_0
18341,3_00_0
18342,4_00_0
18344,1_00_0
18345,4_00_0
18346,4_00_0
18347,3_a9_2
18348,6_00_0
18349,3_00_0
18350,5_a7_2
18351,1_00_0
18353,6_00_0
18354,4_00_0
18355,4_00_0
18356,4_00_0
18357,5_a7_2
18358,4_00_0
18359,5_a7_2
18360,4_00_0
18361,3_00_0
18362,6_00_0
18363,3_a9_3
18364,6_00_0
18365,6_00_0
18366,2_a5_2
18367,4_00_0
18368,4_00_0
18369,3_00_0
18370,2_00_0
18371,5_b7_1
18372,3_00_0
18373,3_b3_1
18374,3_00_0
18375,6_b5_1
18376,3_b3_1
18377,2_a5_2
18378,5_b8_1
18379,6_00_0
18380,3_b7_1
18381,5_b8_1
18382,3_00_0
18383,6_00_0
18384,5_00_0
18385,4_00_0
18386,3_a9_2
18387,3_00_0
18388,5_a7_2
18389,6_00_0
18390,5_b8_1
18392,5_b6_1
18393,3_00_0
18394,5_b6_1
18395,6_00_0
18396,3_00_0
18397,5_a7_2
18398,1_00_0
18399,3_b7_1
18400,5_b7_1
18401,3_00_0
18402,3_a9_2
18403,4_00_0
18404,6_a11_1
18405,5_b8_1
18406,6_00_0
18407,1_00_0
18409,3_b7_1
18410,6_a11_1
18411,3_b6_1
18412,1_00_0
18413,4_00_0
18414,6_00_0
18415,2_00_0
18416,3_00_0
18417,1_00_0
18419,3_b3_1
18420,6_a12_2
18421,3_00_0
18422,6_00_0
18423,3_a9_1
18424,1_00_0
18426,3_00_0
18427,1_00_0
18428,2_a5_2
18429,3_00_0
18430,5_b7_1
18431,5_a7_2
18432,1_00_0
18433,3_00_0
18434,3_a9_1
18435,1_00_0
18436,6_00_0
18438,4_00_0
18439,4_00_0
18440,1_00_0
18442,1_00_0
18443,3_00_0
18444,5_b7_1
18445,3_00_0
18446,3_a9_2
18447,6_00_0
18448,5_b6_1
18449,6_a11_1
18451,1_00_0
18452,5_b7_1
18453,2_00_0
18454,5_a7_2
18455,6_00_0
18456,3_00_0
18457,3_00_0
18458,2_00_0
18460,3_b8_1
18461,1_00_0
18462,3_a9_2
18463,4_00_0
18465,1_00_0
18466,4_00_0
18467,1_00_0
18468,3_b6_1
18469,5_b7_1
18470,3_b6_1
18471,3_00_0
18472,3_00_0
18473,3_00_0
18474,4_00_0
18475,6_00_0
18476,3_00_0
18477,5_b6_1
18478,3_00_0
18479,4_00_0
18482,6_00_0
18483,3_a9_2
18484,4_00_0
18485,3_b7_1
18486,5_b7_1
18487,6_a11_1
18488,3_00_0
18489,3_00_0
18490,4_00_0
18491,3_a9_2
18492,5_a7_2
18493,3_b6_1
18494,3_b7_1
18495,3_b6_1
18497,4_00_0
18498,4_00_0
18500,4_00_0
18501,4_00_0
18502,1_00_0
18503,3_b8_1
18504,5_b7_1
18505,3_b6_1
18506,1_00_0
18507,3_00_0
18508,6_00_0
18509,3_a9_2
18510,4_00_0
18511,1_00_0
18512,4_00_0
18513,6_00_0
18514,3_00_0
18515,4_00_0
18516,3_00_0
18517,6_b5_1
18518,6_00_0
18519,6_00_0
18520,1_00_0
18521,6_00_0
18522,3_00_0
18523,3_a9_2
18524,2_a5_2
18526,3_a9_2
18527,3_00_0
18528,1_00_0
18530,3_00_0
18531,1_00_0
18532,4_00_0
18533,1_00_0
18534,6_00_0
18535,3_a9_2
18536,3_b6_1
18537,3_00_0
18538,6_00_0
18539,3_a9_2
18540,3_a9_2
18541,3_b3_1
18542,3_a9_2
18543,5_b8_1
18544,3_b3_1
18545,3_00_0
18546,4_00_0
18547,2_00_0
18548,1_00_0
18549,1_00_0
18550,6_00_0
18551,1_00_0
18552,6_00_0
18553,3_00_0
18554,3_00_0
18555,3_b3_1
18556,3_b3_1
18557,4_00_0
18558,4_00_0
18560,1_00_0
18561,6_00_0
18562,3_00_0
18563,6_00_0
18564,2_a5_2
18565,6_00_0
18566,3_00_0
18567,5_b7_1
18568,3_a9_1
18569,3_a9_1
18570,5_a7_2
18571,6_a11_2
18572,1_00_0
18573,6_00_0
18574,3_00_0
18576,1_00_0
18577,4_00_0
18578,5_b7_1
18579,3_b7_1
18580,3_b8_1
18581,4_00_0
18582,4_00_0
18583,3_00_0
18584,1_00_0
18585,1_00_0
18586,2_00_0
18587,3_00_0
18588,1_00_0
18589,6_00_0
18592,4_00_0
18593,3_00_0
18594,6_00_0
18595,6_00_0
18596,1_00_0
18597,1_00_0
18598,1_00_0
18599,6_00_0
18600,4_00_0
18602,5_b8_1
18603,3_00_0
18604,3_00_0
18605,4_00_0
18606,3_b3_1
18607,3_00_0
18608,5_b6_1
18609,1_00_0
18610,3_00_0
18611,3_00_0
18612,4_00_0
18613,6_00_0
18614,3_00_0
18615,6_a12_2
18616,4_00_0
18617,5_b6_1
18618,2_a5_2
18620,3_00_0
18622,6_00_0
18623,4_00_0
18624,2_00_0
18625,5_b6_1
18626,4_00_0
18627,6_a12_1
18628,6_b4_1
18629,6_a12_2
18630,6_00_0
18631,2_00_0
18632,1_00_0
18634,4_00_0
18635,1_00_0
18636,3_00_0
18637,6_00_0
18638,3_a9_2
18639,2_a5_2
18640,4_00_0
18641,6_a12_2
18642,6_00_0
18643,1_00_0
18645,6_00_0
18647,3_a9_1
18650,2_a5_2
18651,3_a9_1
18653,1_00_0
18654,5_b7_1
18655,3_00_0
18656,3_00_0
18657,4_00_0
18658,4_00_0
18659,3_00_0
18660,1_00_0
18661,5_b7_1
18662,3_00_0
18663,6_00_0
18664,6_00_0
18665,5_b6_1
18666,2_00_0
18667,4_00_0
18668,6_00_0
18669,3_00_0
18670,6_00_0
18671,6_00_0
18673,6_b4_1
18674,6_00_0
18675,3_00_0
18676,5_b6_1
18677,5_b6_1
18678,3_00_0
18679,3_00_0
18680,6_a11_1
18681,4_00_0
18682,6_00_0
18684,1_00_0
18685,3_00_0
18687,3_00_0
18688,3_00_0
18689,4_00_0
18690,2_a5_2
18691,6_a11_1
18692,3_00_0
18693,4_00_0
18694,1_00_0
18695,1_00_0
18698,3_00_0
18699,3_a9_1
18700,6_00_0
18701,6_a12_2
18702,4_00_0
18703,1_00_0
18704,5_b7_1
18705,4_00_0
18706,3_b7_1
18707,4_00_0
18708,3_b8_1
18709,3_00_0
18710,3_b8_1
18712,3_00_0
18714,1_00_0
18715,3_00_0
18716,3_a9_1
18717,5_b7_1
18719,6_00_0
18720,3_a9_2
18721,3_b8_1
18722,5_b6_1
18723,2_00_0
18725,3_b3_1
18727,6_00_0
18728,3_b3_1
18729,4_00_0
18730,3_b6_1
18731,3_00_0
18732,3_b7_1
18734,6_00_0
18735,3_a9_2
18736,1_00_0
18737,3_00_0
18738,6_00_0
18739,4_00_0
18740,3_a9_2
18742,4_00_0
18743,6_00_0
18744,2_a5_2
18745,3_00_0
18746,3_00_0
18747,3_00_0
18748,6_00_0
18749,5_a7_2
18750,1_00_0
18752,4_00_0
18754,6_a11_1
18756,4_00_0
18757,4_00_0
18758,2_00_0
18759,2_a5_2
18760,2_a5_2
18761,3_00_0
18762,4_00_0
18763,5_b8_1
18764,6_00_0
18765,6_00_0
18766,3_00_0
18767,3_00_0
18768,1_00_0
18769,4_00_0
18770,5_a7_2
18771,3_b8_1
18772,3_00_0
18773,3_00_0
18774,2_00_0
18775,3_00_0
18776,5_b6_1
18777,3_00_0
18778,3_00_0
18779,6_00_0
18780,3_00_0
18781,2_00_0
18782,1_00_0
18783,4_00_0
18784,3_00_0
18785,4_00_0
18786,1_00_0
18789,3_00_0
18790,6_00_0
18791,3_00_0
18792,3_00_0
18793,3_00_0
18794,6_00_0
18795,2_a5_2
18796,4_00_0
18797,3_00_0
18799,3_00_0
18800,4_00_0
18801,3_00_0
18802,3_b7_1
18803,3_00_0
18805,5_a7_2
18806,5_a7_2
18807,4_00_0
18808,6_00_0
18809,3_a9_2
18810,4_00_0
18811,5_00_0
18812,3_b3_1
18813,5_00_0
18814,3_00_0
18815,4_00_0
18816,3_00_0
18817,3_00_0
18818,6_00_0
18819,5_b7_1
18820,3_00_0
18821,1_00_0
18822,5_b8_1
18823,4_00_0
18824,3_a9_2
18825,3_00_0
18826,3_a9_2
18827,3_00_0
18828,5_00_0
18829,6_00_0
18832,6_00_0
18833,1_00_0
18834,3_00_0
18835,1_00_0
18836,3_b6_1
18837,6_00_0
18838,4_00_0
18839,1_00_0
18840,5_b7_1
18842,3_b3_1
18843,1_00_0
18844,3_00_0
18845,6_00_0
18846,4_00_0
18847,6_00_0
18849,3_00_0
18850,1_00_0
18851,4_00_0
18852,3_a9_1
18853,4_00_0
18854,2_a5_2
18855,1_00_0
18856,5_b7_1
18857,5_b6_1
18858,4_00_0
18859,3_00_0
18860,3_00_0
18861,5_b7_1
18862,3_00_0
18863,6_00_0
18864,2_a5_2
18865,3_a9_2
18866,3_00_0
18868,3_b6_1
18869,3_a9_1
18871,3_a9_2
18872,3_a9_1
18873,3_00_0
18874,2_a5_2
18876,1_00_0
18877,3_00_0
18878,1_00_0
18879,4_00_0
18880,4_00_0
18881,5_b7_1
18882,3_00_0
18883,1_00_0
18884,3_00_0
18885,4_00_0
18886,6_00_0
18887,1_00_0
18888,4_00_0
18889,3_00_0
18890,1_00_0
18892,3_00_0
18893,3_b6_1
18894,6_00_0
18895,6_00_0
18896,5_b7_1
18898,3_a9_1
18899,3_00_0
18900,4_00_0
18902,1_00_0
18903,1_00_0
18904,6_00_0
18905,3_b7_1
18906,6_00_0
18907,1_00_0
18908,5_b6_1
18909,3_00_0
18911,2_00_0
18912,3_00_0
18913,3_00_0
18914,3_00_0
18915,3_00_0
18916,1_00_0
18917,3_00_0
18918,6_00_0
18919,5_a7_2
18920,3_a9_3
18921,5_b7_1
18922,4_00_0
18923,5_a7_2
18924,3_00_0
18925,3_00_0
18926,3_00_0
18927,3_b7_1
18928,3_00_0
18929,4_00_0
18930,1_00_0
18931,3_b3_1
18932,5_a7_2
18933,3_00_0
18935,3_00_0
18936,3_00_0
18937,3_b7_1
18938,4_00_0
18939,4_00_0
18940,1_00_0
18942,2_00_0
18943,3_00_0
18944,3_00_0
18945,4_00_0
18947,5_b8_1
18948,2_a5_2
18950,6_00_0
18952,5_b7_1
18953,3_00_0
18954,3_b8_1
18955,3_00_0
18956,2_a5_2
18957,3_a9_1
18959,3_a9_1
18960,5_00_0
18962,5_b6_1
18963,5_b8_1
18964,3_a9_2
18965,3_00_0
18966,3_b3_1
18967,2_00_0
18968,3_a9_1
18969,4_00_0
18970,2_00_0
18971,4_00_0
18972,6_00_0
18973,3_00_0
18975,3_00_0
18976,2_00_0
18977,6_00_0
18979,2_a5_2
18981,3_00_0
18983,3_b7_1
18984,3_a9_2
18985,3_00_0
18986,4_00_0
18987,4_00_0
18988,4_00_0
18990,3_b6_1
18991,4_00_0
18992,4_00_0
18993,1_00_0
18994,4_00_0
18995,3_00_0
18997,3_b6_1
18998,5_b6_1
18999,4_00_0
19000,6_00_0
19001,1_00_0
19002,4_00_0
19003,2_00_0
19004,3_00_0
19005,2_a5_2
19006,1_00_0
19007,3_b6_1
19008,6_00_0
19009,1_00_0
19010,4_00_0
19012,3_00_0
19013,4_00_0
19014,1_00_0
19015,3_a9_2
19017,3_00_0
19018,4_00_0
19020,4_00_0
19021,3_a9_2
19022,3_a9_2
19023,1_00_0
19024,3_00_0
19025,3_a9_3
19026,3_00_0
19027,4_00_0
19028,3_a9_2
19029,3_00_0
19030,3_b6_1
19031,6_00_0
19032,3_00_0
19033,6_00_0
19034,5_b8_1
19035,3_a9_1
19036,6_00_0
19037,2_a5_2
19038,4_00_0
19039,4_00_0
19040,3_a9_2
19041,3_00_0
19042,3_b8_1
19043,1_00_0
19044,1_00_0
19045,6_00_0
19046,3_b7_1
19047,3_b3_1
19049,3_b6_1
19050,5_00_0
19051,4_00_0
19052,5_b7_1
19053,3_00_0
19054,4_00_0
19055,5_b7_1
19056,1_00_0
19057,3_a9_2
19058,3_a9_2
19059,1_00_0
19061,5_b7_1
19062,6_00_0
19063,5_b8_1
19064,5_b6_1
19065,5_b7_1
19066,5_00_0
19067,1_00_0
19068,1_00_0
19069,6_00_0
19070,3_00_0
19071,6_00_0
19072,1_00_0
19073,6_00_0
19074,3_00_0
19075,5_b7_1
19077,3_00_0
19078,2_a5_2
19079,6_00_0
19080,5_00_0
19082,4_00_0
19083,2_a5_2
19084,4_00_0
19085,4_00_0
19086,4_00_0
19087,4_00_0
19088,4_00_0
19089,3_00_0
19090,6_b5_1
19091,4_00_0
19092,3_00_0
19094,4_00_0
19095,6_a12_2
19096,1_00_0
19097,4_00_0
19098,5_b7_1
19099,6_00_0
19100,3_00_0
19101,3_00_0
19102,5_b6_1
19104,1_00_0
19105,3_a9_2
19106,3_a9_2
19107,3_00_0
19108,6_00_0
19109,1_00_0
19110,4_00_0
19112,1_00_0
19113,3_00_0
19114,4_00_0
19115,3_a9_2
19116,6_00_0
19117,3_a9_1
19118,3_a9_2
19119,3_a9_2
19121,3_b3_1
19122,3_b6_1
19123,3_00_0
19124,6_a12_2
19125,3_b3_1
19126,5_b6_1
19127,6_b4_3
19128,6_00_0
19129,6_00_0
19130,5_b7_1
19131,3_00_0
19133,3_00_0
19134,3_b7_1
19135,3_00_0
19136,6_00_0
19137,1_00_0
19139,4_00_0
19140,1_00_0
19141,2_00_0
19142,3_a9_2
19144,6_00_0
19145,3_b6_1
19146,1_00_0
19147,5_b6_1
19148,3_00_0
19149,1_00_0
19150,3_00_0
19151,3_00_0
19152,3_00_0
19153,3_a9_1
19154,3_00_0
19155,6_00_0
19157,3_00_0
19159,3_00_0
19160,3_00_0
19161,3_b7_1
19164,5_b8_1
19168,1_00_0
19170,5_00_0
19171,3_00_0
19172,1_00_0
19173,4_00_0
19174,4_00_0
19176,1_00_0
19177,2_a5_2
19179,6_00_0
19180,4_00_0
19181,3_00_0
19182,3_00_0
19183,5_b7_1
19184,1_00_0
19185,5_00_0
19186,3_b8_1
19187,6_00_0
19188,4_00_0
19190,1_00_0
19191,3_00_0
19192,6_00_0
19193,6_00_0
19194,6_00_0
19195,6_a11_1
19196,3_00_0
19197,3_00_0
19198,3_00_0
19199,3_00_0
19200,3_00_0
19201,6_00_0
19202,3_00_0
19203,4_00_0
19204,6_00_0
19205,6_a11_1
19206,4_00_0
19207,4_00_0
19208,5_b6_1
19209,1_00_0
19210,3_b6_1
19212,3_00_0
19213,3_a9_1
19214,3_b3_1
19215,5_b8_1
19216,6_00_0
19217,1_00_0
19218,6_00_0
19219,3_00_0
19220,5_00_0
19221,3_00_0
19222,5_b6_1
19223,2_00_0
19224,6_00_0
19225,1_00_0
19226,4_00_0
19227,6_00_0
19228,6_00_0
19229,4_00_0
19230,1_00_0
19231,3_00_0
19232,3_00_0
19233,1_00_0
19234,5_b7_1
19236,4_00_0
19237,4_00_0
19239,4_00_0
19240,3_a9_2
19241,3_00_0
19243,4_00_0
19244,5_a7_2
19245,1_00_0
19246,3_b8_1
19247,4_00_0
19248,3_00_0
19249,3_b3_1
19251,3_00_0
19252,6_00_0
19253,3_00_0
19254,6_00_0
19256,3_00_0
19257,2_a5_2
19258,3_a9_1
19259,5_b7_1
19260,5_b7_1
19261,4_00_0
19263,3_b6_1
19264,6_00_0
19265,3_00_0
19266,3_00_0
19267,6_00_0
19268,6_00_0
19269,5_b6_1
19270,3_00_0
19272,3_00_0
19273,6_00_0
19274,5_b7_1
19276,4_00_0
19277,3_b3_1
19278,3_b3_1
19279,3_b8_1
19280,3_00_0
19281,4_00_0
19282,1_00_0
19283,2_a5_2
19284,3_00_0
19285,3_00_0
19286,4_00_0
19287,3_00_0
19289,3_00_0
19291,3_00_0
19292,2_a5_2
19293,1_00_0
19295,3_00_0
19296,6_00_0
19297,5_b6_1
19298,3_b6_1
19299,5_b7_1
19300,5_b8_1
19301,4_00_0
19302,6_00_0
19304,6_a11_1
19306,1_00_0
19307,6_00_0
19308,2_a5_2
19309,3_00_0
19310,1_00_0
19311,4_00_0
19312,6_00_0
19313,3_00_0
19314,1_00_0
19315,3_00_0
19316,6_00_0
19317,3_b6_1
19318,3_b7_1
19319,3_00_0
19320,3_00_0
19321,3_a9_1
19322,3_b8_1
19323,4_00_0
19324,4_00_0
19325,3_00_0
19326,4_00_0
19327,2_a5_2
19328,2_a5_2
19329,1_00_0
19330,2_00_0
19331,2_00_0
19332,5_00_0
19333,5_b7_1
19334,1_00_0
19335,5_b6_1
19336,2_00_0
19337,4_00_0
19338,3_00_0
19339,2_a5_2
19341,3_b6_1
19342,4_00_0
19343,3_00_0
19344,4_00_0
19345,3_a9_2
19346,3_00_0
19347,6_00_0
19348,3_b7_1
19349,3_00_0
19350,3_00_0
19351,2_00_0
19352,4_00_0
19353,5_b8_1
19354,5_b6_1
19355,6_b4_1
19357,3_00_0
19358,5_00_0
19359,3_00_0
19360,4_00_0
19361,3_b7_1
19363,4_00_0
19365,3_b3_1
19366,4_00_0
19367,4_00_0
19368,3_00_0
19369,3_b6_1
19370,4_00_0
19372,5_b7_1
19373,3_00_0
19374,4_00_0
19375,6_00_0
19376,3_b6_1
19377,3_00_0
19378,3_00_0
19379,1_00_0
19380,6_00_0
19381,3_b3_1
19382,3_00_0
19383,3_00_0
19384,2_a5_2
19385,3_a9_2
19386,4_00_0
19387,3_00_0
19388,4_00_0
19389,3_b8_1
19390,5_00_0
19391,1_00_0
19392,4_00_0
19393,3_00_0
19394,4_00_0
19395,5_a7_2
19396,4_00_0
19397,3_a9_1
19398,3_b6_1
19399,1_00_0
19400,3_00_0
19401,1_00_0
19402,3_b7_1
19404,3_00_0
19406,6_b4_3
19407,2_00_0
19408,4_00_0
19409,4_00_0
19410,5_b6_1
19411,3_00_0
19412,6_00_0
19413,6_00_0
19415,1_00_0
19416,6_00_0
19418,3_00_0
19419,6_00_0
19420,3_b7_1
19421,1_00_0
19422,5_a7_2
19423,3_00_0
19424,4_00_0
19425,5_b6_1
19426,4_00_0
19427,6_00_0
19428,3_00_0
19429,3_a9_1
19430,3_b6_1
19431,6_00_0
19432,3_b6_1
19433,1_00_0
19434,1_00_0
19435,5_b6_1
19436,3_00_0
19437,3_a9_1
19438,4_00_0
19439,4_00_0
19440,5_a7_2
19441,5_a7_2
19442,5_b7_1
19443,3_b7_1
19444,6_b4_1
19445,3_00_0
19447,6_00_0
19448,3_b6_1
19449,3_b7_1
19450,3_a9_1
19451,3_a9_2
19454,6_00_0
19456,6_00_0
19457,6_00_0
19458,3_b7_1
19459,3_a9_1
19460,2_00_0
19461,1_00_0
19462,1_00_0
19463,5_00_0
19464,6_00_0
19465,1_00_0
19466,6_a12_2
19467,3_00_0
19468,6_b4_1
19469,5_b6_1
19470,4_00_0
19472,4_00_0
19473,6_a12_2
19474,6_00_0
19475,6_00_0
19476,1_00_0
19477,4_00_0
19478,1_00_0
19479,3_00_0
19480,3_a9_1
19481,3_00_0
19482,5_b8_1
19483,3_00_0
19484,3_a9_1
19485,1_00_0
19486,6_00_0
19487,2_00_0
19488,3_00_0
19489,4_00_0
19490,4_00_0
19491,3_00_0
19493,4_00_0
19494,3_00_0
19495,3_a9_1
19497,2_a5_2
19498,5_00_0
19499,5_b7_1
19500,1_00_0
19502,1_00_0
19504,6_00_0
19505,6_00_0
19506,6_00_0
19508,1_00_0
19509,3_00_0
19510,5_b8_1
19512,3_00_0
19513,6_00_0
19514,1_00_0
19515,3_b8_1
19517,5_00_0
19518,3_b7_1
19520,5_b6_1
19521,4_00_0
19522,6_00_0
19523,3_00_0
19524,3_00_0
19525,3_a9_2
19526,1_00_0
19528,5_a7_2
19529,5_b7_1
19530,3_b8_1
19531,1_00_0
19532,1_00_0
19533,2_a5_2
19534,1_00_0
19535,1_00_0
19536,4_00_0
19537,6_00_0
19538,3_00_0
19539,3_00_0
19540,4_00_0
19542,6_00_0
19544,1_00_0
19545,3_00_0
19547,3_00_0
19549,4_00_0
19550,1_00_0
19552,3_b8_1
19553,3_00_0
19554,3_00_0
19555,3_00_0
19556,1_00_0
19557,3_00_0
19559,3_b6_1
19561,1_00_0
19562,6_00_0
19564,6_00_0
19565,5_b7_1
19566,2_00_0
19567,3_00_0
19568,4_00_0
19569,5_b8_1
19570,3_00_0
19571,3_00_0
19572,5_a7_2
19573,6_00_0
19575,3_00_0
19576,4_00_0
19577,1_00_0
19578,3_00_0
19579,5_b6_1
19581,1_00_0
19582,5_b6_1
19583,3_00_0
19584,3_00_0
19585,6_00_0
19587,1_00_0
19589,1_00_0
19590,1_00_0
19591,3_a9_2
19592,3_b7_1
19593,3_b8_1
19594,3_b7_1
19595,6_a12_1
19596,1_00_0
19597,3_00_0
19599,6_00_0
19600,1_00_0
19601,3_00_0
19602,3_00_0
19603,3_00_0
19604,4_00_0
19606,4_00_0
19607,3_b3_1
19608,6_a12_2
19609,3_a9_1
19610,6_a11_1
19611,4_00_0
19612,4_00_0
19613,3_00_0
19614,3_00_0
19615,3_a9_2
19616,4_00_0
19617,6_00_0
19618,3_b8_1
19620,3_b6_1
19621,3_00_0
19622,1_00_0
19623,2_a5_2
19624,3_00_0
19625,5_b8_1
19626,4_00_0
19627,3_a9_1
19628,3_a9_1
19629,3_00_0
19630,3_b8_1
19631,6_a12_2
19632,1_00_0
19633,1_00_0
19635,3_b3_1
19636,3_00_0
19637,4_00_0
19638,1_00_0
19639,3_b6_1
19640,1_00_0
19641,4_00_0
19642,5_00_0
19643,1_00_0
19644,4_00_0
19646,1_00_0
19647,6_00_0
19649,1_00_0
19650,5_b8_1
19651,3_00_0
19652,1_00_0
19653,2_a5_2
19654,4_00_0
19655,1_00_0
19656,1_00_0
19657,6_00_0
19658,3_00_0
19659,3_00_0
19660,3_00_0
19661,4_00_0
19662,3_b3_1
19663,2_00_0
19664,3_00_0
19665,6_00_0
19666,1_00_0
19668,3_00_0
19669,6_00_0
19670,3_00_0
19671,1_00_0
19672,3_00_0
19673,4_00_0
19674,2_a5_2
19675,6_00_0
19676,3_a9_2
19677,5_b6_1
19678,3_a9_2
19679,3_a9_2
19681,3_a9_1
19683,3_00_0
19684,5_b7_1
19685,6_b4_3
19686,1_00_0
19687,3_00_0
19688,3_00_0
19689,3_00_0
19690,2_00_0
19691,6_00_0
19692,6_00_0
19694,3_00_0
19695,6_00_0
19696,4_00_0
19698,3_b6_1
19700,4_00_0
19701,1_00_0
19702,6_00_0
19703,3_b8_1
19704,1_00_0
19706,6_00_0
19707,1_00_0
19708,3_00_0
19709,1_00_0
19711,6_00_0
19713,2_00_0
19714,4_00_0
19715,5_b7_1
19716,4_00_0
19717,3_b7_1
19718,3_00_0
19719,4_00_0
19720,1_00_0
19721,6_a11_1
19723,5_b8_1
19724,3_00_0
19725,1_00_0
19726,6_00_0
19727,5_00_0
19728,3_a9_2
19729,1_00_0
19730,2_a5_2
19731,3_a9_2
19732,3_00_0
19733,5_b6_1
19734,3_b8_1
19735,2_a5_2
19736,4_00_0
19737,6_00_0
19738,3_00_0
19739,5_b6_1
19740,4_00_0
19742,3_b3_1
19743,1_00_0
19744,4_00_0
19745,4_00_0
19746,6_00_0
19747,3_b6_1
19748,3_00_0
19750,6_a12_2
19751,2_00_0
19752,6_a12_1
19753,3_00_0
19754,5_b7_1
19756,6_00_0
19757,3_00_0
19759,4_00_0
19760,6_00_0
19761,3_00_0
19762,3_00_0
19764,3_00_0
19765,3_b7_1
19766,1_00_0
19767,6_00_0
19768,4_00_0
19770,3_b7_1
19771,4_00_0
19772,3_b7_1
19773,5_b6_1
19774,2_a5_2
19775,3_00_0
19776,3_00_0
19778,5_b8_1
19779,1_00_0
19780,6_00_0
19781,3_00_0
19782,6_00_0
19783,2_a5_2
19784,1_00_0
19785,4_00_0
19786,3_a9_1
19787,5_b6_1
19788,6_00_0
19789,3_b7_1
19790,3_b7_1
19792,1_00_0
19793,3_00_0
19795,4_00_0
19796,3_00_0
19798,1_00_0
19799,6_00_0
19800,2_a5_2
19803,3_a9_2
19804,6_00_0
19805,6_00_0
19806,3_00_0
19807,5_00_0
19808,6_00_0
19809,4_00_0
19810,3_b6_1
19811,2_a5_2
19812,4_00_0
19813,1_00_0
19814,3_00_0
19815,3_00_0
19816,3_00_0
19817,1_00_0
19818,5_a7_2
19819,6_00_0
19820,3_00_0
19821,3_a9_2
19822,3_b7_1
19823,3_00_0
19824,5_b6_1
19825,5_b6_1
19826,1_00_0
19827,1_00_0
19828,6_00_0
19829,5_00_0
19830,4_00_0
19831,2_a5_2
19832,3_00_0
19833,3_00_0
19834,3_b6_1
19835,1_00_0
19836,6_b5_1
19837,1_00_0
19838,6_a11_1
19839,1_00_0
19840,3_00_0
19841,2_00_0
19842,6_a11_1
19843,4_00_0
19844,1_00_0
19846,5_b7_1
19847,3_00_0
19848,3_b8_1
19849,3_00_0
19850,5_b8_1
19851,4_00_0
19852,3_b3_1
19853,1_00_0
19854,5_a7_2
19855,3_b3_1
19856,3_b6_1
19857,6_a11_1
19858,3_00_0
19859,1_00_0
19860,3_00_0
19861,5_b8_1
19863,3_b7_1
19864,6_00_0
19865,3_00_0
19866,6_a11_1
19867,3_00_0
19869,5_00_0
19870,5_b8_1
19871,5_00_0
19872,3_00_0
19873,6_00_0
19874,2_a5_2
19875,3_b6_1
19876,6_00_0
19877,1_00_0
19878,6_00_0
19879,1_00_0
19880,5_b8_1
19881,3_00_0
19882,3_b6_1
19883,4_00_0
19884,6_00_0
19885,1_00_0
19886,3_00_0
19887,6_00_0
19888,3_00_0
19889,4_00_0
19890,6_00_0
19891,6_00_0
19892,6_a12_2
19893,1_00_0
19894,3_00_0
19895,3_a9_1
19896,3_00_0
19897,4_00_0
19898,4_00_0
19901,5_b8_1
19902,6_00_0
19903,5_a7_2
19904,6_00_0
19907,3_a9_2
19908,3_00_0
19909,1_00_0
19910,3_00_0
19911,6_00_0
19912,3_00_0
19913,6_00_0
19914,3_a9_2
19915,6_00_0
19916,6_b4_1
19917,3_b7_1
19918,3_b6_1
19919,6_00_0
19920,3_b3_1
19921,5_00_0
19922,2_a5_2
19923,3_00_0
19924,3_00_0
19925,6_00_0
19926,3_00_0
19927,6_00_0
19928,3_00_0
19929,3_00_0
19930,3_00_0
19931,2_a5_2
19932,4_00_0
19933,3_a9_2
19934,3_b3_1
19935,4_00_0
19936,3_00_0
19937,6_b5_1
19940,1_00_0
19941,5_b6_1
19943,1_00_0
19944,1_00_0
19945,6_00_0
19946,3_b8_1
19947,3_a9_2
19948,5_b7_1
19949,4_00_0
19950,3_a9_1
19951,4_00_0
19952,4_00_0
19953,6_a12_2
19954,4_00_0
19955,6_00_0
19956,6_00_0
19957,6_00_0
19958,3_b6_1
19959,5_b7_1
19960,2_a5_2
19961,3_00_0
19962,4_00_0
19963,3_00_0
19965,3_00_0
19966,3_b3_1
19967,4_00_0
19968,6_00_0
19969,2_00_0
19970,5_b6_1
19971,3_00_0
19972,6_a12_2
19973,3_00_0
19974,6_00_0
19975,3_a9_2
19976,6_00_0
19977,1_00_0
19978,4_00_0
19979,4_00_0
19980,3_a9_2
19981,4_00_0
19982,3_b6_1
19983,4_00_0
19984,4_00_0
19985,6_00_0
19986,1_00_0
19987,3_a9_2
19988,1_00_0
19990,1_00_0
19991,4_00_0
19992,1_00_0
19993,6_00_0
19994,6_00_0
19995,1_00_0
19996,4_00_0
19997,6_00_0
19999,3_00_0
20000,3_00_0
20001,3_00_0
20002,1_00_0
20003,5_b7_1
20004,5_a7_2
20005,5_a7_2
20006,3_00_0
20007,5_00_0
20008,1_00_0
20009,3_b8_1
20010,3_00_0
20012,3_00_0
20013,1_00_0
20014,2_a5_2
20016,4_00_0
20017,1_00_0
20018,6_00_0
20019,1_00_0
20020,3_a9_3
20021,5_00_0
20022,5_a7_2
20023,3_a9_1
20024,3_00_0
20025,2_a5_2
20026,4_00_0
20027,3_b6_1
20029,3_00_0
20030,2_a5_2
20031,6_00_0
20032,3_b8_1
20033,3_a9_2
20034,4_00_0
20035,6_a11_1
20036,3_00_0
20037,6_a11_1
20038,5_b8_1
20039,3_00_0
20043,3_00_0
20044,1_00_0
20045,4_00_0
20046,1_00_0
20047,4_00_0
20049,3_00_0
20050,3_00_0
20051,6_00_0
20052,3_00_0
20053,3_00_0
20054,3_00_0
20055,3_00_0
20056,5_00_0
20057,1_00_0
20058,1_00_0
20059,3_00_0
20060,3_00_0
20061,5_b7_1
20062,3_00_0
20063,4_00_0
20064,4_00_0
20066,6_00_0
20067,4_00_0
20069,6_00_0
20070,1_00_0
20072,3_b6_1
20073,5_a7_2
20074,6_00_0
20075,3_00_0
20076,3_00_0
20077,6_00_0
20078,3_00_0
20079,3_a9_1
20080,4_00_0
20081,6_00_0
20082,6_a11_1
20083,6_00_0
20084,4_00_0
20085,4_00_0
20086,6_00_0
20087,3_00_0
20090,6_00_0
20092,3_00_0
20093,6_b4_1
20094,1_00_0
20096,1_00_0
20097,3_b8_1
20098,1_00_0
20099,3_00_0
20100,3_00_0
20101,1_00_0
20102,3_00_0
20103,6_00_0
20104,3_a9_1
20105,1_00_0
20106,2_00_0
20107,2_a5_2
20108,3_00_0
20109,6_00_0
20110,5_00_0
20111,6_00_0
20112,3_b6_1
20113,1_00_0
20114,3_b6_1
20115,2_00_0
20116,3_00_0
20117,3_b7_1
20118,6_00_0
20119,3_b6_1
20121,6_00_0
20122,2_a5_2
20123,3_b3_1
20124,1_00_0
20125,3_00_0
20126,3_b6_1
20127,4_00_0
20129,3_00_0
20130,4_00_0
20131,6_a11_1
20132,3_00_0
20133,3_00_0
20134,4_00_0
20135,3_b6_1
20136,1_00_0
20137,6_00_0
20138,3_00_0
20139,3_00_0
20140,5_b6_1
20141,6_00_0
20142,1_00_0
20143,3_00_0
20145,3_00_0
20146,3_00_0
20147,5_b7_1
20148,4_00_0
20149,3_b6_1
20150,3_b6_1
20151,3_00_0
20152,1_00_0
20153,3_a9_1
20154,4_00_0
20155,1_00_0
20156,1_00_0
20157,1_00_0
20158,4_00_0
20159,6_00_0
20160,3_00_0
20161,3_00_0
20162,3_00_0
20163,3_a9_1
20164,5_00_0
20165,6_00_0
20166,3_00_0
20167,6_00_0
20168,1_00_0
20169,4_00_0
20170,3_b6_1
20171,2_a5_2
20172,6_00_0
20173,5_b7_1
20174,6_00_0
20175,3_a9_2
20176,2_a5_2
20177,6_00_0
20178,2_00_0
20179,3_00_0
20180,4_00_0
20182,6_00_0
20184,1_00_0
20185,1_00_0
20186,3_a9_1
20189,4_00_0
20190,6_00_0
20192,6_00_0
20193,4_00_0
20194,3_00_0
20197,6_a11_1
20198,6_00_0
20200,3_00_0
20201,5_a7_2
20203,6_b4_3
20204,3_00_0
20207,4_00_0
20208,5_a7_2
20209,1_00_0
20210,6_00_0
20211,3_b7_1
20212,3_a9_2
20214,1_00_0
20215,3_b7_1
20216,3_b3_1
20217,4_00_0
20219,3_00_0
20220,3_00_0
20221,4_00_0
20222,4_00_0
20223,4_00_0
20224,1_00_0
20226,4_00_0
20227,3_00_0
20228,4_00_0
20229,3_b6_1
20230,6_00_0
20231,1_00_0
20232,3_00_0
20233,5_b6_1
20234,6_00_0
20235,2_00_0
20236,4_00_0
20238,6_00_0
20239,5_b8_1
20240,4_00_0
20241,1_00_0
20242,3_00_0
20243,5_b8_1
20244,1_00_0
20245,1_00_0
20247,1_00_0
20248,2_00_0
20250,4_00_0
20251,4_00_0
20252,1_00_0
20253,6_00_0
20254,5_b7_1
20255,1_00_0
20256,1_00_0
20257,3_00_0
20258,3_b6_1
20260,6_00_0
20261,3_b8_1
20262,1_00_0
20263,4_00_0
20264,5_b8_1
20265,4_00_0
20266,1_00_0
20267,3_00_0
20268,4_00_0
20269,4_00_0
20270,5_a7_2
20271,3_00_0
20272,6_a11_2
20273,2_a5_2
20274,1_00_0
20275,1_00_0
20277,6_00_0
20279,3_a9_1
20280,4_00_0
20281,3_b6_1
20282,3_b3_1
20284,5_b6_1
20285,6_00_0
20286,3_00_0
20287,4_00_0
20288,3_a9_1
20289,1_00_0
20290,3_00_0
20293,3_a9_1
20294,1_00_0
20295,4_00_0
20296,1_00_0
20297,6_00_0
20299,3_00_0
20300,4_00_0
20301,3_00_0
20302,6_00_0
20303,1_00_0
20304,5_b7_1
20305,1_00_0
20306,4_00_0
20307,3_00_0
20308,3_b7_1
20309,3_00_0
20310,5_b7_1
20311,6_00_0
20312,6_00_0
20313,5_b8_1
20314,5_b7_1
20315,6_00_0
20316,4_00_0
20317,6_00_0
20318,1_00_0
20319,3_00_0
20320,1_00_0
20321,3_00_0
20322,6_00_0
20323,6_00_0
20324,1_00_0
20325,4_00_0
20327,5_a7_2
20329,1_00_0
20330,3_00_0
20331,5_a7_2
20332,3_00_0
20333,4_00_0
20334,1_00_0
20335,6_00_0
20336,1_00_0
20337,6_00_0
20338,4_00_0
20339,4_00_0
20340,5_b6_1
20341,3_00_0
20342,5_b6_1
20343,6_00_0
20344,1_00_0
20345,4_00_0
20346,3_00_0
20347,3_00_0
20348,1_00_0
20349,3_b6_1
20350,1_00_0
20351,4_00_0
20352,6_00_0
20353,3_b7_1
20354,1_00_0
20355,3_00_0
20356,3_b6_1
20357,3_00_0
20358,4_00_0
20361,1_00_0
20362,1_00_0
20365,4_00_0
20366,6_00_0
20367,3_a9_1
20368,6_00_0
20369,6_00_0
20370,1_00_0
20371,1_00_0
20372,1_00_0
20373,5_b8_1
20374,3_00_0
20375,2_a5_2
20376,3_00_0
20377,5_a7_2
20378,3_00_0
20379,5_b6_1
20380,4_00_0
20381,1_00_0
20382,4_00_0
20383,3_a9_1
20385,3_b7_1
20386,3_a9_1
20387,4_00_0
20388,6_00_0
20389,3_b6_1
20390,4_00_0
20391,6_00_0
20392,3_00_0
20393,1_00_0
20394,5_b8_1
20395,4_00_0
20396,3_00_0
20397,3_b3_1
20398,4_00_0
20399,5_b8_1
20400,3_00_0
20401,1_00_0
20402,5_b7_1
20403,5_a7_2
20406,4_00_0
20407,6_00_0
20408,1_00_0
20410,4_00_0
20411,1_00_0
20412,3_00_0
20413,3_b6_1
20414,3_00_0
20415,3_00_0
20416,4_00_0
20417,3_00_0
20418,6_00_0
20419,1_00_0
20420,6_00_0
20421,4_00_0
20424,3_a9_1
20425,6_a11_1
20426,5_b6_1
20427,5_b7_1
20428,5_b7_1
20429,3_00_0
20432,2_00_0
20433,3_00_0
20434,6_00_0
20435,4_00_0
20436,2_00_0
20437,3_00_0
20438,6_00_0
20439,6_a11_1
20440,2_a5_2
20441,4_00_0
20444,2_a5_2
20445,3_00_0
20446,5_b8_1
20447,1_00_0
20448,4_00_0
20449,3_a9_2
20450,3_00_0
20451,3_00_0
20453,1_00_0
20454,3_b7_1
20455,4_00_0
20456,1_00_0
20458,1_00_0
20459,4_00_0
20460,2_00_0
20461,1_00_0
20462,3_00_0
20463,3_00_0
20464,4_00_0
20465,6_00_0
20466,2_00_0
20467,3_00_0
20468,1_00_0
20469,3_b7_1
20470,3_a9_2
20472,5_00_0
20473,3_a9_1
20474,3_b7_1
20475,1_00_0
20476,1_00_0
20477,6_00_0
20478,2_a5_2
20479,3_00_0
20480,3_00_0
20481,5_b7_1
20483,4_00_0
20484,3_a9_2
20485,3_b6_1
20486,4_00_0
20487,1_00_0
20488,3_00_0
20489,3_00_0
20490,4_00_0
20491,1_00_0
20492,6_00_0
20493,4_00_0
20494,3_b6_1
20496,6_00_0
20497,6_a11_1
20498,1_00_0
20499,3_00_0
20500,6_00_0
20501,2_00_0
20503,4_00_0
20504,4_00_0
20505,3_b6_1
20506,3_b3_1
20507,5_b6_1
20508,5_b7_1
20509,1_00_0
20510,1_00_0
20511,4_00_0
20512,3_00_0
20514,6_00_0
20515,6_00_0
20516,3_b3_1
20517,3_00_0
20518,3_a9_3
20519,1_00_0
20520,6_00_0
20521,4_00_0
20522,1_00_0
20525,4_00_0
20526,4_00_0
20527,3_a9_1
20528,3_00_0
20529,3_b8_1
20530,1_00_0
20531,4_00_0
20532,3_00_0
20533,3_00_0
20534,1_00_0
20535,4_00_0
20536,4_00_0
20537,3_b3_1
20538,3_b8_1
20539,3_a9_2
20540,1_00_0
20541,1_00_0
20542,6_00_0
20543,4_00_0
20544,1_00_0
20545,6_00_0
20546,1_00_0
20547,3_00_0
20548,5_b6_1
20549,3_00_0
20550,6_b4_1
20551,3_00_0
20552,1_00_0
20553,3_00_0
20554,6_00_0
20555,3_00_0
20556,6_a11_1
20557,3_b7_1
20558,4_00_0
20559,3_00_0
20560,6_b4_3
20561,3_b6_1
20562,3_00_0
20564,4_00_0
20565,3_a9_2
20566,2_00_0
20567,3_00_0
20568,2_a5_2
20569,5_b6_1
20571,3_b7_1
20572,5_00_0
20573,3_00_0
20574,3_00_0
20575,3_b7_1
20576,3_b7_1
20577,3_00_0
20578,2_00_0
20579,3_b6_1
20580,3_00_0
20581,1_00_0
20582,3_a9_2
20583,3_b6_1
20584,6_00_0
20585,4_00_0
20586,3_b3_1
20587,4_00_0
20588,4_00_0
20590,4_00_0
20591,4_00_0
20592,1_00_0
20593,3_00_0
20594,3_00_0
20595,3_00_0
20596,1_00_0
20597,4_00_0
20598,1_00_0
20599,6_00_0
20600,6_00_0
20601,3_b6_1
20602,5_b8_1
20603,1_00_0
20604,6_a11_1
20605,5_b6_1
20606,1_00_0
20607,3_a9_2
20608,6_00_0
20611,3_00_0
20612,3_b3_1
20613,3_00_0
20614,5_a7_2
20615,3_a9_1
20616,1_00_0
20617,3_b8_1
20618,3_00_0
20619,6_00_0
20620,1_00_0
20621,4_00_0
20622,2_a5_2
20623,3_b3_1
20625,3_a9_2
20626,1_00_0
20628,4_00_0
20630,6_00_0
20631,1_00_0
20632,3_00_0
20633,3_00_0
20634,6_00_0
20635,1_00_0
20636,6_00_0
20637,3_00_0
20639,1_00_0
20640,3_00_0
20641,5_b7_1
20642,3_00_0
20644,6_00_0
20645,5_b6_1
20646,6_00_0
20647,3_00_0
20648,3_00_0
20649,3_b7_1
20650,1_00_0
20651,6_00_0
20652,4_00_0
20653,1_00_0
20654,4_00_0
20655,6_00_0
20656,3_b8_1
20657,4_00_0
20658,1_00_0
20659,3_00_0
20660,3_00_0
20661,6_00_0
20662,4_00_0
20663,3_00_0
20665,5_b8_1
20666,3_a9_3
20667,6_00_0
20668,5_a7_2
20669,6_00_0
20670,3_b8_1
20671,1_00_0
20672,3_00_0
20673,3_00_0
20674,1_00_0
20675,5_b6_1
20676,6_a12_1
20677,6_00_0
20679,1_00_0
20680,6_00_0
20681,4_00_0
20682,3_b3_1
20683,1_00_0
20684,3_00_0
20685,3_00_0
20686,3_b6_1
20688,4_00_0
20689,3_00_0
20690,3_b6_1
20691,3_b3_1
20692,4_00_0
20694,4_00_0
20696,6_00_0
20697,3_b3_1
20698,3_00_0
20699,3_00_0
20700,4_00_0
20701,3_a9_1
20702,3_00_0
20703,4_00_0
20704,5_a7_2
20705,3_00_0
20706,6_00_0
20707,1_00_0
20709,4_00_0
20710,4_00_0
20711,2_a5_2
20712,3_00_0
20713,3_00_0
20715,1_00_0
20719,6_00_0
20720,6_00_0
20722,3_00_0
20723,5_b8_1
20724,6_00_0
20725,5_b8_1
20726,4_00_0
20728,5_b7_1
20729,6_00_0
20730,3_b7_1
20731,4_00_0
20732,1_00_0
20734,3_00_0
20736,3_00_0
20737,3_00_0
20738,4_00_0
20739,3_00_0
20740,6_00_0
20741,3_00_0
20742,6_00_0
20743,5_b6_1
20744,1_00_0
20745,3_b3_1
20746,4_00_0
20747,3_00_0
20748,3_b3_1
20750,6_00_0
20751,6_00_0
20752,3_a9_2
20753,6_00_0
20754,3_00_0
20755,1_00_0
20756,4_00_0
20757,4_00_0
20758,4_00_0
20759,4_00_0
20760,4_00_0
20761,4_00_0
20762,1_00_0
20763,2_00_0
20764,3_00_0
20766,2_00_0
20768,1_00_0
20769,4_00_0
20770,4_00_0
20771,4_00_0
20772,3_a9_2
20773,5_b8_1
20774,6_00_0
20775,3_00_0
20776,6_a11_1
20777,3_00_0
20778,5_b7_1
20780,3_b6_1
20781,4_00_0
20783,3_a9_1
20784,3_00_0
20785,1_00_0
20786,3_b8_1
20787,3_00_0
20788,2_a5_2
20789,2_a5_2
20790,4_00_0
20791,6_00_0
20792,6_00_0
20794,3_a9_2
20795,5_b6_1
20796,3_00_0
20797,3_00_0
20798,1_00_0
20799,3_00_0
20800,1_00_0
20801,1_00_0
20802,6_00_0
20803,6_00_0
20804,3_b8_1
20805,6_00_0
20806,3_00_0
20808,6_00_0
20809,6_00_0
20810,3_b6_1
20811,3_b6_1
20812,3_b8_1
20813,6_00_0
20814,1_00_0
20815,5_b7_1
20816,3_b7_1
20817,3_00_0
20818,6_00_0
20819,4_00_0
20820,3_00_0
20821,4_00_0
20822,5_b8_1
20823,5_b8_1
20825,3_b3_1
20826,6_00_0
20827,1_00_0
20828,3_00_0
20829,6_00_0
20830,3_00_0
20831,3_00_0
20832,3_b6_1
20833,6_00_0
20834,3_00_0
20835,4_00_0
20836,3_00_0
20838,6_00_0
20839,5_b8_1
20840,3_00_0
20841,3_b7_1
20842,3_a9_1
20843,3_00_0
20845,3_00_0
20846,6_00_0
20847,6_00_0
20848,3_00_0
20849,4_00_0
20850,5_b8_1
20851,4_00_0
20852,1_00_0
20853,1_00_0
20854,3_b7_1
20855,6_b4_3
20856,1_00_0
20857,3_00_0
20858,6_a12_2
20859,3_00_0
20860,4_00_0
20861,3_00_0
20862,1_00_0
20864,3_a9_1
20865,1_00_0
20866,6_00_0
20867,3_00_0
20868,1_00_0
20869,2_00_0
20870,6_00_0
20871,4_00_0
20872,1_00_0
20873,3_00_0
20874,4_00_0
20875,1_00_0
20876,6_00_0
20877,2_a5_2
20878,3_00_0
20879,3_b8_1
20880,3_b3_1
20881,4_00_0
20882,6_00_0
20883,5_b7_1
20884,2_00_0
20885,3_00_0
20886,4_00_0
20887,6_b5_1
20888,6_b4_1
20889,3_00_0
20890,5_b6_1
20891,3_00_0
20892,3_00_0
20893,1_00_0
20894,5_b7_1
20895,4_00_0
20896,1_00_0
20897,4_00_0
20898,4_00_0
20899,3_a9_2
20900,6_00_0
20901,5_b7_1
20902,5_b7_1
20903,3_00_0
20904,3_00_0
20905,3_b6_1
20908,4_00_0
20909,6_00_0
20910,5_b7_1
20911,6_00_0
20912,3_b6_1
20913,3_b6_1
20914,6_00_0
20915,4_00_0
20916,3_b8_1
20917,4_00_0
20918,6_00_0
20919,3_00_0
20920,1_00_0
20921,6_00_0
20922,1_00_0
20923,5_b6_1
20924,4_00_0
20925,4_00_0
20926,6_00_0
20927,1_00_0
20928,6_00_0
20929,4_00_0
20930,3_b8_1
20931,1_00_0
20932,4_00_0
20933,3_b6_1
20934,3_00_0
20935,4_00_0
20936,3_00_0
20937,4_00_0
20938,1_00_0
20939,4_00_0
20940,4_00_0
20941,4_00_0
20942,1_00_0
20943,3_00_0
20944,3_00_0
20945,1_00_0
20947,4_00_0
20948,3_b3_1
20949,3_b6_1
20951,2_a5_2
20952,3_a9_1
20953,3_b6_1
20954,3_00_0
20955,3_00_0
20956,3_b7_1
20957,1_00_0
20958,3_00_0
20959,3_b6_1
20960,3_00_0
20961,1_00_0
20962,6_00_0
20964,4_00_0
20966,3_00_0
20967,6_a11_1
20969,5_b8_1
20970,3_00_0
20971,4_00_0
20972,5_b8_1
20973,2_a5_2
20974,3_b7_1
20975,4_00_0
20976,4_00_0
20977,6_00_0
20979,6_00_0
20980,3_b6_1
20981,5_b7_1
20982,5_b7_1
20983,3_00_0
20984,5_b6_1
20985,2_00_0
20986,2_00_0
20987,2_a5_2
20988,6_00_0
20989,3_b6_1
20991,4_00_0
20992,2_a5_2
20993,5_a7_2
20994,3_00_0
20995,3_00_0
20996,3_a9_1
20997,1_00_0
20998,2_a5_2
20999,6_00_0
21000,5_b6_1
21001,6_00_0
21002,3_b3_1
21003,3_b6_1
21004,3_00_0
21005,3_00_0
21006,4_00_0
21007,3_b6_1
21008,4_00_0
21009,3_00_0
21010,1_00_0
21012,5_b8_1
21013,3_00_0
21014,6_00_0
21015,3_00_0
21016,3_b6_1
21017,5_b8_1
21018,3_a9_1
21019,6_00_0
21020,6_00_0
21021,4_00_0
21022,2_00_0
21023,3_b6_1
21024,6_00_0
21026,3_b7_1
21027,3_a9_1
21029,1_00_0
21030,4_00_0
21031,1_00_0
21032,5_00_0
21033,6_00_0
21034,6_00_0
21035,6_00_0
21036,6_00_0
21039,1_00_0
21040,3_00_0
21041,5_b8_1
21042,1_00_0
21043,4_00_0
21044,3_b3_1
21045,3_00_0
21046,5_b6_1
21047,6_00_0
21048,1_00_0
21049,6_00_0
21050,1_00_0
21051,5_b6_1
21052,4_00_0
21053,3_b3_1
21054,3_00_0
21055,1_00_0
21056,4_00_0
21057,1_00_0
21058,4_00_0
21059,3_00_0
21060,3_b7_1
21061,5_b7_1
21062,6_00_0
21063,6_00_0
21064,3_00_0
21065,6_00_0
21066,6_00_0
21069,3_a9_1
21070,5_b8_1
21071,1_00_0
21072,3_00_0
21073,1_00_0
21074,6_00_0
21075,5_b8_1
21077,4_00_0
21078,6_00_0
21079,5_b7_1
21080,3_00_0
21081,6_00_0
21082,3_00_0
21084,3_00_0
21085,3_00_0
21086,3_00_0
21087,3_b7_1
21088,4_00_0
21089,4_00_0
21090,5_a7_2
21091,3_b7_1
21092,6_a11_1
21093,4_00_0
21094,6_00_0
21095,3_a9_1
21096,2_a5_2
21097,6_00_0
21098,2_00_0
21099,3_00_0
21101,1_00_0
21102,6_a12_1
21103,3_00_0
21104,1_00_0
21105,1_00_0
21106,4_00_0
21108,6_00_0
21109,4_00_0
21110,3_00_0
21111,6_00_0
21112,3_00_0
21113,6_a11_1
21114,3_00_0
21115,3_00_0
21116,2_00_0
21117,3_00_0
21118,3_b8_1
21119,4_00_0
21121,6_00_0
21122,3_00_0
21123,3_b7_1
21124,3_b8_1
21125,4_00_0
21126,3_b6_1
21127,2_00_0
21128,3_b3_1
21129,4_00_0
21130,6_00_0
21131,3_00_0
21132,5_a7_2
21133,4_00_0
21134,6_00_0
21135,6_00_0
21136,3_a9_1
21137,1_00_0
21138,6_00_0
21139,3_a9_2
21140,1_00_0
21141,1_00_0
21143,3_a9_2
21144,3_00_0
21146,5_b6_1
21147,2_a5_2
21148,6_00_0
21149,2_00_0
21150,3_b6_1
21151,6_00_0
21152,5_00_0
21153,3_00_0
21154,2_a5_2
21155,6_00_0
21156,1_00_0
21157,1_00_0
21158,4_00_0
21159,3_00_0
21160,3_00_0
21161,3_00_0
21162,5_b7_1
21163,1_00_0
21164,1_00_0
21165,3_00_0
21166,3_a9_2
21168,6_00_0
21169,6_00_0
21170,3_b6_1
21173,3_00_0
21175,1_00_0
21176,3_00_0
21177,6_00_0
21178,4_00_0
21179,1_00_0
21180,4_00_0
21181,2_a5_2
21182,3_b3_1
21183,1_00_0
21184,2_a5_2
21185,3_00_0
21186,2_00_0
21187,5_b7_1
21188,5_b7_1
21189,5_b6_1
21190,1_00_0
21191,3_a9_2
21192,3_00_0
21193,3_00_0
21194,3_00_0
21195,3_00_0
21196,5_a7_2
21197,3_00_0
21198,5_a7_2
21199,3_b8_1
21200,5_b7_1
21201,5_b7_1
21202,5_b8_1
21203,3_b8_1
21204,3_00_0
21205,6_00_0
21206,1_00_0
21207,3_a9_1
21208,5_b6_1
21209,6_00_0
21210,3_00_0
21211,3_b8_1
21212,6_00_0
21213,3_00_0
21214,3_00_0
21216,4_00_0
21217,3_b7_1
21218,3_b3_1
21219,3_00_0
21220,4_00_0
21221,3_b3_1
21222,6_a12_2
21223,3_00_0
21224,3_00_0
21225,3_00_0
21226,3_b3_1
21227,4_00_0
21228,3_00_0
21229,1_00_0
21230,2_a5_2
21231,1_00_0
21233,3_a9_1
21234,1_00_0
21235,3_a9_2
21236,4_00_0
21237,3_b7_1
21238,4_00_0
21239,3_00_0
21240,6_00_0
21241,5_b6_1
21242,4_00_0
21243,6_00_0
21244,3_b6_1
21245,6_00_0
21246,5_b7_1
21247,1_00_0
21248,3_00_0
21249,1_00_0
21252,3_00_0
21255,4_00_0
21256,3_00_0
21257,4_00_0
21258,5_a7_2
21259,6_00_0
21261,3_b6_1
21263,3_b6_1
21264,5_b7_1
21266,4_00_0
21267,1_00_0
21268,2_00_0
21269,5_b8_1
21270,4_00_0
21271,5_b8_1
21272,3_b6_1
21273,3_b6_1
21274,6_00_0
21275,5_a7_2
21276,2_a5_2
21277,1_00_0
21278,1_00_0
21279,3_00_0
21280,3_b3_1
21281,4_00_0
21282,4_00_0
21283,1_00_0
21284,3_b7_1
21285,3_b7_1
21286,3_00_0
21287,4_00_0
21288,6_00_0
21289,4_00_0
21290,6_00_0
21291,4_00_0
21292,3_00_0
21293,3_b3_1
21294,2_a5_2
21295,6_00_0
21296,4_00_0
21297,3_a9_1
21299,4_00_0
21300,6_00_0
21301,3_00_0
21302,3_00_0
21303,4_00_0
21304,3_b6_1
21305,3_00_0
21306,5_b8_1
21307,3_a9_2
21308,4_00_0
21309,2_00_0
21310,3_b7_1
21311,3_00_0
21312,5_a7_2
21314,1_00_0
21315,1_00_0
21316,3_00_0
21317,3_00_0
21318,4_00_0
21319,2_a5_2
21320,4_00_0
21321,3_a9_3
21322,3_b3_1
21324,3_00_0
21325,3_a9_1
21326,3_b6_1
21327,1_00_0
21328,4_00_0
21329,4_00_0
21330,1_00_0
21331,6_00_0
21332,3_b6_1
21333,1_00_0
21334,3_00_0
21336,3_00_0
21337,2_a5_2
21339,6_00_0
21340,3_00_0
21341,1_00_0
21342,4_00_0
21343,5_b8_1
21344,4_00_0
21346,3_00_0
21350,3_b7_1
21351,5_b8_1
21352,6_00_0
21353,6_00_0
21354,3_a9_1
21355,6_00_0
21356,6_00_0
21357,3_00_0
21358,1_00_0
21359,1_00_0
21360,2_a5_2
21362,3_b6_1
21363,5_a7_2
21364,3_b7_1
21365,3_00_0
21366,1_00_0
21367,5_a7_2
21368,3_00_0
21369,3_00_0
21370,6_00_0
21371,4_00_0
21372,6_00_0
21373,3_b7_1
21374,6_a12_2
21375,4_00_0
21376,5_b6_1
21377,3_b3_1
21378,3_00_0
21380,3_00_0
21381,6_00_0
21382,1_00_0
21383,2_a5_2
21384,3_b7_1
21385,3_a9_2
21386,3_b3_1
21387,3_b6_1
21389,3_00_0
21390,1_00_0
21391,5_b6_1
21392,3_00_0
21393,6_00_0
21395,1_00_0
21396,4_00_0
21397,6_00_0
21398,5_a7_2
21399,1_00_0
21400,5_b6_1
21401,3_00_0
21402,3_b8_1
21403,3_00_0
21404,4_00_0
21406,1_00_0
21407,4_00_0
21408,4_00_0
21409,4_00_0
21410,3_a9_1
21411,4_00_0
21412,1_00_0
21413,1_00_0
21414,3_00_0
21415,3_00_0
21416,6_00_0
21417,3_00_0
21418,4_00_0
21420,1_00_0
21421,6_00_0
21422,6_a12_2
21423,1_00_0
21424,4_00_0
21425,1_00_0
21426,3_b3_1
21427,3_b7_1
21428,1_00_0
21429,1_00_0
21430,5_a7_2
21431,1_00_0
21432,5_b8_1
21433,3_b8_1
21434,3_00_0
21435,4_00_0
21436,6_00_0
21437,3_b6_1
21438,3_00_0
21439,6_00_0
21441,3_00_0
21442,1_00_0
21443,3_00_0
21444,4_00_0
21445,6_00_0
21446,3_00_0
21447,4_00_0
21448,4_00_0
21449,6_a12_2
21450,2_00_0
21451,5_b6_1
21452,3_a9_2
21453,1_00_0
21454,1_00_0
21455,3_a9_1
21456,5_a7_2
21457,3_00_0
21458,5_b7_1
21459,1_00_0
21460,2_a5_2
21461,4_00_0
21462,6_00_0
21463,3_a9_1
21464,4_00_0
21465,3_b7_1
21466,3_00_0
21467,1_00_0
21468,1_00_0
21470,1_00_0
21471,6_00_0
21472,5_b7_1
21473,1_00_0
21474,3_00_0
21475,3_00_0
21476,6_00_0
21477,3_a9_1
21478,6_00_0
21479,2_a5_2
21480,3_b3_1
21481,5_b7_1
21482,4_00_0
21483,1_00_0
21484,6_00_0
21485,1_00_0
21486,5_b6_1
21487,1_00_0
21488,6_00_0
21489,3_00_0
21490,1_00_0
21491,4_00_0
21492,3_a9_1
21493,3_00_0
21494,5_b6_1
21495,3_00_0
21496,3_00_0
21497,5_00_0
21498,3_b8_1
21499,4_00_0
21500,4_00_0
21501,3_00_0
21502,2_00_0
21503,1_00_0
21504,4_00_0
21505,6_a11_1
21507,4_00_0
21508,3_00_0
21509,3_a9_3
21510,6_00_0
21511,3_00_0
21512,3_b7_1
21513,6_00_0
21514,5_00_0
21515,4_00_0
21516,1_00_0
21517,3_a9_1
21518,4_00_0
21519,1_00_0
21520,1_00_0
21521,4_00_0
21522,3_a9_2
21523,3_00_0
21524,6_00_0
21525,3_00_0
21526,3_00_0
21527,3_a9_1
21528,6_a12_2
21529,3_b7_1
21530,4_00_0
21531,3_00_0
21532,5_b8_1
21533,3_b7_1
21534,3_b7_1
21535,2_00_0
21536,1_00_0
21538,2_a5_2
21539,4_00_0
21540,2_00_0
21541,6_00_0
21542,3_00_0
21543,6_00_0
21544,3_b7_1
21545,3_00_0
21546,3_00_0
21547,1_00_0
21548,3_00_0
21549,3_00_0
21550,1_00_0
21551,1_00_0
21553,4_00_0
21554,6_00_0
21555,3_a9_1
21556,5_b6_1
21557,6_b4_1
21558,1_00_0
21559,6_00_0
21560,3_00_0
21561,1_00_0
21562,3_00_0
21563,3_a9_2
21564,3_00_0
21565,2_a5_2
21566,3_a9_2
21567,5_a7_2
21568,6_00_0
21569,1_00_0
21570,4_00_0
21572,6_00_0
21573,3_00_0
21574,6_a11_1
21575,3_a9_2
21576,6_00_0
21577,6_00_0
21578,3_00_0
21579,5_b6_1
21580,2_00_0
21581,4_00_0
21582,1_00_0
21583,3_a9_1
21584,1_00_0
21586,2_00_0
21588,6_00_0
21589,1_00_0
21590,3_00_0
21591,6_00_0
21592,1_00_0
21593,2_00_0
21594,5_b6_1
21595,6_00_0
21596,2_a5_2
21598,4_00_0
21599,6_00_0
21600,4_00_0
21601,6_00_0
21602,5_b7_1
21603,3_b7_1
21604,4_00_0
21605,4_00_0
21606,6_00_0
21607,1_00_0
21608,5_00_0
21609,1_00_0
21610,3_00_0
21611,1_00_0
21612,1_00_0
21613,4_00_0
21614,4_00_0
21616,3_00_0
21617,1_00_0
21618,4_00_0
21619,3_b6_1
21620,5_b7_1
21621,1_00_0
21623,5_00_0
21624,6_00_0
21625,2_a5_2
21626,2_a5_2
21627,6_00_0
21628,2_a5_2
21629,5_b7_1
21630,6_00_0
21631,3_00_0
21632,6_00_0
21633,1_00_0
21634,3_b6_1
21635,6_00_0
21636,1_00_0
21637,4_00_0
21639,4_00_0
21640,3_00_0
21641,1_00_0
21642,5_a7_2
21644,6_00_0
21645,1_00_0
21646,6_00_0
21647,6_00_0
21648,4_00_0
21649,6_00_0
21650,6_00_0
21651,1_00_0
21652,1_00_0
21653,5_b7_1
21654,6_00_0
21656,3_a9_1
21657,3_00_0
21658,3_b7_1
21659,3_00_0
21660,3_00_0
21661,3_b7_1
21662,5_a7_2
21663,4_00_0
21664,5_b8_1
21665,6_00_0
21666,3_00_0
21667,3_00_0
21668,3_b7_1
21669,4_00_0
21671,5_b6_1
21672,4_00_0
21673,4_00_0
21674,3_00_0
21675,6_00_0
21676,1_00_0
21677,3_b8_1
21678,5_b8_1
21679,1_00_0
21680,1_00_0
21681,5_b7_1
21683,5_b6_1
21684,5_b6_1
21685,1_00_0
21686,1_00_0
21687,6_00_0
21688,1_00_0
21689,1_00_0
21690,3_b6_1
21691,1_00_0
21692,1_00_0
21693,3_b3_1
21694,1_00_0
21695,4_00_0
21696,6_a11_1
21697,3_b3_1
21698,6_00_0
21699,3_00_0
21700,6_00_0
21701,4_00_0
21702,3_00_0
21703,1_00_0
21704,4_00_0
21705,3_a9_1
21706,2_00_0
21707,4_00_0
21708,3_00_0
21709,6_00_0
21710,3_b3_1
21711,2_00_0
21712,6_00_0
21713,3_00_0
21714,1_00_0
21715,1_00_0
21716,5_a7_2
21717,3_b3_1
21718,1_00_0
21719,3_b3_1
21720,1_00_0
21721,3_00_0
21722,3_b6_1
21723,3_00_0
21724,3_a9_1
21725,3_a9_2
21726,3_00_0
21727,6_00_0
21728,3_b3_1
21729,3_00_0
21731,5_b7_1
21732,6_00_0
21733,3_00_0
21734,1_00_0
21735,3_00_0
21736,3_b7_1
21737,3_00_0
21738,3_00_0
21739,4_00_0
21740,5_b6_1
21741,3_00_0
21742,1_00_0
21743,3_00_0
21744,6_00_0
21745,6_00_0
21746,3_00_0
21747,4_00_0
21748,4_00_0
21749,4_00_0
21750,3_b7_1
21751,5_b8_1
21752,4_00_0
21753,4_00_0
21754,1_00_0
21755,1_00_0
21756,1_00_0
21757,3_b7_1
21758,5_b7_1
21759,6_00_0
21760,6_00_0
21761,4_00_0
21762,5_b8_1
21763,1_00_0
21764,2_00_0
21765,4_00_0
21766,5_b8_1
21767,5_00_0
21768,1_00_0
21769,5_b6_1
21770,3_b3_1
21771,6_00_0
21772,1_00_0
21773,5_b6_1
21774,3_00_0
21775,5_00_0
21776,6_00_0
21777,6_00_0
21778,3_00_0
21779,5_b7_1
21780,4_00_0
21781,6_00_0
21782,6_00_0
21783,3_a9_2
21784,2_00_0
21786,5_b8_1
21787,6_00_0
21788,6_00_0
21789,3_b7_1
21790,3_00_0
21791,3_00_0
21792,3_a9_2
21793,4_00_0
21794,3_b7_1
21795,4_00_0
21796,4_00_0
21798,3_00_0
21799,4_00_0
21800,3_00_0
21802,3_a9_1
21803,5_b8_1
21805,3_a9_1
21806,1_00_0
21807,3_00_0
21808,3_00_0
21809,5_b8_1
21810,4_00_0
21812,4_00_0
21814,5_b7_1
21815,6_00_0
21816,1_00_0
21817,4_00_0
21818,4_00_0
21819,6_00_0
21820,3_00_0
21821,5_b6_1
21823,3_00_0
21824,5_a7_2
21825,5_b8_1
21826,1_00_0
21827,4_00_0
21828,1_00_0
21829,1_00_0
21831,3_b8_1
21832,4_00_0
21833,5_b7_1
21834,3_00_0
21835,5_b8_1
21836,3_b6_1
21837,3_00_0
21838,3_b8_1
21839,1_00_0
21840,5_00_0
21841,6_00_0
21842,6_00_0
21843,3_00_0
21844,3_00_0
21845,3_a9_1
21846,6_00_0
21847,4_00_0
21848,4_00_0
21850,4_00_0
21851,1_00_0
21852,6_00_0
21853,5_b7_1
21854,6_00_0
21855,6_a11_1
21856,4_00_0
21857,1_00_0
21858,3_00_0
21859,6_00_0
21860,4_00_0
21861,4_00_0
21862,6_00_0
21863,5_b6_1
21864,3_a9_1
21865,3_00_0
21866,5_b7_1
21868,4_00_0
21869,3_00_0
21870,4_00_0
21871,2_a5_2
21872,3_00_0
21875,1_00_0
21876,5_00_0
21877,3_00_0
21878,3_00_0
21879,5_00_0
21881,6_00_0
21882,5_b8_1
21883,2_00_0
21884,1_00_0
21885,6_a12_2
21887,3_00_0
21888,5_b8_1
21889,3_00_0
21890,6_00_0
21891,3_00_0
21892,3_a9_3
21893,3_00_0
21894,3_b7_1
21895,3_00_0
21896,3_00_0
21897,4_00_0
21898,2_a5_2
21900,6_00_0
21901,5_b7_1
21902,3_00_0
21903,3_b3_1
21904,3_00_0
21905,3_b6_1
21906,6_00_0
21907,1_00_0
21908,1_00_0
21909,1_00_0
21910,3_00_0
21911,3_a9_1
21912,3_b8_1
21913,6_00_0
21915,1_00_0
21916,4_00_0
21917,3_00_0
21918,6_00_0
21919,2_00_0
21920,6_00_0
21921,6_00_0
21923,3_00_0
21924,3_b3_1
21925,6_00_0
21926,3_b6_1
21927,4_00_0
21928,1_00_0
21929,3_00_0
21930,4_00_0
21931,1_00_0
21932,4_00_0
21933,4_00_0
21934,3_00_0
21935,3_00_0
21936,4_00_0
21937,1_00_0
21938,1_00_0
21939,6_00_0
21940,2_a5_2
21941,4_00_0
21942,3_00_0
21943,3_00_0
21944,3_a9_1
21945,2_a5_2
21946,4_00_0
21947,6_00_0
21948,2_a5_2
21949,6_00_0
21950,6_00_0
21951,3_00_0
21954,5_a7_2
21955,3_00_0
21956,4_00_0
21957,3_b6_1
21958,6_00_0
21959,2_00_0
21960,3_b6_1
21961,3_b6_1
21962,1_00_0
21963,4_00_0
21964,1_00_0
21965,1_00_0
21966,4_00_0
21967,3_00_0
21968,6_00_0
21969,1_00_0
21970,3_00_0
21971,3_00_0
21973,6_00_0
21974,1_00_0
21975,3_b7_1
21976,3_a9_1
21977,5_b8_1
21978,3_a9_1
21980,4_00_0
21981,3_b3_1
21982,3_b7_1
21983,3_a9_1
21985,5_b6_1
21986,4_00_0
21987,3_00_0
21988,6_00_0
21989,1_00_0
21990,6_00_0
21991,3_a9_1
21992,2_a5_2
21993,1_00_0
21994,6_00_0
21995,3_b6_1
21996,3_00_0
21997,3_00_0
21998,5_b7_1
21999,3_b3_1
22000,3_00_0
22001,4_00_0
22002,6_00_0
22003,3_00_0
22005,3_00_0
22007,4_00_0
22009,3_00_0
22011,6_a11_2
22012,3_00_0
22013,4_00_0
22014,5_b6_1
22015,1_00_0
22016,6_00_0
22017,6_00_0
22018,5_b8_1
22019,4_00_0
22020,6_00_0
22021,1_00_0
22022,3_00_0
22023,3_00_0
22024,4_00_0
22025,6_00_0
22027,6_00_0
22028,3_a9_1
22029,3_b3_1
22030,6_00_0
22031,6_00_0
22032,2_00_0
22033,6_00_0
22034,6_00_0
22035,3_00_0
22037,5_b8_1
22038,4_00_0
22039,5_b7_1
22040,5_b8_1
22041,1_00_0
22043,1_00_0
22044,6_00_0
22045,4_00_0
22046,1_00_0
22047,3_00_0
22048,1_00_0
22049,5_a7_2
22050,1_00_0
22051,3_00_0
22052,3_b6_1
22053,4_00_0
22054,3_b7_1
22055,6_00_0
22056,6_00_0
22057,3_b6_1
22058,1_00_0
22059,6_00_0
22061,3_b7_1
22062,3_b6_1
22063,6_00_0
22064,3_00_0
22065,3_00_0
22066,1_00_0
22068,3_b8_1
22070,3_b7_1
22071,2_a5_2
22072,3_00_0
22073,3_00_0
22074,6_b4_1
22075,3_00_0
22076,2_00_0
22077,5_b6_1
22078,3_00_0
22079,3_00_0
22080,1_00_0
22081,6_00_0
22082,4_00_0
22083,1_00_0
22084,4_00_0
22085,3_00_0
22087,6_00_0
22088,6_b4_3
22089,3_a9_2
22091,4_00_0
22092,1_00_0
22093,2_00_0
22094,3_b8_1
22097,4_00_0
22099,2_a5_2
22100,3_b3_1
22102,6_00_0
22103,1_00_0
22104,4_00_0
22105,1_00_0
22106,2_a5_2
22107,2_00_0
22108,2_a5_2
22109,3_a9_1
22110,3_b8_1
22111,6_00_0
22112,6_00_0
22113,5_b8_1
22114,3_00_0
22115,3_b3_1
22116,1_00_0
22117,4_00_0
22118,4_00_0
22119,6_00_0
22120,3_00_0
22121,4_00_0
22122,3_00_0
22123,3_b6_1
22124,4_00_0
22125,3_00_0
22126,3_00_0
22127,3_a9_2
22128,3_00_0
22129,4_00_0
22130,6_00_0
22131,3_00_0
22132,6_a11_1
22133,3_00_0
22134,1_00_0
22135,4_00_0
22136,3_b6_1
22137,3_b6_1
22138,5_b8_1
22140,3_b7_1
22141,3_b3_1
22142,1_00_0
22143,3_a9_2
22144,2_00_0
22145,4_00_0
22146,4_00_0
22147,3_00_0
22148,3_b7_1
22149,3_00_0
22150,3_b6_1
22151,3_00_0
22152,1_00_0
22153,3_b8_1
22154,3_00_0
22155,2_a5_2
22156,3_b7_1
22157,3_00_0
22158,3_00_0
22159,4_00_0
22160,4_00_0
22161,3_b8_1
22162,3_00_0
22163,3_a9_1
22164,1_00_0
22165,6_00_0
22166,1_00_0
22167,4_00_0
22168,4_00_0
22169,3_b6_1
22170,1_00_0
22171,4_00_0
22172,6_00_0
22173,5_b6_1
22174,3_a9_1
22175,6_b4_3
22176,2_a5_2
22177,6_00_0
22178,4_00_0
22179,3_b6_1
22180,3_00_0
22181,4_00_0
22182,3_b8_1
22183,3_b6_1
22184,4_00_0
22185,3_b7_1
22188,3_00_0
22189,1_00_0
22190,3_00_0
22191,1_00_0
22192,3_00_0
22193,6_00_0
22194,6_00_0
22195,6_00_0
22196,5_00_0
22197,1_00_0
22198,3_00_0
22199,1_00_0
22202,6_00_0
22203,3_00_0
22204,5_b6_1
22205,1_00_0
22208,6_00_0
22210,5_b8_1
22211,3_b6_1
22212,4_00_0
22213,3_00_0
22214,6_00_0
22215,5_b6_1
22216,4_00_0
22218,3_b7_1
22219,3_00_0
22221,3_00_0
22222,5_b7_1
22223,3_00_0
22224,3_b8_1
22226,6_00_0
22227,1_00_0
22229,4_00_0
22230,1_00_0
22231,5_b8_1
22232,3_00_0
22233,5_00_0
22234,5_b7_1
22235,3_00_0
22236,3_00_0
22237,5_a7_2
22238,2_00_0
22239,3_00_0
22240,1_00_0
22241,4_00_0
22242,1_00_0
22243,4_00_0
22244,3_00_0
22245,2_a5_2
22246,6_00_0
22247,3_00_0
22248,6_00_0
22249,3_00_0
22250,3_a9_2
22251,3_00_0
22252,3_b3_1
22253,3_00_0
22254,3_a9_2
22255,4_00_0
22256,6_a11_1
22257,6_00_0
22258,3_b8_1
22259,2_a5_2
22260,1_00_0
22261,3_b8_1
22263,3_b3_1
22264,3_00_0
22266,3_00_0
22267,6_00_0
22268,4_00_0
22269,5_b6_1
22270,3_b6_1
22271,2_00_0
22272,1_00_0
22273,3_b6_1
22274,6_00_0
22275,1_00_0
22276,6_00_0
22277,1_00_0
22278,6_00_0
22279,3_b3_1
22280,5_b8_1
22281,2_00_0
22282,3_00_0
22283,6_b4_1
22284,6_a11_1
22286,3_00_0
22288,1_00_0
22289,2_00_0
22290,4_00_0
22291,4_00_0
22292,3_00_0
22293,1_00_0
22294,4_00_0
22295,3_b3_1
22296,3_00_0
22297,3_b3_1
22298,3_b3_1
22299,6_00_0
22300,3_00_0
22301,3_00_0
22302,4_00_0
22303,3_a9_2
22304,6_00_0
22305,2_00_0
22306,5_b7_1
22308,3_b7_1
22309,3_00_0
22310,6_00_0
22311,6_b4_3
22312,4_00_0
22313,3_00_0
22314,3_00_0
22316,1_00_0
22317,3_00_0
22318,4_00_0
22319,4_00_0
22320,5_b8_1
22321,6_00_0
22322,5_a7_2
22323,4_00_0
22325,3_a9_2
22326,6_00_0
22327,3_b7_1
22328,3_b7_1
22329,3_b3_1
22330,3_00_0
22331,3_b6_1
22332,4_00_0
22333,4_00_0
22334,6_00_0
22335,6_00_0
22336,6_00_0
22337,5_b6_1
22338,1_00_0
22339,4_00_0
22340,3_00_0
22341,6_a11_1
22342,4_00_0
22343,6_00_0
22344,6_a12_2
22345,6_00_0
22346,1_00_0
22347,3_00_0
22348,4_00_0
22349,1_00_0
22350,6_00_0
22351,4_00_0
22353,3_a9_1
22354,3_b6_1
22355,1_00_0
22356,1_00_0
22357,3_a9_2
22358,3_a9_1
22359,3_00_0
22360,3_00_0
22361,2_a5_2
22362,4_00_0
22363,4_00_0
22364,2_00_0
22365,6_00_0
22366,3_00_0
22367,6_00_0
22368,5_b8_1
22369,1_00_0
22370,6_00_0
22371,2_00_0
22372,2_a5_2
22373,4_00_0
22374,3_b6_1
22375,4_00_0
22376,3_b6_1
22377,6_00_0
22378,1_00_0
22379,5_b8_1
22380,5_b7_1
22381,2_a5_2
22382,5_b8_1
22383,4_00_0
22384,3_00_0
22385,3_b7_1
22386,4_00_0
22387,6_00_0
22388,3_b3_1
22389,4_00_0
22390,3_b6_1
22391,3_00_0
22392,4_00_0
22393,5_a7_2
22394,3_00_0
22395,5_00_0
22396,3_b6_1
22397,3_a9_1
22398,2_a5_2
22399,6_00_0
22400,3_b6_1
22401,3_00_0
22402,4_00_0
22403,1_00_0
22404,3_a9_2
22405,4_00_0
22406,6_00_0
22408,6_00_0
22409,5_b8_1
22410,3_b6_1
22411,1_00_0
22412,3_00_0
22413,5_b7_1
22414,1_00_0
22416,1_00_0
22417,5_b8_1
22418,3_a9_2
22419,6_00_0
22420,6_00_0
22421,5_b6_1
22422,3_a9_2
22423,6_00_0
22424,6_00_0
22426,3_00_0
22427,4_00_0
22428,3_00_0
22429,2_00_0
22430,5_b7_1
22431,4_00_0
22432,5_b8_1
22434,6_00_0
22435,6_00_0
22436,3_a9_3
22437,3_00_0
22438,4_00_0
22439,3_b6_1
22440,3_00_0
22442,4_00_0
22444,2_00_0
22445,3_00_0
22446,1_00_0
22447,1_00_0
22448,1_00_0
22449,3_00_0
22450,6_b5_1
22451,3_00_0
22452,3_b8_1
22453,2_00_0
22455,3_00_0
22456,4_00_0
22457,5_b6_1
22458,6_a12_1
22459,6_00_0
22460,2_a5_2
22461,3_00_0
22462,3_00_0
22463,6_a11_1
22464,4_00_0
22466,4_00_0
22467,4_00_0
22468,3_00_0
22469,3_00_0
22470,2_a5_2
22471,1_00_0
22472,5_a7_2
22473,6_a11_1
22474,3_a9_1
22475,5_a7_2
22476,4_00_0
22477,4_00_0
22478,4_00_0
22479,5_00_0
22481,3_00_0
22482,3_00_0
22484,3_00_0
22485,5_b6_1
22486,4_00_0
22487,3_00_0
22488,3_00_0
22489,6_00_0
22490,1_00_0
22491,1_00_0
22492,6_00_0
22493,3_00_0
22494,2_00_0
22495,3_b6_1
22496,3_a9_2
22498,6_00_0
22499,2_00_0
22500,1_00_0
22501,6_00_0
22503,4_00_0
22504,1_00_0
22505,3_00_0
22506,5_b6_1
22507,2_a5_2
22508,6_00_0
22510,3_00_0
22511,3_00_0
22512,3_b8_1
22513,3_00_0
22515,1_00_0
22516,2_00_0
22517,3_b3_1
22518,3_00_0
22519,6_00_0
22520,3_b7_1
22521,3_b7_1
22523,1_00_0
22524,6_00_0
22525,3_00_0
22526,3_00_0
22527,1_00_0
22528,2_00_0
22529,3_a9_2
22530,1_00_0
22531,4_00_0
22532,4_00_0
22533,5_b8_1
22534,4_00_0
22535,1_00_0
22536,3_b7_1
22537,4_00_0
22538,4_00_0
22539,3_a9_1
22540,1_00_0
22541,2_00_0
22542,1_00_0
22543,6_00_0
22544,6_00_0
22545,5_a7_2
22546,2_a5_2
22547,3_a9_2
22548,3_b8_1
22549,6_00_0
22550,3_00_0
22551,3_00_0
22552,1_00_0
22553,3_00_0
22554,3_b8_1
22555,1_00_0
22556,3_00_0
22557,3_a9_2
22558,4_00_0
22559,2_00_0
22560,5_a7_2
22561,6_00_0
22562,6_00_0
22563,3_a9_2
22564,4_00_0
22565,6_00_0
22566,3_a9_1
22567,5_b8_1
22568,4_00_0
22569,4_00_0
22570,5_b8_1
22571,1_00_0
22573,3_b6_1
22575,3_b7_1
22577,1_00_0
22578,3_00_0
22579,4_00_0
22580,3_a9_2
22581,3_b3_1
22583,1_00_0
22584,3_00_0
22585,3_00_0
22586,5_a7_2
22587,2_00_0
22588,3_00_0
22589,3_b7_1
22590,4_00_0
22591,3_a9_1
22592,5_a7_2
22593,4_00_0
22594,1_00_0
22595,4_00_0
22596,3_b6_1
22597,3_00_0
22601,1_00_0
22602,3_00_0
22603,4_00_0
22604,6_00_0
22605,3_b6_1
22606,6_00_0
22607,1_00_0
22608,5_b8_1
22609,3_00_0
22610,3_a9_1
22611,5_b6_1
22612,3_b8_1
22613,4_00_0
22614,4_00_0
22615,6_00_0
22616,1_00_0
22617,3_a9_1
22618,4_00_0
22619,5_b6_1
22620,2_a5_2
22621,5_b8_1
22622,3_b3_1
22624,1_00_0
22625,4_00_0
22626,6_00_0
22627,4_00_0
22628,5_b8_1
22630,1_00_0
22632,5_b8_1
22633,1_00_0
22635,5_b8_1
22636,3_b7_1
22637,3_00_0
22638,5_b6_1
22639,3_00_0
22640,1_00_0
22641,5_b7_1
22642,4_00_0
22643,3_b7_1
22644,1_00_0
22645,1_00_0
22647,6_00_0
22649,4_00_0
22650,6_00_0
22651,3_00_0
22652,5_00_0
22653,3_00_0
22654,4_00_0
22655,4_00_0
22656,3_a9_2
22657,4_00_0
22658,3_00_0
22659,3_00_0
22660,4_00_0
22661,3_00_0
22662,6_00_0
22663,3_b7_1
22664,3_00_0
22665,6_00_0
22666,6_00_0
22667,1_00_0
22668,3_b6_1
22669,3_a9_1
22670,4_00_0
22671,6_00_0
22672,6_00_0
22673,3_a9_2
22674,5_b6_1
22675,1_00_0
22676,1_00_0
22677,6_00_0
22678,2_a5_2
22679,5_b8_1
22680,4_00_0
22681,6_a11_1
22682,5_b8_1
22683,3_00_0
22685,3_00_0
22686,3_00_0
22687,5_b8_1
22688,3_a9_3
22689,4_00_0
22690,3_a9_2
22691,1_00_0
22692,2_a5_2
22693,3_00_0
22694,3_b3_1
22695,6_00_0
22696,3_00_0
22697,3_b6_1
22698,5_b8_1
22699,2_a5_2
22700,3_b3_1
22701,3_a9_1
22702,3_00_0
22703,6_a11_1
22704,4_00_0
22705,3_b3_1
22708,3_b3_1
22710,6_00_0
22711,4_00_0
22712,3_00_0
22713,1_00_0
22714,1_00_0
22715,1_00_0
22716,5_b8_1
22717,3_a9_1
22718,6_00_0
22719,6_a11_2
22720,6_00_0
22721,3_00_0
22722,6_00_0
22723,5_b8_1
22725,4_00_0
22727,3_00_0
22728,3_00_0
22729,3_00_0
22730,6_00_0
22731,3_00_0
22732,4_00_0
22733,3_00_0
22734,3_a9_1
22735,1_00_0
22736,3_b8_1
22737,3_00_0
22738,6_00_0
22739,3_a9_2
22740,3_00_0
22741,2_00_0
22743,4_00_0
22744,3_00_0
22745,4_00_0
22746,3_00_0
22747,6_00_0
22748,4_00_0
22749,1_00_0
22750,3_b7_1
22751,4_00_0
22753,1_00_0
22754,3_b7_1
22755,6_00_0
22756,6_00_0
22757,1_00_0
22758,2_a5_2
22759,3_b6_1
22760,3_00_0
22762,3_00_0
22764,1_00_0
22766,3_00_0
22767,3_00_0
22768,1_00_0
22770,5_b7_1
22771,3_00_0
22772,3_00_0
22774,3_b3_1
22775,3_00_0
22777,3_a9_2
22778,6_00_0
22779,6_00_0
22780,6_00_0
22781,3_00_0
22782,1_00_0
22783,4_00_0
22785,3_00_0
22786,3_00_0
22787,5_b8_1
22788,4_00_0
22790,5_b7_1
22791,6_00_0
22792,3_00_0
22793,6_00_0
22795,4_00_0
22796,1_00_0
22797,6_00_0
22798,6_00_0
22800,4_00_0
22801,1_00_0
22802,3_00_0
22803,6_00_0
22804,4_00_0
22805,4_00_0
22806,1_00_0
22807,1_00_0
22808,3_00_0
22809,3_b6_1
22810,6_00_0
22811,6_a11_1
22812,3_00_0
22813,1_00_0
22814,3_00_0
22815,3_a9_2
22817,4_00_0
22818,3_b6_1
22819,6_00_0
22820,3_00_0
22822,3_b7_1
22824,4_00_0
22825,5_b6_1
22826,4_00_0
22827,3_00_0
22828,3_00_0
22829,4_00_0
22830,3_a9_3
22831,1_00_0
22832,3_b3_1
22833,3_00_0
22834,3_a9_2
22835,3_00_0
22836,6_a11_1
22837,3_b6_1
22838,3_b7_1
22839,5_b6_1
22840,1_00_0
22841,6_00_0
22842,6_a12_2
22843,3_00_0
22844,3_00_0
22845,3_00_0
22846,4_00_0
22848,1_00_0
22850,5_b7_1
22851,3_00_0
22852,3_00_0
22853,2_00_0
22854,4_00_0
22855,3_b6_1
22856,5_b8_1
22857,5_b6_1
22859,1_00_0
22861,1_00_0
22862,3_00_0
22863,4_00_0
22864,4_00_0
22865,2_00_0
22867,3_b7_1
22868,5_00_0
22869,3_00_0
22870,1_00_0
22871,3_00_0
22872,1_00_0
22873,2_a5_2
22874,4_00_0
22875,3_b8_1
22876,6_00_0
22877,3_00_0
22878,4_00_0
22880,3_b7_1
22881,3_00_0
22882,3_00_0
22883,4_00_0
22884,2_a5_2
22885,3_b6_1
22886,6_00_0
22888,3_b3_1
22889,1_00_0
22891,5_b7_1
22894,4_00_0
22895,5_b6_1
22896,1_00_0
22897,3_b3_1
22898,6_00_0
22899,2_a5_2
22900,6_00_0
22901,6_00_0
22902,3_00_0
22903,5_b7_1
22904,2_a5_2
22905,1_00_0
22906,6_00_0
22907,1_00_0
22909,1_00_0
22910,3_00_0
22911,3_b7_1
22912,5_b7_1
22913,3_00_0
22914,3_00_0
22915,3_00_0
22916,1_00_0
22917,6_00_0
22918,6_00_0
22919,3_b6_1
22920,6_00_0
22921,1_00_0
22922,6_00_0
22923,6_00_0
22925,3_00_0
22927,4_00_0
22928,6_00_0
22929,3_b3_1
22930,6_a11_1
22931,1_00_0
22932,3_00_0
22933,4_00_0
22934,6_00_0
22936,1_00_0
22937,5_a7_2
22938,4_00_0
22939,5_b6_1
22940,1_00_0
22941,3_00_0
22942,3_b8_1
22943,3_00_0
22944,1_00_0
22945,4_00_0
22946,6_00_0
22947,1_00_0
22948,4_00_0
22949,3_00_0
22950,3_b8_1
22951,3_b6_1
22953,2_a5_2
22954,6_00_0
22956,4_00_0
22957,3_00_0
22958,4_00_0
22961,3_00_0
22962,6_00_0
22963,3_00_0
22965,3_a9_2
22966,3_00_0
22967,3_b6_1
22968,1_00_0
22969,3_00_0
22970,6_00_0
22972,4_00_0
22973,3_00_0
22974,3_00_0
22975,3_00_0
22977,3_00_0
22978,3_b7_1
22979,6_00_0
22980,6_00_0
22981,2_a5_2
22983,3_00_0
22984,3_a9_1
22986,6_00_0
22987,3_b7_1
22989,6_00_0
22990,3_00_0
22991,1_00_0
22992,4_00_0
22994,6_00_0
22995,6_00_0
22996,4_00_0
22998,3_b6_1
23001,3_00_0
23002,5_b8_1
23003,3_00_0
23004,3_00_0
23006,4_00_0
23007,6_00_0
23008,1_00_0
23009,1_00_0
23010,5_b7_1
23011,5_b8_1
23012,1_00_0
23013,1_00_0
23014,1_00_0
23015,2_00_0
23017,3_a9_2
23018,5_b6_1
23019,5_b7_1
23020,5_b6_1
23021,3_00_0
23022,6_00_0
23023,1_00_0
23024,3_a9_2
23025,4_00_0
23026,3_00_0
23027,6_00_0
23028,6_00_0
23029,1_00_0
23030,3_a9_1
23032,3_b8_1
23033,3_00_0
23034,4_00_0
23035,1_00_0
23036,6_b5_1
23037,3_00_0
23038,3_b7_1
23039,3_00_0
23040,5_b7_1
23041,3_a9_2
23043,1_00_0
23044,3_00_0
23045,3_b6_1
23046,3_00_0
23047,4_00_0
23048,3_00_0
23049,3_00_0
23050,5_b6_1
23051,5_00_0
23052,4_00_0
23053,6_00_0
23054,6_00_0
23055,6_00_0
23056,5_b7_1
23057,3_00_0
23058,6_00_0
23059,3_00_0
23060,6_00_0
23061,3_00_0
23063,6_a12_2
23064,4_00_0
23065,6_00_0
23066,3_00_0
23068,1_00_0
23069,5_b6_1
23070,2_a5_2
23072,1_00_0
23074,3_b3_1
23076,3_b6_1
23077,6_00_0
23078,3_00_0
23079,6_a12_2
23080,1_00_0
23081,1_00_0
23082,1_00_0
23083,3_a9_2
23084,3_a9_1
23085,3_b6_1
23086,3_00_0
23087,2_00_0
23088,6_00_0
23089,4_00_0
23090,3_00_0
23092,3_00_0
23093,4_00_0
23094,5_b8_1
23095,1_00_0
23096,6_00_0
23097,6_00_0
23098,6_00_0
23099,4_00_0
23100,3_a9_3
23101,6_00_0
23102,3_00_0
23104,3_a9_2
23105,1_00_0
23106,6_00_0
23107,3_a9_2
23108,3_00_0
23109,6_00_0
23110,1_00_0
23111,1_00_0
23112,1_00_0
23113,3_00_0
23114,5_b6_1
23115,4_00_0
23116,6_00_0
23117,5_b7_1
23118,3_a9_1
23119,4_00_0
23120,6_00_0
23121,6_00_0
23122,3_a9_2
23123,1_00_0
23124,3_b8_1
23125,3_00_0
23126,1_00_0
23127,4_00_0
23128,3_00_0
23129,3_00_0
23130,1_00_0
23131,4_00_0
23132,3_00_0
23133,4_00_0
23134,3_b8_1
23135,3_b3_1
23136,3_00_0
23137,5_b7_1
23138,3_00_0
23139,3_00_0
23140,5_b7_1
23141,3_b6_1
23142,3_b3_1
23143,3_00_0
23144,6_b4_1
23145,3_b3_1
23146,6_00_0
23147,1_00_0
23148,4_00_0
23149,3_00_0
23150,4_00_0
23151,3_b3_1
23152,5_b8_1
23153,5_b7_1
23154,1_00_0
23155,3_a9_1
23156,3_a9_3
23157,6_00_0
23158,1_00_0
23159,2_a5_2
23160,6_00_0
23161,3_a9_1
23162,3_00_0
23163,6_00_0
23164,5_b8_1
23165,4_00_0
23166,3_b6_1
23167,3_b3_1
23168,4_00_0
23169,1_00_0
23170,3_a9_2
23171,3_b6_1
23172,1_00_0
23173,3_00_0
23174,6_00_0
23175,6_00_0
23176,4_00_0
23177,5_b8_1
23179,4_00_0
23180,3_00_0
23181,6_00_0
23182,6_b5_1
23183,6_00_0
23184,1_00_0
23186,1_00_0
23187,3_b3_1
23188,6_00_0
23189,3_b8_1
23191,3_b6_1
23192,6_00_0
23193,1_00_0
23194,2_a5_2
23195,3_a9_2
23196,1_00_0
23197,3_a9_1
23198,5_b8_1
23199,6_00_0
23200,6_00_0
23201,3_b7_1
23202,1_00_0
23203,4_00_0
23204,1_00_0
23205,4_00_0
23206,1_00_0
23207,1_00_0
23208,4_00_0
23209,6_00_0
23210,3_00_0
23211,3_00_0
23213,4_00_0
23214,5_b8_1
23215,5_00_0
23217,3_00_0
23218,3_b7_1
23219,3_00_0
23220,4_00_0
23221,3_00_0
23222,4_00_0
23223,6_00_0
23224,1_00_0
23225,6_00_0
23226,4_00_0
23227,1_00_0
23228,5_b6_1
23229,1_00_0
23230,3_b8_1
23231,3_b6_1
23232,4_00_0
23233,1_00_0
23234,1_00_0
23235,6_00_0
23236,4_00_0
23237,3_00_0
23238,3_b6_1
23239,3_b7_1
23241,6_00_0
23242,6_00_0
23243,3_00_0
23244,6_00_0
23245,3_a9_2
23246,1_00_0
23247,6_00_0
23248,4_00_0
23250,3_00_0
23251,6_00_0
23253,6_00_0
23255,3_a9_2
23256,4_00_0
23257,3_00_0
23258,3_00_0
23259,3_b6_1
23261,6_00_0
23262,6_a11_1
23263,1_00_0
23264,2_00_0
23265,6_00_0
23266,5_b8_1
23267,6_00_0
23268,6_00_0
23269,6_00_0
23270,3_b3_1
23271,5_00_0
23272,3_00_0
23273,4_00_0
23274,3_00_0
23275,3_00_0
23276,2_a5_2
23277,3_00_0
23278,1_00_0
23279,3_00_0
23280,3_b6_1
23281,2_00_0
23282,3_00_0
23283,3_00_0
23284,3_00_0
23285,3_00_0
23286,3_00_0
23287,3_00_0
23288,3_a9_1
23289,4_00_0
23290,5_a7_2
23291,1_00_0
23292,3_00_0
23293,6_00_0
23294,4_00_0
23295,3_00_0
23296,4_00_0
23297,6_00_0
23298,3_00_0
23299,6_a12_1
23300,3_00_0
23301,5_a7_2
23302,3_00_0
23303,1_00_0
23304,3_a9_2
23305,6_00_0
23306,4_00_0
23307,6_00_0
23308,3_00_0
23309,1_00_0
23310,4_00_0
23311,3_b6_1
23312,6_b4_3
23314,3_00_0
23315,4_00_0
23316,3_00_0
23317,2_a5_2
23318,6_00_0
23319,3_b6_1
23320,4_00_0
23321,6_00_0
23322,6_00_0
23324,6_00_0
23327,6_00_0
23328,5_b7_1
23329,6_00_0
23330,6_b4_1
23331,3_00_0
23332,3_00_0
23333,6_00_0
23334,1_00_0
23335,5_00_0
23336,1_00_0
23337,2_00_0
23338,3_a9_2
23339,3_b8_1
23340,2_a5_2
23341,3_00_0
23342,1_00_0
23343,3_00_0
23345,1_00_0
23346,1_00_0
23347,5_b7_1
23348,1_00_0
23349,5_b6_1
23350,3_a9_2
23351,3_b7_1
23352,5_00_0
23353,4_00_0
23354,6_00_0
23355,1_00_0
23356,3_00_0
23357,3_b8_1
23359,3_00_0
23360,5_b8_1
23361,6_00_0
23363,1_00_0
23364,5_b8_1
23365,5_b6_1
23366,4_00_0
23367,3_a9_2
23368,3_00_0
23369,1_00_0
23370,3_b7_1
23371,6_00_0
23372,3_00_0
23373,3_00_0
23374,3_00_0
23375,1_00_0
23376,5_b8_1
23377,3_00_0
23378,3_b6_1
23379,4_00_0
23380,6_00_0
23381,5_b8_1
23382,3_00_0
23383,6_00_0
23384,1_00_0
23385,6_a11_2
23386,3_b7_1
23387,3_00_0
23388,3_00_0
23390,5_b7_1
23391,3_00_0
23392,1_00_0
23393,6_00_0
23394,4_00_0
23395,3_b6_1
23396,1_00_0
23397,4_00_0
23398,1_00_0
23399,2_a5_2
23400,3_a9_2
23401,3_00_0
23402,2_00_0
23403,6_00_0
23405,5_b7_1
23406,3_b8_1
23407,2_a5_2
23408,4_00_0
23409,2_00_0
23410,3_00_0
23411,3_00_0
23412,2_a5_2
23413,1_00_0
23414,3_b3_1
23418,3_00_0
23419,3_00_0
23420,3_00_0
23421,3_a9_2
23422,3_00_0
23423,6_a11_1
23424,4_00_0
23425,3_00_0
23427,1_00_0
23429,5_b6_1
23430,6_00_0
23431,3_00_0
23432,2_a5_2
23434,3_b3_1
23435,6_00_0
23436,1_00_0
23437,6_00_0
23438,3_00_0
23439,4_00_0
23440,4_00_0
23441,4_00_0
23442,6_00_0
23444,2_00_0
23445,3_b3_1
23446,5_b8_1
23447,1_00_0
23448,3_00_0
23449,3_00_0
23450,6_00_0
23451,3_00_0
23452,3_b3_1
23453,6_00_0
23454,5_b6_1
23455,3_a9_1
23456,2_a5_2
23457,3_b7_1
23460,3_a9_1
23461,5_b7_1
23462,6_00_0
23463,3_b8_1
23465,4_00_0
23466,6_a11_1
23468,3_00_0
23469,6_00_0
23470,6_b4_1
23473,1_00_0
23474,3_b6_1
23475,3_a9_1
23477,3_a9_1
23478,3_a9_2
23480,3_00_0
23481,2_a5_2
23482,6_00_0
23484,3_00_0
23485,4_00_0
23486,6_00_0
23487,3_b7_1
23488,2_00_0
23489,4_00_0
23490,5_b6_1
23492,3_b8_1
23493,3_a9_1
23494,3_00_0
23496,4_00_0
23497,3_00_0
23498,3_00_0
23499,5_b8_1
23500,3_b3_1
23502,3_00_0
23503,6_00_0
23504,1_00_0
23505,1_00_0
23506,5_a7_2
23507,5_b7_1
23508,6_b4_3
23509,3_b6_1
23510,1_00_0
23511,3_b6_1
23512,1_00_0
23513,1_00_0
23514,6_00_0
23515,3_00_0
23516,3_00_0
23517,4_00_0
23518,3_a9_2
23519,5_a7_2
23522,3_a9_3
23523,5_b8_1
23524,3_00_0
23525,3_00_0
23527,6_00_0
23529,1_00_0
23530,1_00_0
23531,3_00_0
23532,3_a9_1
23533,3_00_0
23534,2_a5_2
23535,6_00_0
23536,4_00_0
23540,5_b6_1
23541,2_00_0
23542,6_00_0
23543,2_00_0
23544,6_00_0
23545,1_00_0
23546,1_00_0
23547,3_00_0
23548,5_b8_1
23549,6_00_0
23550,1_00_0
23551,1_00_0
23552,6_00_0
23553,3_00_0
23554,3_b6_1
23555,5_00_0
23556,1_00_0
23557,3_a9_1
23558,3_00_0
23559,6_00_0
23560,1_00_0
23562,3_00_0
23563,4_00_0
23564,1_00_0
23565,1_00_0
23566,3_00_0
23567,6_00_0
23568,6_00_0
23569,2_00_0
23571,1_00_0
23572,6_00_0
23573,6_00_0
23574,4_00_0
23575,5_00_0
23576,4_00_0
23577,6_00_0
23578,4_00_0
23579,5_b8_1
23581,5_00_0
23583,3_b3_1
23585,5_00_0
23586,3_00_0
23587,2_a5_2
23588,3_00_0
23589,3_b7_1
23590,3_a9_1
23591,3_00_0
23592,3_00_0
23593,1_00_0
23594,1_00_0
23595,1_00_0
23596,6_00_0
23597,6_00_0
23598,5_b7_1
23599,4_00_0
23600,3_00_0
23601,3_00_0
23603,3_a9_1
23605,4_00_0
23606,1_00_0
23607,3_00_0
23608,3_b3_1
23609,1_00_0
23611,3_a9_1
23612,3_00_0
23613,3_00_0
23614,3_b3_1
23615,6_00_0
23616,6_00_0
23617,1_00_0
23618,1_00_0
23619,1_00_0
23620,3_b7_1
23621,3_b6_1
23622,4_00_0
23624,6_00_0
23625,4_00_0
23626,3_b6_1
23627,1_00_0
23628,3_00_0
23629,6_00_0
23630,3_a9_1
23631,6_00_0
23632,4_00_0
23633,1_00_0
23634,3_00_0
23635,3_a9_2
23637,3_00_0
23638,5_a7_2
23641,2_00_0
23642,4_00_0
23643,3_b3_1
23644,3_00_0
23646,3_b3_1
23647,4_00_0
23648,3_00_0
23650,6_00_0
23652,3_a9_2
23653,3_00_0
23654,3_00_0
23655,4_00_0
23656,3_b7_1
23657,2_a5_2
23658,1_00_0
23660,3_b7_1
23661,1_00_0
23662,4_00_0
23663,6_b5_1
23664,5_b8_1
23665,3_b6_1
23666,4_00_0
23667,6_00_0
23668,3_b8_1
23670,5_b6_1
23671,3_00_0
23672,4_00_0
23673,1_00_0
23674,5_b7_1
23675,6_00_0
23676,6_00_0
23677,3_00_0
23678,6_00_0
23679,3_b8_1
23680,4_00_0
23682,3_00_0
23683,6_00_0
23684,4_00_0
23685,6_00_0
23686,3_b3_1
23687,1_00_0
23688,4_00_0
23689,5_b8_1
23690,6_00_0
23691,6_00_0
23693,3_00_0
23694,1_00_0
23695,3_a9_2
23696,4_00_0
23698,6_00_0
23699,3_a9_3
23700,3_00_0
23701,6_a12_1
23702,5_b6_1
23703,5_b8_1
23704,5_b6_1
23705,6_a12_1
23706,3_a9_1
23707,1_00_0
23708,3_a9_2
23709,3_b7_1
23711,5_b6_1
23712,6_00_0
23713,1_00_0
23714,3_b6_1
23715,6_00_0
23716,3_b8_1
23717,3_a9_2
23718,1_00_0
23719,5_a7_2
23720,4_00_0
23722,3_a9_2
23723,3_00_0
23724,2_a5_2
23725,2_a5_2
23726,3_a9_1
23727,3_00_0
23728,1_00_0
23730,4_00_0
23731,1_00_0
23732,4_00_0
23733,6_00_0
23734,3_00_0
23735,3_00_0
23736,1_00_0
23737,5_b6_1
23738,2_a5_2
23739,1_00_0
23740,4_00_0
23741,4_00_0
23743,3_b8_1
23744,3_00_0
23745,3_00_0
23746,6_00_0
23747,3_00_0
23748,5_00_0
23749,4_00_0
23750,3_00_0
23751,1_00_0
23752,4_00_0
23753,2_a5_2
23755,4_00_0
23756,2_00_0
23757,1_00_0
23758,3_b6_1
23759,5_b7_1
23760,4_00_0
23761,4_00_0
23762,2_00_0
23763,3_b3_1
23764,5_b7_1
23765,3_b6_1
23766,3_b6_1
23768,3_a9_1
23770,4_00_0
23772,3_b3_1
23773,3_00_0
23774,1_00_0
23775,6_00_0
23776,1_00_0
23777,3_b6_1
23778,3_00_0
23779,3_00_0
23780,5_b8_1
23781,1_00_0
23782,3_b6_1
23783,1_00_0
23785,3_00_0
23786,6_00_0
23787,6_00_0
23788,6_00_0
23789,1_00_0
23790,6_00_0
23791,4_00_0
23792,3_00_0
23793,3_00_0
23794,3_b8_1
23795,6_00_0
23796,3_00_0
23799,3_00_0
23800,6_00_0
23801,2_a5_2
23802,3_00_0
23803,3_b7_1
23804,3_b7_1
23805,1_00_0
23806,3_00_0
23807,1_00_0
23808,5_b7_1
23809,3_00_0
23810,3_a9_2
23811,3_00_0
23813,5_b6_1
23814,5_b6_1
23815,5_b7_1
23816,1_00_0
23817,1_00_0
23818,6_00_0
23819,1_00_0
23820,3_00_0
23821,3_00_0
23822,3_00_0
23823,2_a5_2
23824,3_00_0
23825,3_00_0
23826,3_00_0
23827,1_00_0
23828,4_00_0
23829,4_00_0
23830,3_00_0
23831,3_00_0
23832,4_00_0
23833,6_00_0
23834,6_00_0
23835,1_00_0
23836,4_00_0
23838,3_b3_1
23839,5_b6_1
23840,1_00_0
23841,3_b3_1
23842,2_a5_2
23844,4_00_0
23845,1_00_0
23846,4_00_0
23847,3_00_0
23848,6_00_0
23849,3_b6_1
23850,5_a7_2
23851,6_00_0
23852,3_b8_1
23854,6_00_0
23855,6_00_0
23856,2_a5_2
23857,6_00_0
23858,6_b5_1
23859,3_00_0
23861,5_00_0
23862,6_00_0
23864,5_b7_1
23865,3_00_0
23866,4_00_0
23868,1_00_0
23869,2_a5_2
23870,2_a5_2
23871,4_00_0
23872,1_00_0
23873,3_b6_1
23874,3_00_0
23875,6_00_0
23876,3_00_0
23877,3_b7_1
23878,3_b7_1
23879,3_00_0
23880,5_b7_1
23882,3_00_0
23883,5_b8_1
23884,3_b7_1
23885,4_00_0
23887,3_00_0
23888,3_b6_1
23889,3_00_0
23890,3_00_0
23891,1_00_0
23892,4_00_0
23893,6_00_0
23894,3_b3_1
23895,3_a9_1
23896,6_00_0
23897,3_b7_1
23899,3_00_0
23900,6_a11_1
23902,5_b6_1
23903,3_00_0
23904,3_b8_1
23905,3_b7_1
23906,3_00_0
23907,2_00_0
23908,2_00_0
23909,3_00_0
23910,1_00_0
23911,3_00_0
23912,4_00_0
23913,6_00_0
23914,3_00_0
23915,5_b8_1
23916,4_00_0
23917,6_00_0
23918,6_00_0
23919,5_b7_1
23920,1_00_0
23921,6_b5_1
23922,4_00_0
23923,3_00_0
23924,1_00_0
23925,4_00_0
23926,5_b6_1
23928,3_b3_1
23929,4_00_0
23930,5_b7_1
23931,3_00_0
23932,1_00_0
23933,3_00_0
23934,4_00_0
23935,3_00_0
23936,3_00_0
23937,6_00_0
23939,1_00_0
23940,4_00_0
23941,3_00_0
23942,5_b7_1
23943,3_00_0
23944,3_00_0
23945,6_00_0
23946,1_00_0
23947,4_00_0
23948,4_00_0
23949,1_00_0
23950,3_00_0
23951,3_b3_1
23952,2_00_0
23953,4_00_0
23954,5_b6_1
23956,6_00_0
23957,4_00_0
23958,3_00_0
23959,6_00_0
23960,1_00_0
23961,3_b8_1
23962,1_00_0
23963,3_a9_1
23964,3_00_0
23965,3_b7_1
23966,1_00_0
23967,3_b8_1
23968,3_00_0
23969,3_00_0
23970,2_00_0
23971,1_00_0
23972,5_00_0
23973,3_00_0
23974,4_00_0
23975,3_00_0
23976,3_00_0
23977,3_b8_1
23978,3_00_0
23979,3_b6_1
23980,6_00_0
23981,3_b6_1
23982,4_00_0
23983,3_00_0
23984,5_b6_1
23985,1_00_0
23986,2_a5_2
23987,5_b7_1
23988,4_00_0
23989,5_00_0
23990,4_00_0
23991,3_00_0
23992,5_b7_1
23993,4_00_0
23994,1_00_0
23995,3_00_0
23996,3_00_0
23997,4_00_0
23998,4_00_0
23999,5_b7_1
24000,2_00_0
24001,1_00_0
24002,6_00_0
24003,3_00_0
24004,4_00_0
24005,3_00_0
24006,6_00_0
24007,5_a7_2
24008,5_00_0
24009,6_00_0
24010,1_00_0
24011,5_b8_1
24012,1_00_0
24013,3_b7_1
24014,6_00_0
24015,6_00_0
24017,6_00_0
24018,3_b3_1
24020,4_00_0
24021,1_00_0
24022,3_00_0
24023,5_a7_2
24024,3_00_0
24025,1_00_0
24026,4_00_0
24027,3_00_0
24028,4_00_0
24029,4_00_0
24030,3_b6_1
24031,4_00_0
24032,3_b6_1
24033,2_a5_2
24034,4_00_0
24035,6_00_0
24036,1_00_0
24037,6_00_0
24038,3_b6_1
24039,2_00_0
24040,6_00_0
24041,1_00_0
24042,6_00_0
24044,1_00_0
24045,3_00_0
24047,4_00_0
24048,4_00_0
24049,6_00_0
24050,5_b8_1
24051,3_00_0
24053,4_00_0
24054,5_b8_1
24055,2_a5_2
24056,3_00_0
24057,3_a9_1
24058,1_00_0
24059,4_00_0
24060,6_00_0
24062,1_00_0
24064,1_00_0
24065,6_00_0
24066,3_b6_1
24067,3_00_0
24068,1_00_0
24069,3_00_0
24070,5_b8_1
24071,6_00_0
24072,4_00_0
24073,6_00_0
24074,1_00_0
24075,1_00_0
24076,3_00_0
24077,6_00_0
24078,6_00_0
24079,3_a9_1
24080,4_00_0
24082,4_00_0
24083,5_b8_1
24084,3_00_0
24085,5_b6_1
24086,3_00_0
24088,5_a7_2
24089,3_b7_1
24090,3_00_0
24091,4_00_0
24092,3_00_0
24093,4_00_0
24094,2_a5_2
24096,6_a12_1
24097,5_b8_1
24098,2_00_0
24099,4_00_0
24100,2_00_0
24101,4_00_0
24102,3_00_0
24103,2_a5_2
24104,6_00_0
24105,3_00_0
24106,4_00_0
24108,3_00_0
24109,6_00_0
24110,3_a9_3
24111,6_00_0
24112,3_00_0
24113,6_00_0
24114,3_00_0
24115,3_00_0
24116,2_a5_2
24117,4_00_0
24118,1_00_0
24119,1_00_0
24120,1_00_0
24121,4_00_0
24122,3_00_0
24123,3_00_0
24124,6_00_0
24125,6_a11_1
24127,6_00_0
24128,3_00_0
24130,3_a9_2
24131,3_00_0
24132,6_00_0
24133,5_b6_1
24134,4_00_0
24135,3_00_0
24136,3_b8_1
24137,5_b7_1
24138,6_00_0
24139,3_00_0
24140,3_a9_2
24141,1_00_0
24142,6_00_0
24144,5_b7_1
24146,3_a9_1
24147,6_00_0
24148,4_00_0
24149,3_b7_1
24150,1_00_0
24151,3_00_0
24152,5_b6_1
24153,6_00_0
24154,1_00_0
24155,4_00_0
24156,6_00_0
24157,1_00_0
24158,6_00_0
24159,4_00_0
24160,5_a7_2
24161,3_00_0
24162,4_00_0
24163,5_a7_2
24164,4_00_0
24165,3_b3_1
24166,4_00_0
24167,3_00_0
24168,3_a9_1
24170,3_00_0
24171,3_00_0
24172,5_00_0
24173,3_00_0
24174,6_a11_1
24175,6_b5_1
24176,6_00_0
24178,2_a5_2
24179,1_00_0
24180,4_00_0
24181,5_b8_1
24182,6_a11_1
24183,3_b7_1
24184,4_00_0
24185,3_b3_1
24186,6_00_0
24187,3_00_0
24188,3_00_0
24190,4_00_0
24191,6_00_0
24192,6_00_0
24193,3_00_0
24194,4_00_0
24195,1_00_0
24197,4_00_0
24199,4_00_0
24200,4_00_0
24201,1_00_0
24202,3_00_0
24203,5_b8_1
24204,3_b7_1
24205,3_00_0
24206,4_00_0
24208,3_b3_1
24209,1_00_0
24210,1_00_0
24211,2_a5_2
24212,4_00_0
24213,3_a9_2
24214,3_a9_3
24215,3_a9_2
24216,3_00_0
24217,2_a5_2
24218,3_a9_1
24220,4_00_0
24221,3_00_0
24222,6_a11_1
24223,3_b3_1
24224,3_00_0
24225,5_b8_1
24226,3_a9_1
24227,1_00_0
24228,5_b6_1
24230,1_00_0
24231,5_b7_1
24232,6_00_0
24233,3_00_0
24234,6_00_0
24235,4_00_0
24236,4_00_0
24237,4_00_0
24238,6_00_0
24239,2_a5_2
24240,3_00_0
24241,6_00_0
24242,6_00_0
24243,1_00_0
24244,4_00_0
24245,1_00_0
24246,3_b7_1
24247,3_a9_2
24248,6_00_0
24249,3_00_0
24250,3_a9_2
24251,3_00_0
24252,6_00_0
24253,1_00_0
24254,4_00_0
24255,6_00_0
24256,6_00_0
24257,3_00_0
24258,3_a9_2
24259,6_00_0
24260,6_a12_1
24261,3_00_0
24262,2_a5_2
24263,2_a5_2
24264,2_a5_2
24265,4_00_0
24266,3_b3_1
24267,4_00_0
24269,3_a9_1
24270,1_00_0
24271,5_b8_1
24272,5_b6_1
24273,3_00_0
24274,3_b6_1
24275,3_00_0
24276,3_00_0
24277,3_a9_2
24278,3_00_0
24279,3_00_0
24280,4_00_0
24281,1_00_0
24282,4_00_0
24283,3_00_0
24284,3_00_0
24286,3_00_0
24288,1_00_0
24289,4_00_0
24290,5_a7_2
24291,3_a9_1
24292,6_00_0
24293,4_00_0
24294,3_a9_2
24295,3_a9_1
24296,1_00_0
24297,3_b6_1
24298,4_00_0
24299,3_b7_1
24300,5_b7_1
24301,3_a9_1
24302,4_00_0
24303,6_a11_1
24305,3_a9_1
24306,3_00_0
24307,5_00_0
24308,3_00_0
24309,6_00_0
24310,5_a7_2
24311,3_b7_1
24312,5_b7_1
24314,3_00_0
24315,3_b6_1
24316,3_a9_1
24317,3_b7_1
24318,1_00_0
24319,6_00_0
24320,6_00_0
24321,6_00_0
24322,1_00_0
24324,3_a9_2
24325,3_00_0
24326,3_00_0
24327,5_00_0
24328,6_00_0
24329,3_b6_1
24330,3_b7_1
24331,3_b7_1
24332,3_00_0
24333,2_00_0
24334,3_00_0
24336,6_b4_3
24338,1_00_0
24339,2_a5_2
24340,2_a5_2
24341,4_00_0
24343,2_a5_2
24344,1_00_0
24345,6_00_0
24346,4_00_0
24347,1_00_0
24348,4_00_0
24349,5_a7_2
24350,6_00_0
24351,6_00_0
24353,4_00_0
24355,3_00_0
24356,3_b3_1
24357,2_00_0
24358,3_b6_1
24359,2_a5_2
24361,3_b7_1
24362,6_00_0
24363,6_00_0
24364,3_00_0
24365,5_a7_2
24366,4_00_0
24367,4_00_0
24368,3_00_0
24369,4_00_0
24370,6_a11_1
24371,6_b4_1
24374,6_00_0
24375,3_b7_1
24376,4_00_0
24377,6_00_0
24378,3_00_0
24379,4_00_0
24380,5_a7_2
24381,6_00_0
24382,3_00_0
24384,6_b5_1
24385,3_00_0
24386,2_a5_2
24387,1_00_0
24388,3_00_0
24389,3_a9_1
24390,3_00_0
24391,3_b8_1
24392,1_00_0
24393,1_00_0
24394,6_00_0
24395,6_b4_1
24396,6_00_0
24397,5_b7_1
24398,5_b7_1
24399,3_b6_1
24400,6_00_0
24401,3_b7_1
24402,3_00_0
24403,4_00_0
24404,2_a5_2
24405,6_00_0
24406,5_b6_1
24407,6_00_0
24409,4_00_0
24410,2_a5_2
24413,2_00_0
24414,4_00_0
24415,3_b3_1
24416,1_00_0
24417,6_00_0
24418,3_b6_1
24419,4_00_0
24420,1_00_0
24421,1_00_0
24423,5_b8_1
24424,4_00_0
24425,3_00_0
24427,2_00_0
24429,5_b7_1
24430,3_00_0
24431,6_00_0
24432,4_00_0
24433,3_b3_1
24434,2_a5_2
24435,5_b8_1
24437,6_00_0
24438,3_00_0
24439,3_00_0
24441,6_00_0
24442,6_00_0
24444,3_00_0
24445,3_00_0
24446,4_00_0
24447,3_00_0
24448,3_00_0
24449,2_00_0
24450,3_00_0
24451,3_a9_1
24452,2_00_0
24453,1_00_0
24454,4_00_0
24455,6_00_0
24456,3_b7_1
24457,4_00_0
24458,3_00_0
24459,6_00_0
24460,3_b3_1
24461,5_b6_1
24462,6_00_0
24463,2_a5_2
24464,3_b6_1
24466,4_00_0
24467,3_b6_1
24468,6_b4_1
24469,4_00_0
24470,6_b5_1
24471,3_00_0
24472,6_00_0
24473,2_a5_2
24475,6_00_0
24476,6_00_0
24477,1_00_0
24478,2_a5_2
24479,3_00_0
24480,5_b6_1
24482,3_00_0
24483,6_00_0
24484,5_b8_1
24485,4_00_0
24486,2_00_0
24488,4_00_0
24489,3_b7_1
24490,4_00_0
24491,2_00_0
24492,3_a9_2
24493,3_a9_2
24494,3_00_0
24495,2_a5_2
24496,5_b6_1
24497,4_00_0
24498,5_00_0
24499,4_00_0
24500,4_00_0
24502,4_00_0
24503,6_00_0
24504,4_00_0
24505,1_00_0
24506,5_b8_1
24507,3_00_0
24508,6_00_0
24509,4_00_0
24510,3_b6_1
24511,3_00_0
24512,1_00_0
24513,3_00_0
24514,6_00_0
24515,3_00_0
24516,3_a9_2
24517,3_00_0
24519,4_00_0
24520,4_00_0
24521,2_00_0
24522,3_a9_2
24523,6_00_0
24524,5_b7_1
24525,3_b6_1
24526,1_00_0
24527,6_00_0
24528,4_00_0
24529,4_00_0
24530,4_00_0
24531,6_00_0
24532,1_00_0
24533,2_a5_2
24535,1_00_0
24536,3_00_0
24537,5_b6_1
24538,1_00_0
24539,4_00_0
24541,4_00_0
24543,3_00_0
24544,3_b3_1
24545,6_00_0
24546,4_00_0
24547,6_00_0
24548,2_a5_2
24549,3_a9_2
24550,6_00_0
24551,4_00_0
24552,3_00_0
24553,6_a12_1
24554,4_00_0
24555,4_00_0
24556,3_00_0
24557,1_00_0
24558,6_00_0
24559,4_00_0
24560,3_b3_1
24562,3_a9_1
24563,1_00_0
24564,2_00_0
24565,3_00_0
24566,1_00_0
24567,6_00_0
24568,6_00_0
24570,1_00_0
24571,4_00_0
24572,1_00_0
24573,4_00_0
24574,3_00_0
24575,3_b3_1
24576,3_00_0
24577,3_00_0
24578,1_00_0
24579,3_a9_3
24580,2_a5_2
24581,3_a9_2
24582,3_00_0
24583,3_00_0
24584,3_b6_1
24585,1_00_0
24586,1_00_0
24587,4_00_0
24588,4_00_0
24589,5_b7_1
24590,4_00_0
24591,5_a7_2
24592,6_00_0
24593,4_00_0
24594,3_00_0
24595,3_00_0
24596,3_00_0
24597,4_00_0
24598,3_00_0
24599,3_b6_1
24601,4_00_0
24602,6_a12_2
24603,3_00_0
24604,3_b7_1
24605,5_a7_2
24606,4_00_0
24607,4_00_0
24608,3_b6_1
24609,3_00_0
24610,3_00_0
24611,3_a9_2
24612,3_00_0
24613,3_a9_2
24614,1_00_0
24615,4_00_0
24617,3_00_0
24618,5_00_0
24619,1_00_0
24620,2_a5_2
24621,3_00_0
24622,4_00_0
24623,6_00_0
24625,2_a5_2
24626,1_00_0
24627,5_00_0
24628,6_00_0
24629,3_00_0
24631,3_a9_1
24632,3_b6_1
24634,3_b6_1
24635,5_b8_1
24636,6_00_0
24638,6_00_0
24639,1_00_0
24640,3_b3_1
24641,1_00_0
24642,4_00_0
24644,3_b7_1
24645,3_b7_1
24646,6_00_0
24647,6_00_0
24648,6_00_0
24649,6_00_0
24650,1_00_0
24651,3_b7_1
24652,1_00_0
24653,5_a7_2
24654,3_b6_1
24655,4_00_0
24656,3_00_0
24657,3_00_0
24658,1_00_0
24659,4_00_0
24660,4_00_0
24661,6_a11_1
24662,3_00_0
24664,3_00_0
24665,3_00_0
24666,1_00_0
24667,3_b3_1
24668,4_00_0
24669,3_b6_1
24670,6_00_0
24671,3_00_0
24673,1_00_0
24674,1_00_0
24675,5_b8_1
24676,5_00_0
24679,1_00_0
24680,1_00_0
24681,5_b7_1
24682,4_00_0
24683,3_b6_1
24684,3_a9_1
24685,3_00_0
24686,6_00_0
24687,4_00_0
24688,6_a12_2
24689,3_00_0
24690,5_b7_1
24691,3_00_0
24692,5_b6_1
24693,3_00_0
24694,4_00_0
24695,3_00_0
24696,3_00_0
24697,2_a5_2
24698,6_00_0
24699,5_b7_1
24700,4_00_0
24701,6_00_0
24702,1_00_0
24703,4_00_0
24704,5_b7_1
24705,6_a11_1
24707,3_00_0
24708,4_00_0
24709,3_00_0
24710,1_00_0
24711,1_00_0
24712,6_00_0
24713,6_00_0
24714,3_b3_1
24715,3_b8_1
24716,3_00_0
24718,3_00_0
24719,5_b6_1
24720,3_00_0
24721,4_00_0
24722,3_00_0
24723,6_00_0
24724,4_00_0
24725,4_00_0
24726,1_00_0
24727,4_00_0
24728,3_00_0
24729,2_a5_2
24731,3_b6_1
24732,6_00_0
24733,5_b8_1
24734,3_b3_1
24735,3_b8_1
24737,1_00_0
24738,2_00_0
24739,5_b7_1
24741,5_b6_1
24743,3_00_0
24744,4_00_0
24745,6_00_0
24746,5_b7_1
24747,5_b6_1
24749,6_b4_1
24750,3_b8_1
24752,4_00_0
24754,3_00_0
24755,3_00_0
24756,6_00_0
24757,1_00_0
24758,6_00_0
24759,2_00_0
24760,3_00_0
24761,5_00_0
24762,4_00_0
24763,3_a9_2
24764,5_00_0
24765,6_a11_1
24767,5_b6_1
24768,4_00_0
24769,4_00_0
24770,3_b8_1
24771,3_a9_1
24772,3_b3_1
24773,4_00_0
24774,4_00_0
24775,5_00_0
24776,3_00_0
24777,1_00_0
24778,1_00_0
24779,3_b6_1
24780,5_a7_2
24781,3_b3_1
24782,3_b6_1
24783,3_00_0
24784,3_b8_1
24785,3_b7_1
24786,3_00_0
24787,3_b6_1
24788,1_00_0
24789,3_a9_1
24790,6_00_0
24791,4_00_0
24792,3_00_0
24793,3_b8_1
24794,4_00_0
24797,6_00_0
24799,5_b8_1
24800,3_00_0
24801,4_00_0
24802,6_00_0
24803,3_00_0
24805,6_00_0
24806,1_00_0
24808,3_b3_1
24809,4_00_0
24810,4_00_0
24811,3_b3_1
24812,5_b7_1
24813,5_b6_1
24814,1_00_0
24815,6_00_0
24816,1_00_0
24817,2_a5_2
24818,6_00_0
24819,3_b7_1
24821,6_00_0
24822,6_a11_1
24823,3_00_0
24824,5_b8_1
24825,3_00_0
24826,6_00_0
24827,4_00_0
24828,4_00_0
24829,6_00_0
24830,3_b8_1
24831,3_00_0
24832,3_a9_2
24833,3_00_0
24834,3_00_0
24835,4_00_0
24836,4_00_0
24837,3_b3_1
24838,5_b8_1
24839,3_b3_1
24840,3_a9_2
24841,4_00_0
24842,3_00_0
24843,6_00_0
24844,4_00_0
24845,6_00_0
24846,6_00_0
24847,3_00_0
24848,6_00_0
24849,3_a9_1
24851,4_00_0
24852,2_a5_2
24853,1_00_0
24854,6_00_0
24855,6_00_0
24856,6_00_0
24858,3_00_0
24859,3_00_0
24860,3_00_0
24862,3_00_0
24863,6_00_0
24865,1_00_0
24866,6_00_0
24867,3_00_0
24868,6_00_0
24869,3_00_0
24870,4_00_0
24871,1_00_0
24872,4_00_0
24873,6_00_0
24874,3_b3_1
24875,6_00_0
24876,6_00_0
24877,4_00_0
24878,6_00_0
24879,5_00_0
24880,3_00_0
24881,3_b6_1
24882,2_00_0
24885,4_00_0
24886,3_b6_1
24888,5_b7_1
24889,1_00_0
24891,1_00_0
24892,4_00_0
24893,3_00_0
24894,4_00_0
24895,1_00_0
24896,3_b3_1
24897,5_b8_1
24898,4_00_0
24900,1_00_0
24901,3_00_0
24902,3_00_0
24904,4_00_0
24905,6_00_0
24906,3_b8_1
24907,3_00_0
24908,1_00_0
24909,4_00_0
24910,6_00_0
24911,6_00_0
24912,4_00_0
24913,3_b8_1
24914,6_00_0
24915,1_00_0
24916,3_b3_1
24917,5_b8_1
24918,1_00_0
24919,1_00_0
24920,3_b8_1
24921,5_b6_1
24922,3_00_0
24923,5_b6_1
24924,3_00_0
24925,3_b7_1
24926,6_00_0
24927,1_00_0
24928,3_00_0
24929,3_b6_1
24930,5_b8_1
24932,1_00_0
24933,1_00_0
24934,6_00_0
24935,5_b7_1
24937,6_00_0
24938,1_00_0
24939,3_b8_1
24940,4_00_0
24941,4_00_0
24943,3_00_0
24944,2_a5_2
24945,3_00_0
24946,1_00_0
24947,4_00_0
24949,6_00_0
24950,4_00_0
24951,3_00_0
24952,2_00_0
24953,3_a9_2
24954,6_00_0
24955,3_00_0
24956,3_00_0
24959,4_00_0
24960,4_00_0
24961,6_a12_2
24962,2_a5_2
24963,6_00_0
24964,3_b6_1
24965,3_b7_1
24966,6_b5_1
24967,5_00_0
24968,3_00_0
24969,6_00_0
24970,5_a7_2
24971,3_b6_1
24973,6_00_0
24974,2_00_0
24975,3_00_0
24976,3_00_0
24977,4_00_0
24978,5_b6_1
24979,3_a9_1
24980,4_00_0
24981,6_00_0
24982,3_a9_1
24983,3_00_0
24984,3_00_0
24985,3_b6_1
24986,4_00_0
24987,1_00_0
24988,6_00_0
24989,4_00_0
24990,3_00_0
24991,3_b7_1
24992,4_00_0
24993,5_b8_1
24994,3_b7_1
24995,5_b8_1
24996,3_b7_1
24997,6_00_0
24998,3_b8_1
24999,3_00_0
25000,4_00_0
25001,3_00_0
25002,2_00_0
25003,3_b3_1
25004,3_a9_1
25005,3_b8_1
25006,3_b3_1
25007,3_00_0
25008,1_00_0
25009,3_00_0
25010,6_00_0
25011,1_00_0
25012,4_00_0
25013,3_a9_2
25014,6_00_0
25015,5_b6_1
25016,2_a5_2
25017,3_00_0
25020,1_00_0
25021,6_00_0
25022,1_00_0
25023,5_b7_1
25024,3_00_0
25025,3_b3_1
25026,3_00_0
25027,2_00_0
25029,5_b6_1
25030,3_00_0
25032,1_00_0
25033,6_00_0
25034,6_00_0
25035,1_00_0
25036,6_00_0
25037,5_b7_1
25039,3_00_0
25042,4_00_0
25043,3_00_0
25044,3_00_0
25045,4_00_0
25046,1_00_0
25047,3_b8_1
25048,6_00_0
25050,3_a9_2
25052,4_00_0
25053,3_b3_1
25054,4_00_0
25055,2_a5_2
25057,4_00_0
25058,5_b7_1
25059,5_b8_1
25060,1_00_0
25061,3_00_0
25063,5_a7_2
25064,3_00_0
25065,3_a9_2
25066,1_00_0
25067,6_00_0
25069,6_00_0
25070,2_00_0
25071,1_00_0
25072,4_00_0
25073,1_00_0
25074,3_a9_1
25075,5_b7_1
25076,5_b6_1
25077,6_00_0
25078,4_00_0
25079,4_00_0
25080,6_00_0
25081,3_b7_1
25083,6_00_0
25084,6_00_0
25086,3_00_0
25087,3_00_0
25088,6_00_0
25089,3_00_0
25090,5_00_0
25091,3_b6_1
25092,6_00_0
25093,5_a7_2
25094,3_b7_1
25095,2_00_0
25097,4_00_0
25098,5_00_0
25100,3_00_0
25101,3_a9_1
25103,6_00_0
25104,5_b8_1
25105,3_b7_1
25107,6_00_0
25108,3_00_0
25109,3_a9_1
25110,4_00_0
25111,3_00_0
25112,4_00_0
25113,3_00_0
25114,6_00_0
25115,1_00_0
25116,3_00_0
25117,3_00_0
25118,4_00_0
25119,6_00_0
25120,5_a7_2
25121,4_00_0
25122,3_b8_1
25124,3_b8_1
25125,6_00_0
25126,3_00_0
25127,6_00_0
25128,3_a9_2
25129,1_00_0
25130,6_00_0
25132,4_00_0
25133,5_a7_2
25134,5_b8_1
25135,4_00_0
25136,6_00_0
25137,6_00_0
25138,4_00_0
25139,4_00_0
25140,2_a5_2
25141,6_00_0
25142,6_b4_3
25143,3_b7_1
25144,6_00_0
25146,1_00_0
25147,5_b6_1
25148,4_00_0
25150,2_00_0
25152,4_00_0
25153,3_00_0
25154,3_b8_1
25155,5_b6_1
25156,3_00_0
25157,4_00_0
25158,4_00_0
25160,2_a5_2
25161,2_a5_2
25162,2_a5_2
25163,5_b6_1
25164,4_00_0
25165,4_00_0
25167,5_b8_1
25170,3_00_0
25171,6_00_0
25172,6_b4_3
25173,6_00_0
25175,5_b7_1
25176,5_b7_1
25178,2_a5_2
25179,1_00_0
25180,3_00_0
25181,3_b3_1
25182,3_b6_1
25184,6_00_0
25185,3_00_0
25186,3_00_0
25187,3_00_0
25188,3_a9_3
25190,4_00_0
25191,4_00_0
25192,4_00_0
25193,4_00_0
25194,4_00_0
25195,2_00_0
25196,4_00_0
25197,1_00_0
25198,1_00_0
25199,3_b6_1
25200,5_a7_2
25201,4_00_0
25202,3_00_0
25203,4_00_0
25204,2_00_0
25205,6_00_0
25206,3_b8_1
25207,5_a7_2
25208,6_00_0
25209,6_00_0
25210,3_b8_1
25211,3_b3_1
25212,3_a9_1
25213,4_00_0
25214,4_00_0
25215,2_a5_2
25216,5_b8_1
25217,3_a9_2
25218,4_00_0
25219,6_00_0
25220,3_b8_1
25221,6_a11_1
25222,3_00_0
25223,1_00_0
25224,1_00_0
25226,3_b3_1
25227,4_00_0
25228,4_00_0
25229,4_00_0
25230,6_a12_2
25231,3_b3_1
25232,1_00_0
25233,6_00_0
25234,1_00_0
25235,1_00_0
25236,4_00_0
25237,6_00_0
25238,6_00_0
25239,4_00_0
25240,5_b6_1
25241,3_a9_2
25242,1_00_0
25243,3_b6_1
25244,3_00_0
25245,3_a9_2
25246,5_b8_1
25247,5_a7_2
25248,3_00_0
25249,3_00_0
25250,6_00_0
25251,4_00_0
25252,3_00_0
25253,1_00_0
25254,6_00_0
25255,1_00_0
25256,5_00_0
25257,3_00_0
25258,5_b7_1
25259,3_b3_1
25260,3_b3_1
25261,2_a5_2
25262,4_00_0
25263,6_00_0
25264,4_00_0
25265,6_00_0
25267,1_00_0
25268,3_a9_1
25269,4_00_0
25270,4_00_0
25271,3_00_0
25272,4_00_0
25273,1_00_0
25274,4_00_0
25275,2_a5_2
25276,3_00_0
25277,6_00_0
25278,1_00_0
25280,3_00_0
25281,3_00_0
25282,3_b6_1
25283,3_b6_1
25284,4_00_0
25285,4_00_0
25286,3_b7_1
25287,4_00_0
25288,1_00_0
25289,3_a9_2
25290,3_00_0
25291,4_00_0
25292,3_00_0
25293,1_00_0
25294,6_00_0
25295,5_a7_2
25296,4_00_0
25297,2_a5_2
25298,3_00_0
25299,5_b8_1
25300,5_b8_1
25301,3_00_0
25302,3_00_0
25303,3_00_0
25304,3_00_0
25305,6_00_0
25306,2_a5_2
25307,3_00_0
25308,1_00_0
25309,1_00_0
25310,6_00_0
25311,3_a9_3
25312,4_00_0
25313,3_00_0
25315,4_00_0
25316,1_00_0
25317,3_b6_1
25318,3_b7_1
25319,3_00_0
25320,2_00_0
25321,6_a11_1
25323,6_a11_1
25324,4_00_0
25325,4_00_0
25326,3_00_0
25327,6_b4_1
25328,3_00_0
25329,4_00_0
25330,3_00_0
25331,6_00_0
25333,4_00_0
25334,4_00_0
25335,3_00_0
25336,3_00_0
25337,4_00_0
25339,3_b6_1
25340,6_a12_2
25341,6_00_0
25342,4_00_0
25343,1_00_0
25344,4_00_0
25346,3_00_0
25347,5_b7_1
25348,6_00_0
25349,3_a9_2
25350,4_00_0
25351,3_00_0
25352,3_b8_1
25353,5_b8_1
25354,2_a5_2
25355,3_a9_1
25356,6_00_0
25357,3_b6_1
25358,1_00_0
25359,3_00_0
25360,3_b8_1
25361,6_00_0
25362,5_b7_1
25363,6_a11_1
25364,3_b7_1
25365,2_a5_2
25366,3_b7_1
25367,3_00_0
25368,5_b8_1
25369,3_00_0
25370,3_00_0
25371,5_b7_1
25372,1_00_0
25373,3_b6_1
25374,6_00_0
25375,4_00_0
25376,3_00_0
25377,6_00_0
25378,1_00_0
25379,5_b7_1
25381,3_00_0
25382,3_00_0
25383,1_00_0
25384,4_00_0
25385,6_00_0
25387,2_a5_2
25388,1_00_0
25389,6_00_0
25390,3_00_0
25391,6_00_0
25392,2_00_0
25393,5_b7_1
25394,3_a9_2
25395,3_b8_1
25396,6_00_0
25397,3_b7_1
25399,1_00_0
25400,3_a9_2
25401,6_00_0
25403,6_00_0
25404,2_00_0
25405,3_00_0
25406,4_00_0
25407,6_00_0
25409,6_b4_1
25410,4_00_0
25411,3_b7_1
25412,3_a9_1
25413,3_a9_1
25414,3_00_0
25415,3_00_0
25416,4_00_0
25418,5_b7_1
25420,4_00_0
25421,3_a9_1
25422,4_00_0
25423,3_b6_1
25424,1_00_0
25425,5_b8_1
25426,3_a9_1
25427,3_00_0
25428,6_00_0
25429,3_00_0
25430,1_00_0
25432,4_00_0
25433,3_b3_1
25434,6_00_0
25435,3_00_0
25436,1_00_0
25438,4_00_0
25439,1_00_0
25440,3_b8_1
25441,6_00_0
25442,1_00_0
25443,3_00_0
25444,5_00_0
25445,3_00_0
25446,4_00_0
25447,6_00_0
25448,3_a9_2
25449,6_a12_1
25450,1_00_0
25452,3_b8_1
25453,6_a12_1
25454,4_00_0
25455,3_00_0
25456,4_00_0
25457,3_00_0
25458,3_00_0
25459,5_00_0
25461,4_00_0
25462,6_00_0
25463,3_b8_1
25464,3_00_0
25465,1_00_0
25466,6_00_0
25467,6_00_0
25468,3_a9_2
25469,5_b8_1
25470,4_00_0
25471,6_00_0
25472,1_00_0
25473,3_00_0
25474,6_00_0
25475,3_00_0
25476,3_00_0
25477,5_00_0
25478,6_00_0
25479,5_a7_2
25480,1_00_0
25481,5_b6_1
25482,4_00_0
25483,1_00_0
25484,6_00_0
25485,3_b8_1
25486,4_00_0
25488,6_00_0
25490,3_00_0
25491,3_00_0
25492,1_00_0
25493,3_b3_1
25494,4_00_0
25495,5_b7_1
25496,4_00_0
25497,3_b6_1
25498,6_00_0
25499,6_00_0
25500,6_00_0
25501,6_00_0
25502,5_b6_1
25503,1_00_0
25504,6_00_0
25505,5_b7_1
25507,1_00_0
25508,4_00_0
25509,4_00_0
25510,6_00_0
25511,3_00_0
25512,3_00_0
25513,4_00_0
25514,6_00_0
25515,3_b6_1
25516,2_00_0
25518,3_00_0
25519,3_b8_1
25520,3_00_0
25521,6_00_0
25522,1_00_0
25523,5_b8_1
25524,6_00_0
25525,3_00_0
25527,1_00_0
25528,1_00_0
25529,3_00_0
25530,3_00_0
25531,3_b7_1
25532,4_00_0
25533,5_a7_2
25534,6_00_0
25535,5_a7_2
25536,1_00_0
25537,3_00_0
25538,2_a5_2
25539,4_00_0
25540,6_00_0
25541,1_00_0
25542,2_00_0
25543,6_a12_1
25544,5_b7_1
25545,3_00_0
25546,1_00_0
25547,5_b8_1
25548,3_b7_1
25549,1_00_0
25550,2_a5_2
25551,3_a9_2
25552,3_00_0
25553,3_00_0
25554,4_00_0
25555,3_b6_1
25556,6_00_0
25557,4_00_0
25558,3_b7_1
25559,3_b6_1
25561,6_00_0
25562,3_b8_1
25563,3_00_0
25564,4_00_0
25567,5_b8_1
25568,6_00_0
25569,3_b8_1
25570,6_00_0
25572,1_00_0
25573,3_00_0
25574,3_00_0
25575,3_a9_1
25576,4_00_0
25577,4_00_0
25578,4_00_0
25579,4_00_0
25580,4_00_0
25581,4_00_0
25582,3_00_0
25583,5_b8_1
25584,3_00_0
25585,6_00_0
25586,3_00_0
25587,4_00_0
25588,5_a7_2
25589,1_00_0
25590,1_00_0
25591,3_00_0
25592,1_00_0
25593,3_00_0
25594,3_00_0
25595,4_00_0
25596,6_00_0
25597,3_00_0
25598,3_b6_1
25599,4_00_0
25600,3_a9_2
25601,3_00_0
25602,4_00_0
25603,1_00_0
25604,6_00_0
25605,5_b7_1
25607,4_00_0
25608,3_a9_2
25609,6_00_0
25610,6_00_0
25611,3_a9_2
25612,3_00_0
25613,4_00_0
25615,6_00_0
25616,1_00_0
25617,1_00_0
25618,3_00_0
25619,1_00_0
25620,6_00_0
25621,6_00_0
25622,6_00_0
25623,3_b7_1
25624,3_00_0
25625,3_b3_1
25626,2_a5_2
25627,3_00_0
25628,3_00_0
25629,3_a9_2
25630,3_a9_1
25631,4_00_0
25632,3_b6_1
25633,4_00_0
25634,1_00_0
25635,3_00_0
25636,4_00_0
25637,4_00_0
25638,6_00_0
25639,6_a12_2
25641,3_00_0
25642,2_a5_2
25643,3_a9_2
25645,1_00_0
25646,3_b6_1
25647,6_00_0
25648,2_00_0
25649,3_b7_1
25650,3_00_0
25651,3_00_0
25652,3_b6_1
25653,1_00_0
25654,5_b8_1
25655,3_a9_2
25656,3_00_0
25657,2_00_0
25658,1_00_0
25659,5_b8_1
25660,6_00_0
25661,1_00_0
25662,5_b6_1
25663,2_a5_2
25664,6_00_0
25665,4_00_0
25666,1_00_0
25668,1_00_0
25669,3_a9_3
25672,3_00_0
25673,3_00_0
25675,3_00_0
25676,3_b6_1
25677,3_00_0
25678,1_00_0
25679,5_b8_1
25680,3_00_0
25681,3_b6_1
25682,6_00_0
25683,5_00_0
25686,1_00_0
25687,5_a7_2
25688,3_00_0
25690,6_00_0
25691,3_00_0
25692,3_a9_1
25694,6_00_0
25695,3_b6_1
25696,3_00_0
25697,4_00_0
25699,3_00_0
25700,3_00_0
25701,2_a5_2
25703,6_00_0
25704,3_a9_2
25705,3_00_0
25706,1_00_0
25707,3_00_0
25708,6_00_0
25709,3_a9_2
25710,4_00_0
25711,3_b3_1
25712,6_00_0
25714,4_00_0
25715,4_00_0
25716,3_a9_2
25717,3_00_0
25718,6_00_0
25719,1_00_0
25720,3_00_0
25722,6_00_0
25723,4_00_0
25724,6_00_0
25725,3_00_0
25726,3_00_0
25727,3_00_0
25728,4_00_0
25729,6_00_0
25731,3_00_0
25732,3_a9_2
25733,3_00_0
25734,6_a11_1
25735,3_b6_1
25736,6_00_0
25737,3_00_0
25738,4_00_0
25739,5_b6_1
25740,3_00_0
25741,2_00_0
25742,6_00_0
25743,6_00_0
25744,3_b7_1
25745,4_00_0
25746,6_00_0
25747,3_00_0
25748,3_b7_1
25749,6_00_0
25750,5_00_0
25751,6_a11_1
25752,5_b8_1
25753,3_b3_1
25754,2_00_0
25755,5_b6_1
25756,2_00_0
25757,1_00_0
25758,5_a7_2
25759,6_00_0
25760,3_00_0
25761,6_a12_2
25762,4_00_0
25763,5_b7_1
25764,6_00_0
25765,3_00_0
25766,3_00_0
25767,3_b7_1
25768,5_b8_1
25769,2_00_0
25771,1_00_0
25772,6_00_0
25773,6_00_0
25774,5_b8_1
25775,3_00_0
25776,4_00_0
25777,3_b6_1
25778,3_b3_1
25779,5_b7_1
25781,3_b3_1
25783,6_00_0
25784,6_00_0
25785,3_00_0
25786,6_00_0
25787,1_00_0
25788,3_b6_1
25789,6_00_0
25790,3_00_0
25791,3_00_0
25792,1_00_0
25793,1_00_0
25794,2_a5_2
25795,3_00_0
25797,3_00_0
25798,6_a11_2
25799,5_a7_2
25801,1_00_0
25802,4_00_0
25803,5_b6_1
25804,3_a9_1
25805,6_00_0
25806,4_00_0
25808,4_00_0
25809,3_00_0
25810,5_00_0
25811,6_00_0
25812,2_a5_2
25813,1_00_0
25814,4_00_0
25815,2_00_0
25816,4_00_0
25818,3_b3_1
25820,1_00_0
25821,4_00_0
25822,1_00_0
25823,3_b6_1
25824,1_00_0
25825,3_b3_1
25826,6_b4_3
25827,3_00_0
25828,5_a7_2
25829,4_00_0
25830,3_00_0
25831,6_00_0
25832,3_00_0
25833,3_00_0
25834,6_00_0
25835,4_00_0
25836,3_00_0
25837,6_00_0
25838,2_a5_2
25839,3_b6_1
25840,5_b7_1
25841,6_00_0
25842,3_b7_1
25843,2_a5_2
25844,6_00_0
25845,6_00_0
25847,3_b7_1
25848,4_00_0
25849,3_b6_1
25850,1_00_0
25851,3_00_0
25852,6_00_0
25853,2_a5_2
25854,1_00_0
25855,4_00_0
25856,3_b3_1
25858,3_a9_1
25861,1_00_0
25862,5_b6_1
25863,2_a5_2
25864,6_a11_1
25865,3_b8_1
25866,6_00_0
25867,3_b3_1
25868,4_00_0
25869,3_b7_1
25870,3_b6_1
25871,3_a9_1
25872,3_00_0
25873,3_00_0
25874,2_a5_2
25875,3_b8_1
25877,1_00_0
25878,3_00_0
25879,5_b6_1
25880,3_b8_1
25881,3_00_0
25882,1_00_0
25883,3_00_0
25885,2_a5_2
25886,1_00_0
25887,6_00_0
25888,2_a5_2
25889,5_b6_1
25890,3_b6_1
25891,4_00_0
25892,4_00_0
25893,5_b6_1
25894,3_00_0
25895,6_00_0
25896,4_00_0
25897,4_00_0
25898,4_00_0
25900,4_00_0
25901,4_00_0
25902,5_00_0
25903,3_00_0
25904,4_00_0
25905,6_00_0
25906,3_00_0
25907,1_00_0
25908,4_00_0
25909,1_00_0
25911,3_b8_1
25913,6_00_0
25914,5_b7_1
25915,4_00_0
25916,3_a9_1
25917,5_b7_1
25918,4_00_0
25919,3_00_0
25920,2_00_0
25921,3_00_0
25922,3_00_0
25923,3_00_0
25924,5_b8_1
25925,4_00_0
25926,2_00_0
25927,2_00_0
25929,3_00_0
25930,3_b3_1
25931,6_00_0
25933,2_00_0
25934,3_b8_1
25935,3_00_0
25936,3_b8_1
25937,4_00_0
25938,3_00_0
25939,4_00_0
25941,5_b6_1
25942,3_b8_1
25943,3_00_0
25944,1_00_0
25945,1_00_0
25946,5_b6_1
25947,3_00_0
25949,3_b7_1
25950,3_00_0
25951,1_00_0
25952,2_00_0
25953,3_b6_1
25954,5_b6_1
25955,4_00_0
25956,1_00_0
25957,4_00_0
25958,3_00_0
25959,3_00_0
25960,3_00_0
25961,3_00_0
25962,3_a9_1
25963,3_b8_1
25964,4_00_0
25965,4_00_0
25966,3_b8_1
25967,3_b6_1
25968,5_b8_1
25969,3_00_0
25970,1_00_0
25972,6_00_0
25973,3_00_0
25974,3_00_0
25975,1_00_0
25976,5_00_0
25977,3_00_0
25978,1_00_0
25979,4_00_0
25981,3_00_0
25983,6_00_0
25984,3_b6_1
25985,3_00_0
25986,1_00_0
25987,4_00_0
25989,3_00_0
25990,4_00_0
25991,4_00_0
25992,3_00_0
25993,3_b6_1
25995,3_a9_1
25996,3_b6_1
25997,4_00_0
25999,5_b6_1
26000,3_a9_2
26002,4_00_0
26003,3_00_0
26004,2_00_0
26005,5_b8_1
26006,3_b6_1
26007,4_00_0
26008,4_00_0
26009,5_b6_1
26012,3_b6_1
26013,5_b6_1
26014,6_00_0
26015,4_00_0
26016,4_00_0
26017,1_00_0
26018,3_b3_1
26020,3_a9_1
26021,3_00_0
26022,4_00_0
26023,6_00_0
26024,3_a9_2
26025,5_00_0
26026,3_00_0
26027,4_00_0
26028,1_00_0
26029,3_a9_2
26030,6_00_0
26031,3_00_0
26033,4_00_0
26034,2_00_0
26035,6_00_0
26036,6_00_0
26037,1_00_0
26038,1_00_0
26039,3_00_0
26040,3_00_0
26041,5_b8_1
26043,2_00_0
26044,1_00_0
26045,6_00_0
26046,3_00_0
26047,1_00_0
26048,3_b7_1
26049,3_b6_1
26050,3_00_0
26051,1_00_0
26052,3_a9_1
26053,3_b7_1
26054,5_00_0
26055,1_00_0
26056,3_00_0
26057,1_00_0
26058,3_b3_1
26059,6_00_0
26060,4_00_0
26061,3_a9_1
26062,1_00_0
26063,3_b7_1
26064,3_00_0
26065,1_00_0
26066,3_a9_1
26067,3_00_0
26068,5_b6_1
26069,3_00_0
26070,4_00_0
26072,6_00_0
26073,3_b3_1
26074,6_00_0
26075,3_a9_2
26076,3_00_0
26077,1_00_0
26078,1_00_0
26079,1_00_0
26080,3_00_0
26081,6_00_0
26082,3_00_0
26083,5_b8_1
26084,1_00_0
26085,3_00_0
26086,4_00_0
26087,5_a7_2
26088,1_00_0
26089,3_00_0
26090,6_00_0
26091,4_00_0
26092,1_00_0
26093,2_a5_2
26094,1_00_0
26095,5_00_0
26096,2_00_0
26097,3_00_0
26098,3_00_0
26100,5_b7_1
26101,4_00_0
26102,2_00_0
26103,6_b4_1
26104,1_00_0
26105,2_00_0
26106,6_00_0
26107,3_00_0
26110,4_00_0
26111,6_00_0
26112,1_00_0
26113,3_00_0
26114,6_00_0
26115,3_00_0
26116,1_00_0
26117,3_00_0
26119,3_00_0
26121,1_00_0
26122,6_00_0
26123,1_00_0
26124,3_00_0
26125,4_00_0
26126,3_b6_1
26127,1_00_0
26128,4_00_0
26130,1_00_0
26131,6_00_0
26132,1_00_0
26133,3_00_0
26134,1_00_0
26135,3_00_0
26136,4_00_0
26137,1_00_0
26138,2_00_0
26139,4_00_0
26140,3_00_0
26141,4_00_0
26142,6_00_0
26144,4_00_0
26145,4_00_0
26146,1_00_0
26147,4_00_0
26148,5_b8_1
26149,3_00_0
26150,1_00_0
26152,3_00_0
26153,4_00_0
26154,1_00_0
26155,3_00_0
26156,3_a9_2
26157,3_a9_2
26158,4_00_0
26159,1_00_0
26160,6_00_0
26161,3_a9_1
26162,3_00_0
26163,4_00_0
26164,3_b7_1
26165,6_00_0
26166,3_b7_1
26167,1_00_0
26168,5_a7_2
26169,5_b8_1
26170,3_00_0
26171,3_00_0
26172,6_00_0
26173,6_00_0
26174,6_00_0
26175,3_00_0
26176,4_00_0
26177,3_00_0
26178,3_00_0
26179,4_00_0
26180,4_00_0
26181,4_00_0
26182,3_b3_1
26183,4_00_0
26184,4_00_0
26186,1_00_0
26187,4_00_0
26189,3_00_0
26190,1_00_0
26191,2_a5_2
26192,5_b8_1
26193,4_00_0
26194,1_00_0
26195,4_00_0
26196,1_00_0
26197,6_00_0
26198,5_b6_1
26199,4_00_0
26200,3_a9_2
26201,4_00_0
26204,1_00_0
26205,3_00_0
26206,3_00_0
26207,4_00_0
26208,3_00_0
26210,1_00_0
26211,3_b6_1
26212,6_00_0
26213,3_00_0
26214,6_00_0
26215,1_00_0
26216,3_b6_1
26217,4_00_0
26218,4_00_0
26219,4_00_0
26220,3_a9_1
26221,6_00_0
26222,3_00_0
26223,5_b7_1
26224,2_a5_2
26225,1_00_0
26226,1_00_0
26227,3_00_0
26228,5_b7_1
26229,1_00_0
26230,3_a9_2
26231,1_00_0
26232,3_b7_1
26233,6_00_0
26235,5_b6_1
26236,2_00_0
26238,3_b7_1
26239,3_00_0
26240,6_00_0
26241,2_00_0
26242,5_b6_1
26243,3_00_0
26244,3_b6_1
26245,3_b7_1
26246,1_00_0
26248,4_00_0
26249,3_a9_3
26250,3_a9_1
26251,5_a7_2
26253,4_00_0
26255,2_00_0
26256,3_a9_2
26257,4_00_0
26258,3_b7_1
26259,3_00_0
26261,6_00_0
26262,1_00_0
26263,2_a5_2
26264,3_b3_1
26265,4_00_0
26266,1_00_0
26267,3_b3_1
26268,5_a7_2
26269,6_00_0
26270,3_b7_1
26271,3_a9_2
26272,4_00_0
26273,6_00_0
26274,3_a9_2
26275,3_b6_1
26276,6_00_0
26277,5_b8_1
26278,4_00_0
26279,2_a5_2
26280,1_00_0
26281,2_a5_2
26282,3_b3_1
26283,3_a9_2
26284,4_00_0
26285,3_a9_1
26286,6_00_0
26287,5_b7_1
26288,3_00_0
26289,3_00_0
26290,3_00_0
26291,1_00_0
26292,3_00_0
26293,2_a5_2
26294,3_b6_1
26295,6_00_0
26296,3_00_0
26298,3_a9_2
26299,1_00_0
26301,4_00_0
26302,3_a9_1
26303,5_a7_2
26304,3_00_0
26305,6_00_0
26306,6_00_0
26307,4_00_0
26308,4_00_0
26309,3_00_0
26310,3_00_0
26311,4_00_0
26312,3_b6_1
26314,4_00_0
26315,6_00_0
26316,3_00_0
26317,3_b8_1
26318,3_00_0
26319,3_00_0
26320,1_00_0
26322,2_00_0
26323,4_00_0
26324,3_00_0
26325,3_00_0
26326,4_00_0
26327,4_00_0
26328,4_00_0
26329,1_00_0
26331,3_00_0
26332,6_a11_2
26333,5_b8_1
26334,5_b8_1
26335,1_00_0
26336,3_00_0
26337,5_b6_1
26338,6_a11_1
26339,1_00_0
26341,6_00_0
26342,3_b7_1
26343,3_b7_1
26344,3_00_0
26345,3_00_0
26346,6_00_0
26347,5_b7_1
26348,5_a7_2
26349,1_00_0
26350,3_00_0
26351,4_00_0
26352,5_a7_2
26353,6_00_0
26354,1_00_0
26355,3_00_0
26356,3_00_0
26357,5_b7_1
26358,3_b3_1
26359,5_a7_2
26360,4_00_0
26361,5_00_0
26362,3_b7_1
26363,4_00_0
26364,4_00_0
26365,3_00_0
26366,4_00_0
26367,3_00_0
26368,6_00_0
26369,5_a7_2
26370,1_00_0
26371,1_00_0
26372,5_b6_1
26373,3_b6_1
26374,3_00_0
26375,3_b3_1
26376,1_00_0
26378,1_00_0
26379,3_00_0
26380,4_00_0
26381,6_00_0
26383,5_a7_2
26385,3_a9_2
26386,5_b6_1
26387,3_00_0
26388,5_b8_1
26389,3_b6_1
26390,4_00_0
26392,4_00_0
26393,4_00_0
26394,4_00_0
26395,6_a11_2
26396,6_00_0
26397,1_00_0
26398,4_00_0
26399,6_00_0
26401,1_00_0
26402,3_b7_1
26403,3_00_0
26404,1_00_0
26405,5_b6_1
26406,2_a5_2
26407,5_b8_1
26408,5_b6_1
26409,1_00_0
26410,4_00_0
26412,5_b8_1
26414,6_00_0
26415,3_b8_1
26416,3_a9_2
26417,3_b7_1
26418,1_00_0
26419,1_00_0
26420,4_00_0
26421,4_00_0
26422,1_00_0
26423,3_00_0
26424,3_00_0
26425,3_b3_1
26426,6_00_0
26427,3_a9_3
26428,1_00_0
26429,1_00_0
26430,6_00_0
26431,2_a5_2
26432,1_00_0
26433,4_00_0
26434,2_00_0
26435,3_a9_2
26436,5_b7_1
26437,4_00_0
26439,5_b7_1
26440,5_b6_1
26441,2_00_0
26442,5_b7_1
26444,3_b3_1
26445,3_b3_1
26447,3_b6_1
26448,3_a9_2
26449,6_00_0
26450,3_a9_2
26451,6_00_0
26452,6_b4_3
26453,6_00_0
26454,5_b7_1
26455,6_00_0
26457,3_00_0
26458,3_00_0
26459,6_00_0
26460,3_00_0
26461,1_00_0
26462,4_00_0
26463,4_00_0
26465,6_00_0
26466,5_b8_1
26467,3_00_0
26468,4_00_0
26469,4_00_0
26470,3_b7_1
26471,1_00_0
26472,3_b7_1
26473,2_a5_2
26474,5_b6_1
26475,5_b6_1
26476,6_00_0
26477,3_b6_1
26478,5_b8_1
26479,4_00_0
26480,3_00_0
26481,5_00_0
26482,1_00_0
26483,6_00_0
26484,6_00_0
26485,5_b6_1
26486,3_00_0
26487,4_00_0
26488,3_a9_3
26489,4_00_0
26490,3_00_0
26491,3_00_0
26492,4_00_0
26493,3_00_0
26494,1_00_0
26495,6_00_0
26496,3_00_0
26497,3_b8_1
26498,1_00_0
26500,4_00_0
26502,3_00_0
26503,5_b7_1
26504,5_b6_1
26505,3_b6_1
26506,3_b8_1
26507,5_b7_1
26508,2_a5_2
26509,3_00_0
26510,1_00_0
26511,3_00_0
26512,6_00_0
26513,1_00_0
26515,6_00_0
26516,3_00_0
26517,6_a11_1
26518,2_a5_2
26519,4_00_0
26520,3_b6_1
26521,4_00_0
26522,4_00_0
26523,6_00_0
26524,6_00_0
26525,1_00_0
26526,3_00_0
26527,3_00_0
26528,3_00_0
26529,4_00_0
26530,3_b8_1
26531,5_00_0
26532,3_00_0
26533,5_b6_1
26534,2_a5_2
26535,4_00_0
26536,1_00_0
26537,4_00_0
26539,4_00_0
26540,1_00_0
26541,3_a9_1
26542,4_00_0
26543,6_00_0
26544,5_b8_1
26546,3_a9_1
26548,3_b8_1
26549,6_00_0
26550,6_a11_1
26551,5_a7_2
26554,2_a5_2
26555,1_00_0
26556,3_00_0
26557,6_a12_2
26558,1_00_0
26559,2_a5_2
26560,4_00_0
26561,2_a5_2
26562,6_00_0
26563,3_00_0
26564,2_a5_2
26566,1_00_0
26567,3_00_0
26568,5_00_0
26569,3_b7_1
26570,1_00_0
26571,3_00_0
26572,1_00_0
26573,5_00_0
26574,3_00_0
26575,1_00_0
26576,1_00_0
26577,6_00_0
26578,3_00_0
26579,3_00_0
26580,1_00_0
26581,3_a9_2
26582,3_00_0
26583,6_00_0
26584,3_00_0
26585,3_00_0
26587,4_00_0
26588,6_00_0
26589,1_00_0
26590,3_00_0
26591,4_00_0
26592,6_a11_1
26593,2_a5_2
26594,3_b8_1
26595,3_00_0
26596,3_00_0
26597,3_00_0
26598,4_00_0
26599,2_a5_2
26600,6_00_0
26601,4_00_0
26603,1_00_0
26604,3_00_0
26605,2_a5_2
26606,3_b8_1
26607,2_a5_2
26608,3_00_0
26609,5_b8_1
26610,3_a9_2
26611,5_b7_1
26612,1_00_0
26613,2_a5_2
26614,1_00_0
26615,3_a9_2
26616,3_a9_1
26618,3_b7_1
26619,1_00_0
26620,6_a12_2
26621,3_00_0
26623,3_a9_1
26624,3_00_0
26625,3_a9_2
26626,5_b8_1
26627,3_a9_1
26628,1_00_0
26629,3_00_0
26630,4_00_0
26631,1_00_0
26632,3_00_0
26633,3_00_0
26634,6_a12_2
26635,3_b6_1
26637,6_b4_3
26638,3_b3_1
26639,1_00_0
26640,1_00_0
26641,3_b8_1
26642,5_b7_1
26643,4_00_0
26644,3_b7_1
26645,4_00_0
26646,5_b6_1
26647,1_00_0
26648,3_00_0
26649,3_00_0
26650,3_00_0
26651,6_00_0
26652,1_00_0
26653,1_00_0
26654,3_00_0
26655,1_00_0
26656,5_a7_2
26657,3_00_0
26658,1_00_0
26659,6_00_0
26660,6_00_0
26661,1_00_0
26662,3_a9_2
26663,4_00_0
26664,4_00_0
26665,6_00_0
26666,6_00_0
26667,6_00_0
26668,3_00_0
26669,4_00_0
26670,3_00_0
26671,4_00_0
26672,3_00_0
26673,3_00_0
26674,1_00_0
26675,6_00_0
26676,3_b3_1
26677,3_b6_1
26678,4_00_0
26679,3_00_0
26680,5_00_0
26681,3_00_0
26682,1_00_0
26683,4_00_0
26685,2_a5_2
26686,6_00_0
26687,4_00_0
26688,3_00_0
26689,1_00_0
26690,3_00_0
26691,1_00_0
26692,3_b8_1
26693,3_00_0
26694,3_00_0
26695,5_b7_1
26696,5_b7_1
26697,4_00_0
26698,4_00_0
26700,6_b5_1
26701,4_00_0
26702,5_b7_1
26703,2_a5_2
26704,6_a11_2
26705,1_00_0
26706,2_a5_2
26707,4_00_0
26708,4_00_0
26709,1_00_0
26710,6_00_0
26711,6_a12_2
26712,4_00_0
26713,1_00_0
26714,3_a9_1
26715,1_00_0
26716,3_a9_1
26717,5_b7_1
26718,1_00_0
26719,1_00_0
26720,3_00_0
26721,3_b3_1
26722,3_00_0
26723,1_00_0
26724,6_00_0
26725,5_a7_2
26726,4_00_0
26727,3_b3_1
26728,1_00_0
26729,3_b8_1
26730,2_a5_2
26732,6_00_0
26733,4_00_0
26734,3_a9_3
26735,6_00_0
26737,6_00_0
26738,1_00_0
26739,3_00_0
26740,2_a5_2
26741,1_00_0
26742,3_b8_1
26743,2_a5_2
26744,3_b7_1
26745,6_00_0
26746,3_b6_1
26747,4_00_0
26748,4_00_0
26750,1_00_0
26751,3_a9_1
26752,3_b8_1
26754,1_00_0
26755,3_b7_1
26757,6_00_0
26758,3_a9_2
26759,6_00_0
26761,6_00_0
26762,3_00_0
26763,3_a9_1
26764,1_00_0
26765,6_00_0
26766,1_00_0
26767,2_a5_2
26768,6_00_0
26769,4_00_0
26770,3_00_0
26771,6_a12_1
26772,6_00_0
26773,1_00_0
26774,5_b6_1
26775,3_00_0
26776,3_00_0
26778,3_00_0
26779,6_00_0
26780,5_b6_1
26782,5_b7_1
26783,3_00_0
26785,4_00_0
26786,3_00_0
26787,3_00_0
26788,5_b7_1
26789,1_00_0
26790,4_00_0
26791,3_a9_1
26792,3_a9_2
26793,6_00_0
26794,4_00_0
26795,3_00_0
26796,3_b6_1
26797,1_00_0
26799,5_b7_1
26800,5_00_0
26802,6_00_0
26803,3_00_0
26804,3_00_0
26805,5_a7_2
26806,1_00_0
26807,5_b6_1
26808,5_00_0
26809,5_b6_1
26810,6_00_0
26811,6_00_0
26812,1_00_0
26813,6_00_0
26814,3_b7_1
26815,6_00_0
26817,3_a9_1
26818,6_a11_1
26819,3_00_0
26820,3_00_0
26821,1_00_0
26822,4_00_0
26823,1_00_0
26824,4_00_0
26825,5_b6_1
26826,4_00_0
26827,5_b6_1
26828,3_b3_1
26829,6_00_0
26830,3_00_0
26831,4_00_0
26832,5_a7_2
26833,3_a9_1
26834,3_00_0
26835,6_00_0
26836,3_a9_1
26837,6_a11_1
26838,2_a5_2
26839,5_b8_1
26840,3_b8_1
26841,3_b8_1
26842,4_00_0
26843,5_b8_1
26844,3_b8_1
26845,6_00_0
26846,5_b7_1
26847,3_00_0
26848,3_00_0
26849,1_00_0
26850,3_00_0
26851,3_b6_1
26852,4_00_0
26853,2_a5_2
26854,6_00_0
26855,3_00_0
26856,4_00_0
26857,1_00_0
26858,4_00_0
26859,1_00_0
26860,4_00_0
26861,4_00_0
26862,4_00_0
26863,5_b6_1
26864,3_b7_1
26865,4_00_0
26866,3_00_0
26867,5_b7_1
26868,3_00_0
26869,3_00_0
26870,1_00_0
26871,1_00_0
26872,5_00_0
26873,3_00_0
26874,4_00_0
26876,3_00_0
26877,5_b6_1
26878,3_b8_1
26879,1_00_0
26880,3_b6_1
26881,6_00_0
26882,5_b7_1
26883,6_00_0
26884,5_b6_1
26885,2_a5_2
26886,3_00_0
26888,2_a5_2
26889,3_00_0
26890,5_b8_1
26891,6_a11_2
26892,4_00_0
26893,6_00_0
26894,5_a7_2
26895,1_00_0
26896,4_00_0
26897,3_b6_1
26900,4_00_0
26901,3_00_0
26902,3_00_0
26903,3_a9_1
26904,5_b6_1
26905,3_a9_2
26906,5_b6_1
26907,3_00_0
26908,2_a5_2
26909,3_00_0
26910,1_00_0
26911,3_b7_1
26912,6_00_0
26913,4_00_0
26914,3_b7_1
26915,1_00_0
26916,4_00_0
26917,1_00_0
26918,2_a5_2
26919,1_00_0
26920,6_00_0
26921,2_a5_2
26922,5_b7_1
26924,3_b6_1
26925,3_a9_1
26926,3_00_0
26927,3_a9_1
26928,3_00_0
26929,6_00_0
26930,6_b4_1
26931,4_00_0
26932,1_00_0
26933,3_b6_1
26934,3_b8_1
26935,3_00_0
26936,3_00_0
26937,3_b7_1
26938,4_00_0
26939,6_00_0
26940,3_00_0
26941,4_00_0
26942,3_00_0
26943,3_00_0
26945,3_00_0
26946,4_00_0
26947,4_00_0
26948,1_00_0
26949,1_00_0
26952,3_00_0
26953,6_00_0
26956,3_00_0
26957,3_00_0
26958,3_b8_1
26959,3_00_0
26960,4_00_0
26961,1_00_0
26963,3_b7_1
26964,3_b6_1
26965,3_b3_1
26966,3_b8_1
26967,3_00_0
26969,1_00_0
26970,5_a7_2
26971,3_a9_1
26972,4_00_0
26973,6_00_0
26974,3_00_0
26975,6_a11_1
26976,5_b8_1
26977,5_b6_1
26979,2_a5_2
26980,4_00_0
26981,3_a9_2
26982,2_a5_2
26983,3_00_0
26984,3_00_0
26985,6_a11_1
26986,2_a5_2
26987,3_a9_1
26988,2_00_0
26989,3_00_0
26990,3_00_0
26991,6_00_0
26992,2_a5_2
26993,3_b8_1
26994,3_b6_1
26995,6_00_0
26996,6_00_0
26997,3_b6_1
26999,4_00_0
27000,5_b6_1
27001,1_00_0
27002,3_00_0
27003,3_00_0
27004,6_a11_1
27005,3_00_0
27006,1_00_0
27007,1_00_0
27008,6_00_0
27009,1_00_0
27010,4_00_0
27011,3_00_0
27012,1_00_0
27014,5_b7_1
27015,3_00_0
27016,6_00_0
27017,6_00_0
27018,4_00_0
27019,4_00_0
27020,1_00_0
27023,3_00_0
27024,5_b8_1
27025,5_b6_1
27026,3_00_0
27027,1_00_0
27028,3_a9_2
27030,3_00_0
27031,1_00_0
27032,6_00_0
27033,5_b6_1
27034,3_00_0
27035,2_00_0
27036,3_00_0
27037,3_00_0
27038,3_00_0
27039,4_00_0
27040,6_00_0
27041,5_00_0
27042,3_b6_1
27043,6_a12_2
27044,4_00_0
27045,1_00_0
27046,6_00_0
27047,6_00_0
27048,1_00_0
27049,3_00_0
27050,6_00_0
27051,4_00_0
27052,6_00_0
27053,1_00_0
27054,3_a9_1
27055,4_00_0
27056,3_00_0
27057,4_00_0
27058,6_00_0
27059,3_00_0
27060,3_00_0
27061,1_00_0
27062,5_b7_1
27063,1_00_0
27064,3_00_0
27065,6_00_0
27066,1_00_0
27067,1_00_0
27068,6_00_0
27069,4_00_0
27070,4_00_0
27071,1_00_0
27072,3_b3_1
27077,1_00_0
27078,3_00_0
27079,5_a7_2
27081,6_00_0
27082,3_a9_2
27083,2_a5_2
27084,3_b6_1
27085,2_a5_2
27086,6_00_0
27087,6_00_0
27088,3_00_0
27090,3_b6_1
27091,2_00_0
27092,3_00_0
27093,3_b7_1
27094,1_00_0
27095,4_00_0
27096,1_00_0
27097,4_00_0
27098,4_00_0
27099,1_00_0
27100,1_00_0
27101,4_00_0
27102,5_b6_1
27103,6_00_0
27104,3_00_0
27106,5_b6_1
27107,4_00_0
27108,3_b3_1
27109,3_00_0
27110,4_00_0
27111,5_b6_1
27112,5_b7_1
27113,3_00_0
27114,1_00_0
27115,6_00_0
27116,1_00_0
27117,4_00_0
27118,3_a9_1
27119,1_00_0
27121,6_00_0
27122,3_00_0
27123,3_b8_1
27124,3_00_0
27125,3_b8_1
27126,6_a12_2
27128,5_00_0
27129,1_00_0
27130,3_a9_2
27131,3_b7_1
27132,1_00_0
27133,4_00_0
27134,3_00_0
27135,3_00_0
27136,3_00_0
27138,3_00_0
27139,1_00_0
27140,6_00_0
27142,3_00_0
27143,3_b7_1
27144,5_b7_1
27146,4_00_0
27147,4_00_0
27148,4_00_0
27149,3_00_0
27150,3_a9_1
27151,4_00_0
27152,3_00_0
27153,3_00_0
27154,4_00_0
27155,4_00_0
27156,3_b7_1
27157,5_b8_1
27159,3_b6_1
27160,3_a9_1
27161,3_00_0
27162,1_00_0
27163,3_00_0
27164,3_b6_1
27166,5_a7_2
27167,3_00_0
27168,6_00_0
27169,4_00_0
27170,3_00_0
27171,4_00_0
27172,3_b8_1
27173,5_b7_1
27175,3_00_0
27177,6_00_0
27178,3_00_0
27179,1_00_0
27180,4_00_0
27181,5_b8_1
27182,6_00_0
27183,1_00_0
27185,3_b3_1
27186,5_a7_2
27187,3_b6_1
27188,5_b8_1
27190,3_b6_1
27191,1_00_0
27192,5_00_0
27193,5_b7_1
27194,6_00_0
27196,1_00_0
27197,5_b8_1
27198,6_00_0
27199,3_00_0
27200,3_00_0
27201,3_b6_1
27202,3_00_0
27203,3_00_0
27204,3_b3_1
27205,5_b6_1
27206,1_00_0
27207,3_00_0
27208,5_a7_2
27209,1_00_0
27210,6_00_0
27211,3_00_0
27212,3_b7_1
27213,3_a9_2
27214,5_00_0
27215,1_00_0
27216,4_00_0
27217,3_00_0
27218,3_00_0
27219,1_00_0
27220,1_00_0
27221,3_00_0
27222,3_b8_1
27223,3_00_0
27224,4_00_0
27225,6_00_0
27226,3_00_0
27227,3_00_0
27228,4_00_0
27230,3_b6_1
27232,3_00_0
27234,6_00_0
27235,3_a9_2
27236,3_00_0
27237,3_b3_1
27238,1_00_0
27239,2_a5_2
27240,3_00_0
27241,4_00_0
27242,1_00_0
27243,3_00_0
27244,3_00_0
27245,1_00_0
27246,5_a7_2
27247,4_00_0
27248,4_00_0
27249,4_00_0
27250,3_00_0
27251,3_b6_1
27252,5_b7_1
27253,3_00_0
27254,5_b6_1
27255,3_a9_1
27256,6_00_0
27257,3_00_0
27258,3_b8_1
27259,4_00_0
27261,5_b6_1
27262,4_00_0
27263,6_00_0
27264,3_b6_1
27265,5_a7_2
27266,4_00_0
27267,5_b7_1
27268,3_00_0
27269,5_b8_1
27270,2_00_0
27271,1_00_0
27272,5_b8_1
27273,3_b6_1
27274,1_00_0
27276,5_b8_1
27277,3_00_0
27278,3_a9_2
27279,4_00_0
27280,5_a7_2
27281,6_00_0
27282,3_b6_1
27283,3_00_0
27284,4_00_0
27285,1_00_0
27286,3_a9_3
27287,3_a9_2
27288,4_00_0
27289,3_b3_1
27290,3_b8_1
27291,3_b8_1
27292,3_b7_1
27293,3_00_0
27294,4_00_0
27295,4_00_0
27296,4_00_0
27297,6_00_0
27298,3_b7_1
27299,3_b7_1
27300,3_b6_1
27301,1_00_0
27302,6_a11_1
27303,3_a9_1
27304,5_00_0
27305,4_00_0
27306,6_00_0
27307,1_00_0
27308,2_a5_2
27309,3_00_0
27310,6_00_0
27311,4_00_0
27312,2_00_0
27314,1_00_0
27316,6_00_0
27317,3_00_0
27318,1_00_0
27319,3_00_0
27322,3_00_0
27324,3_00_0
27325,1_00_0
27326,1_00_0
27327,6_00_0
27328,3_a9_1
27329,6_00_0
27330,5_b8_1
27331,4_00_0
27332,3_00_0
27333,6_00_0
27334,3_a9_1
27335,3_00_0
27336,5_b8_1
27337,5_00_0
27338,3_b3_1
27339,1_00_0
27340,3_b8_1
27341,1_00_0
27342,6_00_0
27343,3_00_0
27344,5_b7_1
27346,5_a7_2
27347,6_00_0
27348,5_a7_2
27349,4_00_0
27350,3_00_0
27351,4_00_0
27352,1_00_0
27353,5_b6_1
27354,3_00_0
27355,6_00_0
27356,3_00_0
27357,3_a9_2
27358,6_00_0
27359,2_a5_2
27360,6_00_0
27361,5_b8_1
27363,6_a12_2
27364,5_b7_1
27365,3_00_0
27366,4_00_0
27367,3_00_0
27368,1_00_0
27369,4_00_0
27370,1_00_0
27371,3_a9_1
27372,3_b7_1
27373,6_00_0
27374,3_00_0
27375,6_00_0
27376,5_b8_1
27377,3_b6_1
27378,4_00_0
27379,3_b7_1
27380,4_00_0
27381,6_00_0
27383,3_00_0
27384,3_00_0
27385,3_00_0
27386,2_00_0
27387,3_00_0
27388,6_00_0
27389,1_00_0
27390,6_00_0
27391,3_b6_1
27392,3_00_0
27393,1_00_0
27394,3_b8_1
27395,4_00_0
27396,1_00_0
27397,4_00_0
27398,6_00_0
27399,4_00_0
27400,6_00_0
27401,6_b4_1
27402,4_00_0
27403,6_00_0
27404,1_00_0
27405,3_00_0
27406,4_00_0
27407,1_00_0
27408,3_b7_1
27409,6_00_0
27410,6_00_0
27411,4_00_0
27412,4_00_0
27414,2_a5_2
27415,3_00_0
27416,1_00_0
27417,5_a7_2
27418,3_00_0
27419,6_00_0
27420,5_a7_2
27421,3_00_0
27422,3_00_0
27423,2_a5_2
27424,1_00_0
27425,2_a5_2
27426,6_b5_1
27428,1_00_0
27429,1_00_0
27430,4_00_0
27431,3_b7_1
27432,1_00_0
27433,1_00_0
27434,3_00_0
27435,3_00_0
27436,3_00_0
27437,1_00_0
27438,6_00_0
27439,4_00_0
27440,1_00_0
27441,6_00_0
27443,5_b8_1
27444,4_00_0
27445,4_00_0
27446,3_00_0
27447,1_00_0
27448,6_a11_1
27450,6_00_0
27451,6_a12_2
27452,6_00_0
27453,3_b6_1
27454,1_00_0
27455,5_00_0
27456,4_00_0
27457,5_00_0
27458,2_00_0
27459,6_00_0
27460,3_00_0
27461,2_a5_2
27462,3_00_0
27463,3_b7_1
27465,3_00_0
27466,4_00_0
27467,6_00_0
27468,5_b7_1
27469,3_00_0
27470,6_00_0
27471,4_00_0
27473,3_b8_1
27474,3_00_0
27475,6_00_0
27477,3_00_0
27478,5_b6_1
27479,3_00_0
27480,3_b6_1
27481,3_a9_3
27483,6_00_0
27484,1_00_0
27485,3_00_0
27486,6_00_0
27487,1_00_0
27488,3_00_0
27489,3_00_0
27490,5_b8_1
27491,1_00_0
27492,3_b8_1
27493,6_00_0
27494,6_00_0
27495,3_b6_1
27497,3_00_0
27498,3_b6_1
27499,3_00_0
27500,3_00_0
27501,4_00_0
27502,6_00_0
27503,4_00_0
27504,3_00_0
27505,3_00_0
27506,1_00_0
27508,3_b6_1
27509,4_00_0
27510,5_b6_1
27511,6_b4_1
27512,5_b7_1
27513,6_00_0
27514,3_b7_1
27515,6_00_0
27516,1_00_0
27517,3_00_0
27518,6_00_0
27519,3_00_0
27520,1_00_0
27521,4_00_0
27524,6_00_0
27525,3_00_0
27526,4_00_0
27527,3_00_0
27529,6_00_0
27530,1_00_0
27531,2_00_0
27532,4_00_0
27533,3_00_0
27534,4_00_0
27535,6_00_0
27537,3_00_0
27538,1_00_0
27540,6_00_0
27541,1_00_0
27542,3_b7_1
27543,1_00_0
27544,6_00_0
27545,6_00_0
27546,4_00_0
27547,1_00_0
27548,6_00_0
27549,4_00_0
27550,6_00_0
27551,1_00_0
27552,3_00_0
27553,3_00_0
27554,6_00_0
27555,3_b8_1
27557,5_a7_2
27558,3_00_0
27559,4_00_0
27560,5_b6_1
27562,3_00_0
27563,1_00_0
27564,3_00_0
27565,3_00_0
27566,3_a9_2
27567,1_00_0
27568,1_00_0
27569,4_00_0
27570,4_00_0
27571,4_00_0
27572,6_00_0
27573,3_00_0
27574,1_00_0
27575,2_00_0
27577,3_00_0
27578,3_00_0
27579,2_a5_2
27580,5_b6_1
27581,3_a9_2
27582,5_b6_1
27583,5_b8_1
27584,4_00_0
27585,3_00_0
27587,2_00_0
27588,4_00_0
27589,1_00_0
27590,4_00_0
27592,1_00_0
27593,6_00_0
27595,1_00_0
27596,1_00_0
27597,5_b6_1
27598,1_00_0
27599,4_00_0
27600,3_a9_1
27601,4_00_0
27603,2_a5_2
27604,3_00_0
27605,5_b8_1
27606,1_00_0
27607,3_00_0
27609,3_00_0
27610,6_a12_2
27611,2_a5_2
27613,3_00_0
27614,6_00_0
27615,3_b8_1
27616,5_b7_1
27617,3_b6_1
27618,5_b7_1
27619,2_a5_2
27620,3_b8_1
27621,1_00_0
27622,6_00_0
27623,5_b8_1
27624,5_a7_2
27625,1_00_0
27626,3_00_0
27627,1_00_0
27628,3_b6_1
27630,3_b8_1
27631,3_b6_1
27632,1_00_0
27633,6_00_0
27634,3_b8_1
27635,1_00_0
27636,3_00_0
27637,3_00_0
27638,6_00_0
27639,5_00_0
27640,1_00_0
27641,4_00_0
27642,5_b6_1
27643,4_00_0
27644,3_00_0
27645,4_00_0
27646,6_00_0
27647,5_a7_2
27648,3_b8_1
27649,2_00_0
27650,3_a9_1
27651,6_00_0
27652,5_00_0
27653,6_00_0
27654,6_a12_1
27656,4_00_0
27657,1_00_0
27658,1_00_0
27659,4_00_0
27660,3_b3_1
27661,3_00_0
27662,5_b6_1
27663,3_00_0
27664,6_00_0
27665,3_b7_1
27666,6_00_0
27667,3_00_0
27668,3_00_0
27669,6_a12_2
27670,5_b7_1
27671,3_a9_2
27672,3_00_0
27673,5_a7_2
27674,4_00_0
27676,4_00_0
27677,3_00_0
27678,1_00_0
27679,3_b8_1
27680,6_a12_2
27681,5_b7_1
27682,1_00_0
27683,3_00_0
27684,2_a5_2
27685,5_b6_1
27687,4_00_0
27688,1_00_0
27689,2_00_0
27690,3_00_0
27691,4_00_0
27692,1_00_0
27693,3_00_0
27694,3_00_0
27695,6_00_0
27696,6_00_0
27697,6_00_0
27698,6_00_0
27699,3_00_0
27700,3_00_0
27701,1_00_0
27702,1_00_0
27703,3_b6_1
27704,6_a11_1
27705,1_00_0
27707,3_a9_2
27708,3_b3_1
27709,5_b8_1
27710,4_00_0
27711,3_00_0
27712,3_00_0
27713,5_b7_1
27715,1_00_0
27716,6_00_0
27717,1_00_0
27718,3_a9_2
27719,3_00_0
27720,2_a5_2
27721,1_00_0
27722,3_a9_2
27723,3_00_0
27724,6_00_0
27725,1_00_0
27726,5_b8_1
27727,6_00_0
27728,3_00_0
27729,3_00_0
27730,5_b8_1
27731,1_00_0
27732,2_00_0
27733,6_00_0
27734,4_00_0
27735,2_a5_2
27736,3_00_0
27737,3_a9_3
27738,3_00_0
27739,3_00_0
27740,4_00_0
27741,3_00_0
27742,4_00_0
27744,1_00_0
27746,3_00_0
27747,3_00_0
27748,3_a9_2
27749,1_00_0
27750,4_00_0
27751,4_00_0
27752,1_00_0
27753,6_a11_1
27754,6_00_0
27755,4_00_0
27756,4_00_0
27757,3_b7_1
27758,4_00_0
27759,1_00_0
27760,6_00_0
27761,6_00_0
27762,3_a9_2
27763,6_00_0
27764,4_00_0
27765,1_00_0
27766,4_00_0
27767,3_b7_1
27768,3_00_0
27769,4_00_0
27770,3_00_0
27771,3_b8_1
27772,4_00_0
27775,3_00_0
27776,1_00_0
27777,6_00_0
27778,3_b3_1
27779,6_00_0
27780,3_b7_1
27781,4_00_0
27782,3_a9_2
27783,6_00_0
27784,3_00_0
27785,4_00_0
27786,4_00_0
27787,6_00_0
27788,4_00_0
27789,1_00_0
27790,3_00_0
27791,4_00_0
27792,3_a9_2
27793,5_b8_1
27794,5_a7_2
27795,4_00_0
27796,1_00_0
27797,5_a7_2
27798,6_00_0
27799,3_00_0
27802,3_00_0
27803,3_00_0
27804,6_00_0
27805,3_00_0
27806,3_b6_1
27807,1_00_0
27808,3_00_0
27809,6_00_0
27810,3_00_0
27811,6_00_0
27812,4_00_0
27813,2_a5_2
27815,1_00_0
27816,3_00_0
27817,5_b6_1
27819,3_b3_1
27820,4_00_0
27821,2_00_0
27822,3_a9_2
27823,3_00_0
27824,6_00_0
27825,4_00_0
27826,3_00_0
27827,4_00_0
27828,4_00_0
27829,3_00_0
27830,6_00_0
27832,4_00_0
27833,3_b6_1
27834,3_00_0
27835,5_b6_1
27836,4_00_0
27838,4_00_0
27839,4_00_0
27840,2_00_0
27841,5_b6_1
27842,3_a9_2
27843,6_00_0
27845,3_b6_1
27846,5_a7_2
27847,4_00_0
27848,3_00_0
27849,4_00_0
27850,6_00_0
27851,3_00_0
27852,3_00_0
27853,3_00_0
27854,1_00_0
27855,4_00_0
27856,3_b7_1
27857,3_00_0
27858,1_00_0
27859,6_00_0
27861,4_00_0
27863,3_00_0
27864,3_b6_1
27865,2_a5_2
27866,6_00_0
27867,2_00_0
27868,2_a5_2
27869,1_00_0
27871,6_b5_1
27872,1_00_0
27873,3_b8_1
27875,1_00_0
27876,6_00_0
27877,5_b6_1
27878,3_b8_1
27880,6_b5_1
27881,1_00_0
27882,5_b8_1
27883,3_b6_1
27885,1_00_0
27886,6_00_0
27887,3_00_0
27888,4_00_0
27889,3_a9_1
27890,3_b3_1
27891,3_b6_1
27892,6_00_0
27893,3_b7_1
27894,3_00_0
27895,1_00_0
27896,6_00_0
27898,3_00_0
27900,1_00_0
27901,4_00_0
27902,4_00_0
27903,4_00_0
27904,4_00_0
27905,3_00_0
27906,6_00_0
27907,6_00_0
27908,6_00_0
27909,6_00_0
27910,6_b4_1
27911,3_a9_2
27912,4_00_0
27913,4_00_0
27914,3_00_0
27915,1_00_0
27916,1_00_0
27917,3_00_0
27918,6_00_0
27920,6_00_0
27921,4_00_0
27922,4_00_0
27923,3_00_0
27924,6_00_0
27925,1_00_0
27926,4_00_0
27927,6_a12_2
27928,3_00_0
27929,5_b6_1
27930,1_00_0
27931,4_00_0
27932,4_00_0
27933,3_00_0
27935,3_00_0
27936,5_b7_1
27937,3_00_0
27938,3_00_0
27939,3_00_0
27940,5_a7_2
27941,3_00_0
27942,4_00_0
27943,6_00_0
27944,5_b6_1
27946,3_00_0
27947,4_00_0
27948,3_00_0
27949,3_00_0
27950,1_00_0
27952,3_b6_1
27953,4_00_0
27954,6_00_0
27955,4_00_0
27956,1_00_0
27957,5_b7_1
27958,5_b7_1
27959,1_00_0
27960,1_00_0
27961,4_00_0
27962,4_00_0
27964,4_00_0
27965,3_b6_1
27966,6_00_0
27967,6_a12_2
27968,3_a9_3
27969,3_b7_1
27970,1_00_0
27971,3_b7_1
27972,3_00_0
27973,3_b6_1
27974,1_00_0
27975,1_00_0
27976,3_00_0
27977,4_00_0
27979,6_00_0
27980,6_00_0
27982,3_00_0
27983,6_b4_1
27984,4_00_0
27985,5_a7_2
27986,3_00_0
27987,1_00_0
27988,6_a11_1
27989,4_00_0
27991,1_00_0
27992,6_00_0
27993,3_b3_1
27994,4_00_0
27995,4_00_0
27996,4_00_0
27997,1_00_0
27999,3_00_0
28000,3_00_0
28001,3_00_0
28003,3_00_0
28004,1_00_0
28005,1_00_0
28006,6_a12_1
28007,5_b6_1
28008,3_00_0
28009,6_00_0
28010,5_b6_1
28011,2_00_0
28012,3_00_0
28013,4_00_0
28015,2_a5_2
28016,3_00_0
28017,6_00_0
28018,5_b8_1
28019,3_a9_2
28020,4_00_0
28021,3_00_0
28022,6_b4_3
28023,6_00_0
28024,6_a11_1
28025,3_00_0
28026,5_b6_1
28027,3_00_0
28028,1_00_0
28029,5_b6_1
28030,3_a9_1
28031,6_00_0
28032,6_00_0
28033,3_a9_3
28034,5_b8_1
28035,6_00_0
28036,6_a11_1
28037,5_b8_1
28038,3_b6_1
28039,5_b6_1
28040,4_00_0
28041,2_a5_2
28042,3_00_0
28043,1_00_0
28044,4_00_0
28045,1_00_0
28046,3_00_0
28047,6_00_0
28048,3_b3_1
28049,3_a9_2
28050,1_00_0
28051,4_00_0
28052,6_00_0
28053,1_00_0
28054,3_b6_1
28055,1_00_0
28056,3_00_0
28057,3_a9_2
28058,3_00_0
28059,3_00_0
28060,3_b7_1
28062,4_00_0
28063,3_00_0
28064,6_00_0
28065,4_00_0
28066,3_00_0
28067,3_00_0
28068,3_00_0
28069,6_00_0
28070,6_00_0
28071,3_00_0
28072,1_00_0
28073,6_00_0
28074,5_b8_1
28075,3_00_0
28076,5_b7_1
28077,3_b3_1
28079,2_a5_2
28081,2_a5_2
28082,4_00_0
28083,3_b3_1
28084,6_a12_2
28085,5_00_0
28086,3_00_0
28087,2_a5_2
28088,4_00_0
28089,4_00_0
28090,3_b6_1
28092,4_00_0
28093,2_00_0
28094,3_b7_1
28095,4_00_0
28096,3_b7_1
28097,3_b3_1
28098,6_00_0
28099,4_00_0
28100,3_00_0
28101,3_a9_2
28102,3_b7_1
28103,6_00_0
28104,5_b7_1
28105,3_b3_1
28106,3_b6_1
28107,4_00_0
28108,1_00_0
28109,6_00_0
28110,5_b6_1
28111,3_a9_2
28112,6_a11_1
28113,3_00_0
28114,3_00_0
28115,1_00_0
28116,3_00_0
28117,4_00_0
28118,1_00_0
28119,5_a7_2
28121,3_b7_1
28122,3_00_0
28124,5_b7_1
28125,5_a7_2
28126,4_00_0
28127,6_00_0
28128,5_a7_2
28129,3_00_0
28130,3_b6_1
28131,3_00_0
28132,3_a9_1
28133,1_00_0
28134,6_00_0
28135,6_00_0
28136,6_00_0
28137,3_00_0
28138,3_a9_1
28139,1_00_0
28141,3_00_0
28142,5_b8_1
28143,3_00_0
28144,3_00_0
28145,3_00_0
28146,3_00_0
28147,3_00_0
28148,4_00_0
28149,4_00_0
28150,1_00_0
28151,1_00_0
28152,3_b6_1
28153,3_00_0
28154,6_a11_1
28155,2_00_0
28156,3_b8_1
28157,3_b6_1
28158,3_b3_1
28159,6_b4_1
28160,5_b8_1
28161,5_00_0
28162,3_00_0
28163,3_b6_1
28164,4_00_0
28165,4_00_0
28166,6_00_0
28167,1_00_0
28168,6_00_0
28170,3_00_0
28171,3_a9_2
28172,6_00_0
28173,6_00_0
28174,1_00_0
28175,3_b8_1
28176,2_a5_2
28177,6_00_0
28178,5_00_0
28179,3_00_0
28180,3_00_0
28181,1_00_0
28186,4_00_0
28187,5_b7_1
28188,5_00_0
28189,1_00_0
28190,1_00_0
28191,5_b8_1
28192,1_00_0
28193,6_00_0
28194,3_00_0
28195,2_a5_2
28196,6_00_0
28197,4_00_0
28198,1_00_0
28199,3_00_0
28200,3_00_0
28201,4_00_0
28202,3_00_0
28203,3_00_0
28204,1_00_0
28205,3_00_0
28206,3_00_0
28207,4_00_0
28208,5_00_0
28209,4_00_0
28210,6_00_0
28211,1_00_0
28212,6_00_0
28213,3_b8_1
28214,3_00_0
28215,3_00_0
28216,3_00_0
28217,3_b3_1
28218,3_00_0
28219,5_a7_2
28220,2_a5_2
28221,3_00_0
28222,3_b6_1
28223,3_b3_1
28224,4_00_0
28225,1_00_0
28226,5_b7_1
28227,6_00_0
28229,4_00_0
28230,6_00_0
28231,4_00_0
28233,3_b3_1
28234,1_00_0
28235,4_00_0
28236,3_b7_1
28238,4_00_0
28239,3_a9_2
28241,3_00_0
28242,3_b8_1
28243,3_a9_2
28244,3_00_0
28245,4_00_0
28246,6_00_0
28247,6_00_0
28248,6_00_0
28249,3_00_0
28250,4_00_0
28251,6_00_0
28252,1_00_0
28253,2_00_0
28254,3_a9_2
28255,3_00_0
28256,1_00_0
28258,2_a5_2
28259,4_00_0
28260,3_00_0
28261,4_00_0
28262,3_00_0
28263,1_00_0
28265,6_00_0
28266,4_00_0
28267,3_00_0
28268,2_a5_2
28270,3_00_0
28271,3_b6_1
28272,6_00_0
28273,2_a5_2
28274,6_00_0
28276,4_00_0
28277,5_b8_1
28278,5_a7_2
28279,6_00_0
28280,3_00_0
28281,6_a12_1
28282,4_00_0
28283,6_00_0
28284,1_00_0
28285,3_00_0
28286,4_00_0
28287,6_00_0
28288,4_00_0
28289,1_00_0
28290,5_a7_2
28291,3_a9_2
28293,6_00_0
28294,1_00_0
28296,3_00_0
28297,4_00_0
28298,6_a11_1
28299,5_00_0
28300,6_00_0
28301,1_00_0
28302,6_00_0
28303,3_b7_1
28305,2_00_0
28306,5_a7_2
28307,3_00_0
28308,4_00_0
28309,3_a9_1
28310,3_a9_2
28311,6_00_0
28312,4_00_0
28313,5_00_0
28314,2_a5_2
28315,5_a7_2
28316,1_00_0
28317,3_a9_1
28318,6_00_0
28319,3_00_0
28320,3_a9_1
28321,4_00_0
28323,1_00_0
28324,3_00_0
28325,5_b8_1
28327,1_00_0
28328,6_00_0
28329,3_00_0
28333,4_00_0
28334,4_00_0
28335,3_b7_1
28336,3_b8_1
28337,4_00_0
28338,4_00_0
28339,5_a7_2
28341,6_a12_2
28342,3_00_0
28343,5_b8_1
28344,4_00_0
28345,3_b6_1
28346,2_a5_2
28347,4_00_0
28348,4_00_0
28349,5_b6_1
28350,3_b8_1
28351,3_b6_1
28352,3_00_0
28353,1_00_0
28354,4_00_0
28355,3_00_0
28356,1_00_0
28357,4_00_0
28358,6_00_0
28359,3_a9_1
28360,2_a5_2
28361,1_00_0
28362,3_00_0
28363,3_b3_1
28364,4_00_0
28365,2_00_0
28366,6_00_0
28367,6_00_0
28369,3_00_0
28370,5_b7_1
28371,5_b6_1
28372,3_a9_2
28373,1_00_0
28374,6_00_0
28376,1_00_0
28377,3_00_0
28378,3_00_0
28379,6_00_0
28380,3_00_0
28382,1_00_0
28383,3_a9_1
28384,5_a7_2
28385,2_00_0
28386,3_00_0
28387,6_00_0
28388,3_b6_1
28389,3_b3_1
28391,4_00_0
28392,1_00_0
28394,1_00_0
28395,3_b7_1
28396,1_00_0
28397,2_00_0
28398,3_a9_2
28399,6_00_0
28400,3_00_0
28401,1_00_0
28402,3_b3_1
28403,3_b3_1
28404,4_00_0
28405,1_00_0
28406,6_a12_2
28407,3_b8_1
28408,3_00_0
28409,3_00_0
28410,1_00_0
28411,4_00_0
28412,5_b8_1
28413,2_00_0
28414,3_00_0
28415,4_00_0
28416,3_a9_2
28417,3_a9_2
28418,6_a12_2
28419,6_00_0
28420,6_00_0
28421,3_b8_1
28422,6_00_0
28423,3_b6_1
28424,3_b6_1
28425,4_00_0
28426,4_00_0
28427,1_00_0
28428,4_00_0
28429,4_00_0
28430,1_00_0
28431,1_00_0
28432,5_b8_1
28433,3_00_0
28434,4_00_0
28436,6_00_0
28438,5_b7_1
28439,3_00_0
28440,3_a9_2
28441,3_00_0
28442,3_00_0
28443,4_00_0
28444,6_00_0
28445,4_00_0
28446,3_00_0
28448,1_00_0
28449,1_00_0
28450,3_b3_1
28451,6_00_0
28452,3_00_0
28453,3_00_0
28455,3_00_0
28456,6_00_0
28457,3_b6_1
28458,6_00_0
28459,1_00_0
28460,1_00_0
28461,3_00_0
28462,6_00_0
28463,3_00_0
28464,3_00_0
28465,3_00_0
28466,3_b7_1
28467,3_00_0
28468,4_00_0
28469,1_00_0
28470,4_00_0
28471,1_00_0
28472,3_a9_2
28473,4_00_0
28474,1_00_0
28475,6_00_0
28476,1_00_0
28477,1_00_0
28478,3_00_0
28479,3_b7_1
28481,5_b7_1
28482,6_00_0
28483,3_b7_1
28485,3_b3_1
28486,3_b8_1
28487,3_00_0
28488,3_a9_1
28490,4_00_0
28491,1_00_0
28492,3_b6_1
28493,3_00_0
28494,3_00_0
28495,4_00_0
28496,5_b6_1
28497,2_00_0
28498,1_00_0
28499,3_00_0
28500,3_a9_2
28501,3_00_0
28502,3_a9_2
28503,5_b6_1
28504,4_00_0
28505,5_b6_1
28507,2_a5_2
28508,1_00_0
28509,6_00_0
28510,2_00_0
28511,6_00_0
28512,3_00_0
28513,4_00_0
28514,1_00_0
28515,1_00_0
28516,3_00_0
28517,4_00_0
28518,1_00_0
28521,3_00_0
28522,4_00_0
28523,3_b7_1
28524,5_b8_1
28526,4_00_0
28527,3_00_0
28528,5_a7_2
28529,3_a9_1
28530,2_a5_2
28531,2_a5_2
28532,4_00_0
28533,6_00_0
28534,3_00_0
28535,3_00_0
28536,3_00_0
28537,3_00_0
28538,1_00_0
28539,6_00_0
28540,2_a5_2
28541,6_00_0
28542,4_00_0
28543,2_00_0
28544,4_00_0
28546,1_00_0
28547,1_00_0
28548,3_00_0
28550,2_a5_2
28551,3_00_0
28552,2_00_0
28553,3_00_0
28554,4_00_0
28555,4_00_0
28556,6_00_0
28559,4_00_0
28560,6_00_0
28562,4_00_0
28563,3_a9_2
28564,6_00_0
28565,4_00_0
28566,3_00_0
28568,5_a7_2
28570,4_00_0
28571,6_00_0
28572,4_00_0
28573,4_00_0
28574,3_b6_1
28575,3_00_0
28577,1_00_0
28578,3_a9_1
28579,4_00_0
28580,2_a5_2
28581,1_00_0
28582,3_00_0
28584,5_b6_1
28585,1_00_0
28586,4_00_0
28587,3_00_0
28588,2_a5_2
28589,1_00_0
28590,3_00_0
28591,3_b8_1
28592,3_00_0
28593,6_00_0
28594,3_00_0
28595,4_00_0
28596,4_00_0
28597,6_00_0
28598,1_00_0
28599,1_00_0
28600,1_00_0
28601,3_b3_1
28602,5_b7_1
28603,3_00_0
28604,1_00_0
28605,3_a9_1
28606,5_b8_1
28607,6_00_0
28608,3_00_0
28609,3_00_0
28610,6_00_0
28611,3_b7_1
28613,5_b7_1
28614,5_b8_1
28615,2_a5_2
28616,6_00_0
28617,3_00_0
28618,3_00_0
28619,2_a5_2
28620,3_00_0
28621,4_00_0
28622,6_00_0
28623,1_00_0
28624,2_a5_2
28625,6_00_0
28626,1_00_0
28627,4_00_0
28628,6_00_0
28630,3_00_0
28631,3_00_0
28632,4_00_0
28633,4_00_0
28635,3_00_0
28636,3_b3_1
28637,3_00_0
28638,2_00_0
28639,6_00_0
28641,3_b6_1
28642,4_00_0
28643,5_b8_1
28644,1_00_0
28645,5_b8_1
28646,4_00_0
28647,3_00_0
28648,3_b7_1
28650,4_00_0
28651,3_a9_2
28652,4_00_0
28653,3_a9_1
28654,6_00_0
28655,3_00_0
28656,4_00_0
28657,4_00_0
28658,5_b8_1
28659,3_b3_1
28660,3_00_0
28661,6_00_0
28662,3_b3_1
28663,5_b6_1
28664,6_00_0
28665,2_00_0
28666,3_b7_1
28667,6_00_0
28668,3_00_0
28669,1_00_0
28670,4_00_0
28671,3_00_0
28672,3_a9_1
28673,3_00_0
28675,3_b7_1
28676,4_00_0
28677,6_00_0
28679,3_b6_1
28680,6_00_0
28681,3_00_0
28682,6_a12_2
28683,6_00_0
28684,4_00_0
28685,4_00_0
28686,5_b8_1
28687,3_a9_2
28688,3_00_0
28689,5_b6_1
28691,1_00_0
28692,4_00_0
28693,6_00_0
28694,3_00_0
28695,3_00_0
28696,1_00_0
28697,3_00_0
28698,1_00_0
28700,1_00_0
28701,3_b8_1
28702,3_00_0
28703,4_00_0
28704,5_b8_1
28705,3_00_0
28706,4_00_0
28707,2_00_0
28708,3_00_0
28709,1_00_0
28710,3_00_0
28711,4_00_0
28712,3_b7_1
28713,6_00_0
28714,6_00_0
28715,3_00_0
28716,4_00_0
28717,6_00_0
28719,2_a5_2
28720,3_a9_1
28721,4_00_0
28722,3_00_0
28723,6_00_0
28724,5_b6_1
28725,5_b8_1
28726,3_00_0
28727,3_00_0
28728,6_00_0
28729,3_00_0
28730,4_00_0
28731,4_00_0
28732,2_00_0
28733,5_b7_1
28734,4_00_0
28736,3_00_0
28737,6_00_0
28738,3_00_0
28739,3_b3_1
28741,6_00_0
28742,4_00_0
28743,5_00_0
28744,3_00_0
28746,3_00_0
28747,3_b6_1
28749,1_00_0
28750,4_00_0
28751,5_b6_1
28752,1_00_0
28753,5_b6_1
28754,3_b3_1
28755,1_00_0
28756,6_00_0
28757,3_a9_2
28758,3_b7_1
28759,5_b7_1
28760,3_b3_1
28761,6_00_0
28762,6_00_0
28763,1_00_0
28764,1_00_0
28765,2_a5_2
28766,3_00_0
28767,1_00_0
28768,1_00_0
28769,3_00_0
28770,6_00_0
28771,5_b6_1
28772,5_00_0
28773,1_00_0
28774,3_00_0
28776,4_00_0
28777,3_00_0
28778,6_00_0
28779,6_a11_1
28781,6_00_0
28782,4_00_0
28783,4_00_0
28785,4_00_0
28786,5_00_0
28787,4_00_0
28788,3_00_0
28789,3_00_0
28790,1_00_0
28791,2_a5_2
28792,3_b7_1
28793,6_00_0
28795,4_00_0
28796,2_a5_2
28797,3_b3_1
28798,6_00_0
28799,6_00_0
28800,3_00_0
28802,2_00_0
28803,5_b8_1
28804,3_b3_1
28805,4_00_0
28806,1_00_0
28807,1_00_0
28808,3_00_0
28809,4_00_0
28810,4_00_0
28811,4_00_0
28812,6_00_0
28813,3_a9_1
28814,1_00_0
28815,2_00_0
28816,5_00_0
28817,5_a7_2
28818,6_00_0
28819,3_00_0
28820,4_00_0
28821,3_00_0
28822,3_b7_1
28823,3_00_0
28824,6_00_0
28825,1_00_0
28826,1_00_0
28827,6_00_0
28828,6_00_0
28830,4_00_0
28831,1_00_0
28832,3_00_0
28833,6_00_0
28834,3_00_0
28835,3_a9_3
28836,3_b8_1
28837,6_00_0
28838,1_00_0
28839,4_00_0
28840,3_00_0
28841,3_00_0
28842,5_00_0
28843,4_00_0
28844,5_00_0
28845,6_00_0
28847,3_b6_1
28848,6_00_0
28849,6_00_0
28850,5_00_0
28851,3_00_0
28852,3_00_0
28853,4_00_0
28854,5_b8_1
28855,3_00_0
28856,6_00_0
28857,6_00_0
28858,3_00_0
28859,3_00_0
28860,4_00_0
28861,4_00_0
28862,1_00_0
28863,3_b3_1
28864,1_00_0
28865,1_00_0
28866,3_00_0
28867,6_00_0
28868,4_00_0
28869,3_b6_1
28870,1_00_0
28871,3_a9_2
28872,6_00_0
28873,3_a9_2
28874,4_00_0
28875,1_00_0
28876,6_00_0
28877,3_00_0
28878,3_00_0
28879,2_a5_2
28880,4_00_0
28881,3_b3_1
28882,6_00_0
28883,4_00_0
28884,6_00_0
28885,3_00_0
28886,6_00_0
28887,4_00_0
28888,3_00_0
28889,3_00_0
28890,4_00_0
28891,5_a7_2
28892,3_a9_1
28893,3_00_0
28894,6_a11_1
28895,3_00_0
28896,3_00_0
28897,3_b8_1
28898,6_00_0
28899,3_00_0
28900,3_b7_1
28901,3_00_0
28902,3_00_0
28903,3_00_0
28904,2_a5_2
28906,6_00_0
28907,1_00_0
28908,6_00_0
28910,3_b3_1
28911,3_b6_1
28912,3_00_0
28913,3_00_0
28914,1_00_0
28915,6_00_0
28916,1_00_0
28917,1_00_0
28918,6_00_0
28919,3_a9_2
28920,5_b6_1
28922,6_00_0
28923,6_00_0
28924,6_00_0
28925,3_00_0
28926,4_00_0
28927,6_00_0
28928,3_00_0
28929,6_00_0
28930,3_00_0
28931,2_a5_2
28932,3_00_0
28933,3_00_0
28934,2_a5_2
28935,3_00_0
28936,6_00_0
28937,3_b8_1
28938,3_b7_1
28939,6_00_0
28940,4_00_0
28941,1_00_0
28942,3_a9_1
28943,3_00_0
28944,1_00_0
28945,3_00_0
28946,3_a9_2
28947,5_b7_1
28948,3_00_0
28949,3_a9_2
28950,1_00_0
28951,6_00_0
28952,3_a9_2
28953,3_00_0
28954,4_00_0
28955,6_b5_1
28956,3_b3_1
28957,4_00_0
28958,6_00_0
28959,5_b8_1
28960,6_00_0
28961,6_00_0
28962,4_00_0
28963,6_00_0
28964,1_00_0
28965,4_00_0
28966,6_b4_1
28967,3_00_0
28969,4_00_0
28970,5_b7_1
28971,4_00_0
28972,6_b4_3
28973,1_00_0
28974,3_00_0
28975,3_b6_1
28976,2_a5_2
28977,6_00_0
28978,1_00_0
28979,6_a12_2
28980,4_00_0
28982,3_00_0
28983,3_b8_1
28984,6_00_0
28985,1_00_0
28986,3_b3_1
28987,3_00_0
28988,3_b8_1
28989,6_00_0
28990,3_a9_2
28991,1_00_0
28992,4_00_0
28993,3_b8_1
28994,3_00_0
28996,5_b7_1
28997,1_00_0
28998,5_b8_1
28999,6_00_0
29000,6_00_0
29001,3_00_0
29002,6_00_0
29003,1_00_0
29004,3_00_0
29005,3_a9_2
29007,5_b6_1
29008,3_00_0
29010,5_b6_1
29011,1_00_0
29012,2_00_0
29014,6_00_0
29015,3_b7_1
29016,3_b7_1
29017,4_00_0
29018,3_00_0
29019,3_b3_1
29020,4_00_0
29021,3_00_0
29022,1_00_0
29023,6_00_0
29024,1_00_0
29025,3_a9_1
29027,5_b8_1
29028,6_00_0
29029,2_a5_2
29030,3_b6_1
29031,4_00_0
29032,3_00_0
29033,5_00_0
29034,1_00_0
29035,4_00_0
29036,1_00_0
29037,3_00_0
29038,3_b8_1
29039,3_00_0
29041,3_00_0
29042,3_b7_1
29044,5_00_0
29045,3_b6_1
29046,6_a12_2
29047,3_00_0
29048,1_00_0
29049,6_00_0
29050,4_00_0
29051,3_00_0
29052,3_00_0
29053,3_00_0
29054,3_a9_1
29055,6_b4_3
29056,5_b6_1
29057,1_00_0
29059,4_00_0
29060,3_00_0
29061,5_00_0
29062,1_00_0
29063,1_00_0
29064,1_00_0
29065,3_00_0
29066,6_00_0
29067,3_a9_1
29068,6_00_0
29069,3_b8_1
29070,6_00_0
29072,1_00_0
29073,6_00_0
29074,6_00_0
29075,4_00_0
29076,6_00_0
29078,3_00_0
29079,5_b8_1
29080,1_00_0
29081,5_b8_1
29082,1_00_0
29083,3_a9_2
29084,6_00_0
29085,3_b6_1
29086,6_00_0
29087,3_a9_3
29088,2_a5_2
29089,3_00_0
29090,5_b8_1
29091,3_00_0
29092,3_b7_1
29093,3_b8_1
29094,3_b3_1
29095,1_00_0
29096,3_00_0
29097,5_00_0
29098,5_b6_1
29099,2_00_0
29101,3_00_0
29102,6_00_0
29103,3_00_0
29104,1_00_0
29105,5_00_0
29106,1_00_0
29107,4_00_0
29108,4_00_0
29109,2_a5_2
29110,3_00_0
29111,3_b6_1
29112,1_00_0
29113,1_00_0
29115,1_00_0
29117,3_00_0
29118,2_a5_2
29121,6_00_0
29122,1_00_0
29123,4_00_0
29124,6_a11_1
29125,4_00_0
29126,6_00_0
29127,1_00_0
29128,3_00_0
29129,3_00_0
29131,6_00_0
29132,1_00_0
29133,6_00_0
29134,1_00_0
29135,3_b7_1
29136,3_00_0
29137,6_00_0
29138,6_a12_2
29139,3_00_0
29140,4_00_0
29141,3_b6_1
29142,3_b7_1
29143,3_a9_2
29144,6_00_0
29145,5_b8_1
29146,2_00_0
29147,3_00_0
29148,3_00_0
29149,6_a11_1
29150,3_b8_1
29151,3_b3_1
29152,5_b8_1
29153,3_00_0
29154,3_b7_1
29156,5_b6_1
29157,5_b8_1
29158,6_00_0
29159,5_b7_1
29160,3_00_0
29161,5_b8_1
29162,2_a5_2
29163,3_b7_1
29164,3_00_0
29165,3_00_0
29166,3_b6_1
29167,3_00_0
29168,6_00_0
29169,3_00_0
29170,3_00_0
29171,3_b8_1
29172,1_00_0
29173,1_00_0
29174,5_a7_2
29175,5_00_0
29176,5_b7_1
29177,5_b8_1
29178,4_00_0
29179,3_00_0
29180,1_00_0
29181,6_a11_1
29182,3_00_0
29183,4_00_0
29184,6_a11_2
29185,3_b3_1
29186,3_00_0
29187,4_00_0
29189,3_00_0
29190,4_00_0
29191,3_00_0
29192,3_a9_3
29193,1_00_0
29194,6_a11_1
29195,3_b7_1
29196,4_00_0
29197,4_00_0
29198,3_00_0
29199,3_00_0
29200,4_00_0
29202,5_b8_1
29203,3_00_0
29204,3_00_0
29205,1_00_0
29206,3_00_0
29207,1_00_0
29208,1_00_0
29209,1_00_0
29210,4_00_0
29211,3_b7_1
29212,3_00_0
29213,6_00_0
29214,1_00_0
29215,1_00_0
29216,3_00_0
29217,3_00_0
29219,3_b6_1
29220,3_a9_1
29221,5_a7_2
29222,6_00_0
29224,3_00_0
29225,2_a5_2
29226,3_00_0
29227,4_00_0
29228,4_00_0
29230,3_b3_1
29231,3_a9_1
29232,5_a7_2
29233,3_00_0
29234,1_00_0
29235,3_00_0
29236,3_00_0
29237,5_b6_1
29238,4_00_0
29239,3_00_0
29240,4_00_0
29241,1_00_0
29242,1_00_0
29243,3_00_0
29244,1_00_0
29245,3_00_0
29246,3_00_0
29247,3_00_0
29248,1_00_0
29249,3_00_0
29250,6_a12_2
29251,3_b7_1
29252,5_a7_2
29254,3_00_0
29255,1_00_0
29256,5_b7_1
29257,1_00_0
29258,1_00_0
29259,6_00_0
29260,3_b7_1
29261,6_00_0
29262,6_00_0
29263,1_00_0
29264,3_b6_1
29265,5_b7_1
29266,3_a9_2
29267,4_00_0
29268,3_b7_1
29269,5_b8_1
29270,4_00_0
29271,4_00_0
29272,3_b8_1
29273,1_00_0
29274,4_00_0
29275,6_00_0
29276,3_00_0
29277,2_a5_2
29278,3_b6_1
29279,1_00_0
29280,4_00_0
29281,4_00_0
29283,3_00_0
29284,1_00_0
29285,4_00_0
29286,6_00_0
29287,5_b6_1
29288,4_00_0
29289,6_00_0
29290,5_b7_1
29291,4_00_0
29292,4_00_0
29293,3_00_0
29294,1_00_0
29295,4_00_0
29296,3_a9_2
29297,6_00_0
29298,4_00_0
29299,3_00_0
29300,3_b6_1
29301,1_00_0
29302,6_a12_1
29303,4_00_0
29304,4_00_0
29305,3_00_0
29306,2_a5_2
29307,6_a11_1
29308,3_b7_1
29309,6_00_0
29310,3_00_0
29312,6_00_0
29313,6_00_0
29314,3_a9_1
29315,6_00_0
29316,3_b7_1
29317,6_00_0
29318,3_a9_2
29319,1_00_0
29320,6_00_0
29321,4_00_0
29322,4_00_0
29323,3_b6_1
29324,6_a11_1
29325,2_00_0
29326,4_00_0
29327,5_b6_1
29328,3_a9_1
29329,3_00_0
29330,3_b8_1
29331,6_00_0
29332,3_00_0
29333,3_a9_2
29335,4_00_0
29336,4_00_0
29337,3_00_0
29338,3_b8_1
29339,3_00_0
29340,6_00_0
29341,3_00_0
29342,3_b6_1
29343,3_a9_1
29344,3_b6_1
29345,3_b8_1
29346,1_00_0
29348,5_b7_1
29349,6_00_0
29350,3_00_0
29351,4_00_0
29352,3_a9_1
29353,3_b8_1
29354,6_00_0
29355,5_b7_1
29356,6_00_0
29357,4_00_0
29358,3_a9_2
29359,3_00_0
29360,6_a11_1
29361,6_a12_2
29362,4_00_0
29363,3_00_0
29364,2_a5_2
29365,6_00_0
29366,3_00_0
29367,6_00_0
29370,1_00_0
29371,1_00_0
29372,3_00_0
29373,3_b6_1
29374,3_a9_1
29375,1_00_0
29376,3_00_0
29377,3_b3_1
29378,6_00_0
29379,6_a11_1
29380,3_00_0
29381,3_00_0
29382,3_b3_1
29383,2_a5_2
29384,5_a7_2
29385,3_b8_1
29386,1_00_0
29387,2_a5_2
29388,3_00_0
29389,4_00_0
29390,5_a7_2
29391,5_b8_1
29392,3_b6_1
29393,2_a5_2
29394,3_00_0
29396,2_a5_2
29397,3_b7_1
29398,6_00_0
29399,2_00_0
29400,3_00_0
29401,4_00_0
29402,3_00_0
29403,3_b3_1
29404,6_a12_2
29405,1_00_0
29406,4_00_0
29408,6_00_0
29409,6_a12_1
29410,1_00_0
29411,4_00_0
29412,1_00_0
29413,3_b8_1
29414,3_00_0
29415,3_b3_1
29416,4_00_0
29417,4_00_0
29418,4_00_0
29419,3_00_0
29420,5_b6_1
29421,3_b3_1
29422,4_00_0
29423,5_b7_1
29424,6_00_0
29425,3_a9_1
29426,3_00_0
29427,5_b6_1
29428,3_00_0
29429,3_b3_1
29430,3_00_0
29431,6_00_0
29432,3_00_0
29433,5_b6_1
29434,1_00_0
29435,3_b7_1
29436,3_b3_1
29437,6_00_0
29439,6_00_0
29440,1_00_0
29441,6_00_0
29442,3_b7_1
29443,1_00_0
29444,3_b3_1
29445,1_00_0
29446,3_00_0
29447,1_00_0
29448,3_b7_1
29449,5_b7_1
29451,2_00_0
29452,3_00_0
29453,4_00_0
29455,3_00_0
29456,1_00_0
29457,1_00_0
29458,1_00_0
29459,3_00_0
29460,3_00_0
29462,6_00_0
29464,6_00_0
29465,3_b6_1
29466,6_00_0
29467,4_00_0
29468,4_00_0
29469,4_00_0
29470,3_b8_1
29471,3_00_0
29472,3_00_0
29473,6_00_0
29474,5_b6_1
29475,5_b6_1
29476,3_a9_2
29477,3_b6_1
29478,3_00_0
29479,1_00_0
29481,5_a7_2
29482,4_00_0
29483,6_00_0
29484,3_b8_1
29485,3_00_0
29486,1_00_0
29487,4_00_0
29488,3_a9_2
29489,3_a9_2
29490,1_00_0
29491,3_00_0
29492,1_00_0
29493,2_a5_2
29494,4_00_0
29495,3_00_0
29496,4_00_0
29497,6_00_0
29498,1_00_0
29499,4_00_0
29500,4_00_0
29501,4_00_0
29502,3_a9_1
29503,2_a5_2
29504,1_00_0
29505,3_00_0
29506,1_00_0
29507,3_b8_1
29508,3_00_0
29509,1_00_0
29510,3_00_0
29511,2_a5_2
29512,6_00_0
29514,6_00_0
29515,6_00_0
29516,1_00_0
29517,4_00_0
29518,4_00_0
29519,5_b7_1
29520,3_00_0
29521,6_00_0
29522,4_00_0
29523,3_00_0
29524,6_00_0
29525,3_00_0
29526,3_00_0
29527,1_00_0
29529,6_00_0
29530,3_00_0
29532,6_00_0
29533,1_00_0
29534,6_00_0
29535,3_00_0
29536,3_b3_1
29537,4_00_0
29538,5_b8_1
29541,2_00_0
29542,4_00_0
29543,3_00_0
29544,5_00_0
29545,3_00_0
29546,4_00_0
29547,3_00_0
29548,4_00_0
29549,6_00_0
29550,3_00_0
29551,6_00_0
29552,4_00_0
29553,3_00_0
29554,3_00_0
29555,4_00_0
29556,3_00_0
29557,3_b6_1
29558,4_00_0
29559,3_a9_1
29560,3_b3_1
29562,6_00_0
29564,1_00_0
29565,5_b6_1
29566,4_00_0
29568,3_b6_1
29569,4_00_0
29570,1_00_0
29571,3_a9_1
29572,4_00_0
29573,3_a9_1
29574,3_00_0
29575,1_00_0
29576,3_00_0
29578,3_00_0
29579,1_00_0
29581,1_00_0
29582,4_00_0
29583,4_00_0
29584,3_b6_1
29585,4_00_0
29586,3_00_0
29587,6_00_0
29588,6_00_0
29589,3_00_0
29590,3_b3_1
29591,3_00_0
29592,3_00_0
29593,1_00_0
29595,5_b7_1
29596,6_00_0
29597,3_00_0
29599,6_00_0
29600,6_00_0
29601,3_00_0
29602,3_00_0
29603,4_00_0
29604,3_00_0
29605,3_00_0
29606,3_00_0
29607,2_00_0
29608,4_00_0
29609,3_b8_1
29610,4_00_0
29611,3_00_0
29612,3_b6_1
29613,3_b8_1
29614,3_a9_2
29615,1_00_0
29616,4_00_0
29617,5_b6_1
29619,1_00_0
29620,6_00_0
29621,1_00_0
29622,1_00_0
29623,1_00_0
29624,4_00_0
29625,1_00_0
29626,3_a9_1
29627,6_00_0
29628,6_00_0
29629,1_00_0
29630,3_a9_2
29631,2_00_0
29632,2_a5_2
29633,3_b8_1
29634,6_00_0
29635,6_00_0
29636,3_b8_1
29637,6_00_0
29640,5_b7_1
29641,1_00_0
29642,1_00_0
29643,1_00_0
29644,5_b8_1
29645,5_b6_1
29646,6_00_0
29647,1_00_0
29649,1_00_0
29650,3_00_0
29651,5_b8_1
29652,6_00_0
29653,5_b6_1
29654,4_00_0
29655,6_a11_1
29657,6_00_0
29658,3_00_0
29659,3_b6_1
29660,3_b7_1
29661,3_00_0
29662,6_00_0
29663,1_00_0
29664,3_a9_1
29665,4_00_0
29666,3_b3_1
29668,2_a5_2
29669,1_00_0
29670,6_b4_3
29671,6_a11_1
29672,3_b7_1
29673,3_00_0
29674,1_00_0
29675,3_a9_1
29676,5_b7_1
29677,3_00_0
29678,3_00_0
29679,3_00_0
29680,1_00_0
29681,5_b8_1
29682,3_00_0
29683,4_00_0
29685,3_00_0
29686,3_b7_1
29688,1_00_0
29689,1_00_0
29690,4_00_0
29691,6_00_0
29692,1_00_0
29694,3_00_0
29697,1_00_0
29698,1_00_0
29699,3_00_0
29700,4_00_0
29701,3_b6_1
29702,5_b7_1
29703,1_00_0
29704,4_00_0
29705,3_00_0
29706,3_b8_1
29707,1_00_0
29708,5_b7_1
29709,3_b8_1
29710,3_00_0
29711,5_b8_1
29712,3_a9_1
29713,3_00_0
29714,3_00_0
29715,4_00_0
29716,6_00_0
29717,6_00_0
29718,6_00_0
29719,3_b6_1
29720,3_00_0
29723,4_00_0
29724,6_00_0
29725,5_b6_1
29726,2_a5_2
29728,6_00_0
29729,4_00_0
29730,3_a9_1
29731,3_a9_2
29732,6_00_0
29733,3_00_0
29735,5_b6_1
29736,5_b7_1
29737,3_a9_2
29738,4_00_0
29739,4_00_0
29740,5_b6_1
29741,4_00_0
29742,2_00_0
29743,6_00_0
29744,3_00_0
29745,3_00_0
29746,3_b3_1
29747,5_b8_1
29748,1_00_0
29749,1_00_0
29750,4_00_0
29751,6_00_0
29752,6_00_0
29753,1_00_0
29754,6_a11_1
29755,3_a9_1
29756,6_00_0
29757,2_a5_2
29758,4_00_0
29759,3_00_0
29761,6_00_0
29763,1_00_0
29764,2_a5_2
29765,6_a12_1
29766,6_b4_1
29768,5_b6_1
29769,1_00_0
29770,3_00_0
29771,3_00_0
29772,3_00_0
29773,5_b7_1
29774,3_b7_1
29775,3_a9_1
29776,5_b8_1
29777,3_00_0
29778,6_00_0
29779,5_a7_2
29780,4_00_0
29781,3_00_0
29782,4_00_0
29783,4_00_0
29784,4_00_0
29785,4_00_0
29786,3_00_0
29787,4_00_0
29789,3_b3_1
29790,5_b6_1
29791,1_00_0
29792,3_00_0
29793,4_00_0
29794,4_00_0
29795,4_00_0
29796,4_00_0
29797,1_00_0
29798,4_00_0
29799,3_00_0
29800,3_b3_1
29801,4_00_0
29802,6_00_0
29803,5_b7_1
29804,3_00_0
29805,4_00_0
29806,3_b3_1
29807,3_00_0
29808,6_00_0
29810,3_b6_1
29811,6_00_0
29812,1_00_0
29813,3_00_0
29814,2_a5_2
29815,4_00_0
29816,3_b6_1
29817,4_00_0
29818,6_00_0
29819,6_00_0
29820,6_00_0
29821,3_a9_1
29822,6_00_0
29823,3_00_0
29824,1_00_0
29825,2_a5_2
29826,6_a12_1
29827,3_00_0
29828,5_b8_1
29829,4_00_0
29830,3_00_0
29831,5_b6_1
29832,3_00_0
29833,3_b8_1
29834,3_b8_1
29835,1_00_0
29836,1_00_0
29838,3_a9_1
29839,4_00_0
29840,2_00_0
29841,1_00_0
29842,4_00_0
29843,3_b7_1
29844,2_a5_2
29845,3_00_0
29846,4_00_0
29847,1_00_0
29848,4_00_0
29849,4_00_0
29850,4_00_0
29852,1_00_0
29853,6_00_0
29855,3_a9_2
29856,1_00_0
29857,3_b6_1
29858,1_00_0
29859,6_00_0
29860,3_00_0
29861,3_b6_1
29863,1_00_0
29864,3_a9_1
29865,3_00_0
29866,3_00_0
29867,3_b7_1
29868,3_00_0
29869,3_00_0
29870,6_00_0
29871,1_00_0
29872,5_b8_1
29873,6_00_0
29874,5_b7_1
29875,6_00_0
29876,4_00_0
29877,3_b8_1
29878,5_b8_1
29879,3_b7_1
29880,3_00_0
29881,6_00_0
29882,3_b7_1
29883,6_00_0
29884,3_a9_2
29885,3_b7_1
29887,3_a9_2
29889,2_00_0
29890,6_00_0
29891,3_00_0
29892,1_00_0
29894,1_00_0
29895,3_00_0
29896,1_00_0
29897,1_00_0
29898,1_00_0
29900,2_00_0
29901,2_00_0
29902,6_00_0
29903,3_00_0
29905,4_00_0
29907,3_b8_1
29908,3_00_0
29911,1_00_0
29912,3_00_0
29913,1_00_0
29914,3_00_0
29916,3_00_0
29917,2_a5_2
29918,1_00_0
29919,3_00_0
29920,5_b8_1
29921,3_00_0
29922,6_b4_3
29923,6_00_0
29924,6_00_0
29925,4_00_0
29926,6_00_0
29928,3_00_0
29929,4_00_0
29930,3_b3_1
29931,4_00_0
29932,6_a12_2
29933,3_b7_1
29934,6_a12_1
29935,1_00_0
29936,5_b6_1
29937,3_00_0
29938,4_00_0
29940,1_00_0
29944,5_b8_1
29946,2_a5_2
29947,6_00_0
29948,5_b7_1
29949,3_00_0
29950,3_00_0
29951,5_a7_2
29952,3_00_0
29953,3_00_0
29955,1_00_0
29957,3_00_0
29958,5_b6_1
29959,1_00_0
29961,3_00_0
29962,2_00_0
29963,3_b3_1
29964,1_00_0
29966,3_00_0
29967,1_00_0
29968,3_00_0
29970,6_00_0
29972,1_00_0
29973,3_00_0
29974,1_00_0
29975,3_00_0
29976,3_b7_1
29977,3_a9_2
29978,6_00_0
29979,3_a9_2
29980,5_b6_1
29981,3_00_0
29982,4_00_0
29983,1_00_0
29984,1_00_0
29985,3_00_0
29986,3_00_0
29987,2_a5_2
29988,4_00_0
29990,6_00_0
29991,6_00_0
29992,3_00_0
29993,1_00_0
29994,4_00_0
29996,6_00_0
29997,3_a9_2
29998,3_00_0
29999,4_00_0
30000,1_00_0
30001,3_00_0
30002,3_a9_1
30003,3_00_0
30004,3_00_0
30006,4_00_0
30007,3_a9_3
30008,6_b4_3
30009,4_00_0
30010,4_00_0
30011,6_00_0
30012,4_00_0
30014,3_00_0
30015,6_00_0
30016,3_b6_1
30017,3_00_0
30018,4_00_0
30019,5_a7_2
30020,4_00_0
30021,3_00_0
30022,3_a9_2
30023,2_00_0
30024,3_b3_1
30025,4_00_0
30026,5_00_0
30029,3_b8_1
30030,6_00_0
30031,5_b6_1
30032,3_00_0
30033,4_00_0
30034,4_00_0
30036,3_00_0
30037,6_00_0
30038,6_00_0
30039,2_a5_2
30041,6_00_0
30043,5_b8_1
30044,3_a9_1
30045,1_00_0
30046,5_b6_1
30048,1_00_0
30049,3_a9_3
30050,5_b8_1
30052,6_00_0
30053,4_00_0
30054,3_00_0
30055,3_00_0
30056,2_00_0
30057,5_b6_1
30058,1_00_0
30059,5_b6_1
30060,3_00_0
30061,5_00_0
30062,4_00_0
30063,4_00_0
30065,5_a7_2
30066,3_a9_1
30067,3_00_0
30068,3_00_0
30069,5_b7_1
30070,6_00_0
30072,6_00_0
30073,6_00_0
30074,3_a9_1
30076,4_00_0
30077,4_00_0
30078,3_00_0
30079,1_00_0
30080,3_b7_1
30081,4_00_0
30082,3_00_0
30083,3_a9_2
30084,5_b7_1
30085,3_00_0
30086,1_00_0
30087,3_00_0
30088,4_00_0
30089,4_00_0
30090,2_a5_2
30091,3_00_0
30092,3_00_0
30093,4_00_0
30094,6_00_0
30095,4_00_0
30096,3_00_0
30097,3_00_0
30098,1_00_0
30100,4_00_0
30101,2_a5_2
30102,3_b8_1
30103,3_b6_1
30104,3_b6_1
30105,4_00_0
30106,3_00_0
30107,5_b6_1
30108,6_00_0
30109,6_00_0
30110,3_00_0
30111,6_b4_3
30112,2_00_0
30113,3_00_0
30114,4_00_0
30115,1_00_0
30116,1_00_0
30117,3_00_0
30118,1_00_0
30119,1_00_0
30120,4_00_0
30121,1_00_0
30122,1_00_0
30123,1_00_0
30124,6_00_0
30125,2_00_0
30126,3_00_0
30127,2_00_0
30128,1_00_0
30129,3_00_0
30130,6_a12_2
30131,5_b6_1
30132,5_b6_1
30133,6_00_0
30134,4_00_0
30135,6_a12_1
30136,3_00_0
30137,3_00_0
30138,5_b6_1
30139,5_b8_1
30140,6_00_0
30141,5_b7_1
30142,6_a11_2
30143,3_00_0
30144,6_00_0
30145,5_a7_2
30146,6_00_0
30147,1_00_0
30148,3_00_0
30149,4_00_0
30150,6_a12_2
30151,4_00_0
30154,1_00_0
30155,4_00_0
30156,3_00_0
30157,4_00_0
30158,2_00_0
30159,6_00_0
30160,3_00_0
30161,2_a5_2
30162,6_00_0
30163,4_00_0
30164,1_00_0
30165,6_00_0
30166,3_a9_1
30167,3_00_0
30168,4_00_0
30169,3_a9_1
30170,1_00_0
30171,3_a9_1
30172,6_00_0
30173,2_00_0
30175,4_00_0
30176,3_b8_1
30177,3_00_0
30178,3_00_0
30179,3_b8_1
30181,5_b7_1
30182,1_00_0
30183,6_b4_1
30184,3_00_0
30185,2_00_0
30186,6_00_0
30187,6_00_0
30188,5_b8_1
30189,5_b7_1
30190,3_b6_1
30191,3_00_0
30192,4_00_0
30193,3_00_0
30194,3_00_0
30195,3_b7_1
30196,1_00_0
30197,6_00_0
30198,6_00_0
30199,6_00_0
30200,3_00_0
30201,4_00_0
30202,5_b6_1
30203,1_00_0
30204,6_00_0
30205,3_00_0
30206,5_b6_1
30207,3_b8_1
30208,5_b7_1
30209,5_b6_1
30210,6_00_0
30212,3_00_0
30213,6_a11_1
30214,2_a5_2
30215,6_00_0
30216,1_00_0
30217,3_00_0
30218,4_00_0
30219,3_b3_1
30220,3_00_0
30221,3_a9_1
30222,1_00_0
30223,4_00_0
30224,6_00_0
30225,3_a9_2
30226,3_00_0
30227,3_00_0
30229,5_b6_1
30230,3_b7_1
30232,6_00_0
30233,3_00_0
30234,3_a9_1
30235,5_b7_1
30237,6_00_0
30238,5_b6_1
30239,6_b4_1
30240,6_a11_1
30241,4_00_0
30243,3_00_0
30244,3_00_0
30245,3_00_0
30246,1_00_0
30248,1_00_0
30249,4_00_0
30250,6_00_0
30251,3_b6_1
30253,1_00_0
30254,5_b6_1
30256,4_00_0
30257,1_00_0
30258,3_00_0
30259,6_00_0
30260,3_00_0
30261,4_00_0
30262,3_b8_1
30263,3_b8_1
30264,4_00_0
30265,6_00_0
30266,6_00_0
30267,3_00_0
30268,6_00_0
30269,3_b7_1
30270,6_00_0
30271,3_b6_1
30272,4_00_0
30273,3_00_0
30274,3_00_0
30275,6_00_0
30276,1_00_0
30277,4_00_0
30278,5_a7_2
30279,1_00_0
30280,6_a12_1
30281,2_a5_2
30282,3_a9_2
30284,2_a5_2
30285,4_00_0
30286,4_00_0
30287,3_b3_1
30288,1_00_0
30289,4_00_0
30290,1_00_0
30291,2_a5_2
30292,1_00_0
30293,3_a9_2
30294,3_00_0
30295,1_00_0
30296,3_00_0
30297,3_00_0
30298,3_00_0
30299,4_00_0
30300,1_00_0
30301,3_a9_2
30302,6_00_0
30304,4_00_0
30305,4_00_0
30307,3_00_0
30308,3_00_0
30309,6_00_0
30311,4_00_0
30312,3_b7_1
30313,1_00_0
30314,5_b6_1
30316,6_00_0
30317,6_00_0
30318,6_00_0
30319,1_00_0
30320,1_00_0
30321,1_00_0
30322,4_00_0
30323,4_00_0
30324,5_b6_1
30325,1_00_0
30326,6_00_0
30327,4_00_0
30328,2_a5_2
30329,2_00_0
30330,2_a5_2
30331,1_00_0
30332,1_00_0
30333,3_00_0
30334,3_00_0
30335,1_00_0
30337,4_00_0
30338,3_b3_1
30339,6_a11_1
30340,6_00_0
30341,3_00_0
30343,6_00_0
30344,5_b7_1
30345,3_00_0
30346,3_00_0
30347,3_00_0
30348,1_00_0
30349,3_00_0
30350,3_00_0
30351,3_00_0
30352,4_00_0
30353,1_00_0
30354,5_b7_1
30355,5_b8_1
30356,4_00_0
30357,6_00_0
30358,6_00_0
30359,3_00_0
30360,3_b7_1
30361,3_00_0
30362,3_00_0
30363,3_00_0
30364,1_00_0
30365,4_00_0
30366,4_00_0
30367,6_00_0
30370,3_b7_1
30371,3_00_0
30372,1_00_0
30374,4_00_0
30375,1_00_0
30376,3_00_0
30377,3_00_0
30378,3_00_0
30379,3_b7_1
30380,1_00_0
30381,1_00_0
30382,1_00_0
30383,6_00_0
30384,3_b7_1
30385,3_00_0
30386,3_b8_1
30387,5_00_0
30388,1_00_0
30389,3_a9_3
30390,3_00_0
30391,4_00_0
30392,6_00_0
30393,3_00_0
30394,6_00_0
30395,5_b7_1
30396,2_00_0
30397,6_00_0
30398,4_00_0
30399,3_00_0
30400,6_00_0
30401,3_00_0
30402,3_00_0
30403,3_b6_1
30405,4_00_0
30406,3_00_0
30407,5_a7_2
30408,4_00_0
30409,3_b3_1
30410,1_00_0
30411,5_a7_2
30412,3_00_0
30413,1_00_0
30414,5_b7_1
30415,3_00_0
30416,3_00_0
30417,6_00_0
30418,4_00_0
30419,4_00_0
30420,6_a11_1
30421,2_a5_2
30423,3_b3_1
30424,5_b6_1
30425,2_a5_2
30426,3_00_0
30427,3_b8_1
30428,1_00_0
30430,6_a12_2
30431,3_b7_1
30432,4_00_0
30433,5_a7_2
30434,3_00_0
30435,3_00_0
30436,4_00_0
30437,4_00_0
30438,6_b4_1
30439,1_00_0
30440,6_00_0
30441,5_00_0
30442,1_00_0
30443,3_00_0
30444,3_00_0
30445,1_00_0
30446,6_00_0
30449,6_00_0
30450,6_00_0
30451,6_00_0
30452,3_b6_1
30453,3_b8_1
30454,5_b7_1
30455,3_b7_1
30457,2_a5_2
30458,3_a9_1
30459,6_00_0
30460,4_00_0
30461,2_00_0
30462,3_a9_1
30463,3_a9_1
30465,6_b4_3
30466,3_00_0
30467,3_b3_1
30469,5_b8_1
30470,3_00_0
30471,5_b8_1
30474,3_00_0
30475,3_b3_1
30476,6_00_0
30477,2_00_0
30479,4_00_0
30480,5_b8_1
30481,4_00_0
30482,3_b8_1
30483,1_00_0
30486,6_00_0
30487,6_00_0
30488,1_00_0
30489,1_00_0
30490,3_00_0
30491,5_00_0
30492,1_00_0
30493,2_00_0
30494,6_00_0
30495,6_00_0
30496,3_00_0
30497,5_b7_1
30498,3_b3_1
30499,5_00_0
30500,4_00_0
30501,3_00_0
30502,4_00_0
30503,3_b6_1
30504,6_00_0
30505,1_00_0
30506,1_00_0
30507,6_00_0
30508,4_00_0
30509,1_00_0
30511,3_00_0
30513,3_00_0
30514,6_00_0
30515,4_00_0
30516,1_00_0
30517,6_00_0
30518,3_b8_1
30519,6_00_0
30520,3_00_0
30521,3_b7_1
30522,3_b3_1
30523,5_b7_1
30524,1_00_0
30525,6_a11_1
30526,4_00_0
30527,4_00_0
30528,3_a9_2
30529,5_b6_1
30530,3_b6_1
30531,2_a5_2
30532,3_b7_1
30533,4_00_0
30534,3_b6_1
30535,1_00_0
30537,4_00_0
30538,4_00_0
30539,2_a5_2
30540,6_00_0
30541,3_00_0
30542,4_00_0
30543,6_00_0
30545,5_b8_1
30547,3_a9_3
30548,4_00_0
30549,1_00_0
30550,4_00_0
30551,3_a9_2
30552,3_00_0
30553,4_00_0
30554,6_a12_1
30555,3_00_0
30556,3_00_0
30558,1_00_0
30559,1_00_0
30560,4_00_0
30561,3_00_0
30562,3_00_0
30563,6_00_0
30564,5_00_0
30565,3_a9_2
30566,3_00_0
30567,6_b4_3
30570,3_00_0
30571,4_00_0
30572,3_00_0
30573,4_00_0
30574,1_00_0
30575,3_b6_1
30576,3_00_0
30577,4_00_0
30578,6_00_0
30579,3_00_0
30580,5_00_0
30581,3_00_0
30582,6_00_0
30583,3_00_0
30584,4_00_0
30585,3_a9_1
30586,4_00_0
30588,3_00_0
30589,5_b6_1
30590,5_b8_1
30591,1_00_0
30592,3_00_0
30593,3_b7_1
30594,3_00_0
30595,4_00_0
30596,3_a9_2
30597,4_00_0
30598,3_b7_1
30599,1_00_0
30600,1_00_0
30601,3_00_0
30602,3_00_0
30603,6_00_0
30604,4_00_0
30605,3_b3_1
30606,4_00_0
30607,1_00_0
30608,4_00_0
30611,1_00_0
30612,4_00_0
30613,5_b8_1
30614,1_00_0
30615,2_00_0
30616,2_00_0
30617,6_00_0
30618,4_00_0
30619,6_00_0
30620,1_00_0
30621,5_b6_1
30622,3_a9_1
30623,6_00_0
30624,5_b8_1
30625,3_00_0
30626,6_a12_2
30627,6_00_0
30628,2_a5_2
30629,2_a5_2
30630,6_00_0
30632,3_00_0
30633,3_00_0
30634,3_00_0
30635,3_00_0
30636,4_00_0
30637,6_00_0
30638,4_00_0
30639,3_b8_1
30640,5_b8_1
30641,3_00_0
30643,3_00_0
30644,3_a9_1
30645,2_a5_2
30647,3_00_0
30648,4_00_0
30649,3_00_0
30650,4_00_0
30651,4_00_0
30652,3_00_0
30654,6_00_0
30655,6_00_0
30656,5_b8_1
30657,6_00_0
30658,6_00_0
30659,6_00_0
30660,3_b7_1
30661,6_00_0
30662,4_00_0
30663,4_00_0
30664,1_00_0
30665,2_00_0
30666,1_00_0
30667,3_b3_1
30668,2_00_0
30669,4_00_0
30670,6_00_0
30671,6_00_0
30672,3_00_0
30673,3_a9_2
30674,3_a9_3
30675,3_b6_1
30676,5_b6_1
30677,2_00_0
30678,3_a9_1
30679,1_00_0
30680,3_a9_1
30681,6_00_0
30682,3_00_0
30683,3_00_0
30684,3_00_0
30686,3_b8_1
30687,3_b8_1
30688,5_b8_1
30689,3_00_0
30690,3_b8_1
30691,4_00_0
30692,3_00_0
30693,4_00_0
30694,3_b3_1
30695,1_00_0
30697,3_00_0
30699,3_00_0
30700,1_00_0
30701,3_00_0
30702,5_b8_1
30703,6_00_0
30704,5_00_0
30705,1_00_0
30706,4_00_0
30707,3_00_0
30708,2_a5_2
30709,5_00_0
30710,1_00_0
30712,1_00_0
30713,2_a5_2
30714,1_00_0
30715,3_b3_1
30716,4_00_0
30717,3_00_0
30718,6_a11_1
30719,3_a9_2
30720,2_a5_2
30721,1_00_0
30722,3_00_0
30723,3_b8_1
30724,3_00_0
30725,3_00_0
30726,1_00_0
30727,3_b6_1
30728,3_00_0
30729,3_00_0
30730,4_00_0
30733,4_00_0
30734,3_b3_1
30735,1_00_0
30736,3_a9_2
30738,6_00_0
30740,4_00_0
30741,1_00_0
30742,1_00_0
30743,3_00_0
30744,1_00_0
30745,6_00_0
30746,6_00_0
30747,4_00_0
30748,2_a5_2
30749,4_00_0
30750,6_00_0
30752,3_a9_2
30753,3_00_0
30754,6_00_0
30755,3_a9_2
30756,4_00_0
30757,3_00_0
30758,1_00_0
30759,3_00_0
30761,3_00_0
30762,3_00_0
30763,6_00_0
30764,1_00_0
30765,4_00_0
30766,5_b7_1
30768,6_00_0
30769,3_a9_2
30770,3_00_0
30771,2_a5_2
30772,5_a7_2
30773,3_b6_1
30774,3_00_0
30775,3_00_0
30776,3_b7_1
30777,2_a5_2
30778,3_b7_1
30779,3_b6_1
30780,3_00_0
30781,2_a5_2
30782,3_00_0
30783,5_a7_2
30785,4_00_0
30786,6_00_0
30787,5_b7_1
30788,4_00_0
30789,3_b8_1
30790,1_00_0
30791,1_00_0
30792,4_00_0
30793,4_00_0
30795,3_00_0
30796,6_00_0
30797,6_00_0
30799,1_00_0
30800,4_00_0
30801,4_00_0
30802,1_00_0
30803,3_00_0
30804,3_b3_1
30805,3_00_0
30806,5_a7_2
30807,3_a9_2
30808,5_b8_1
30809,6_00_0
30810,4_00_0
30811,6_00_0
30812,3_a9_1
30813,1_00_0
30814,3_00_0
30815,3_a9_2
30816,1_00_0
30817,5_b8_1
30818,6_a12_2
30819,2_a5_2
30820,3_00_0
30821,6_00_0
30822,6_00_0
30823,6_00_0
30824,3_b6_1
30825,6_00_0
30826,5_00_0
30827,1_00_0
30828,6_00_0
30830,3_00_0
30831,5_b7_1
30832,6_00_0
30833,6_b4_1
30834,4_00_0
30835,1_00_0
30836,3_00_0
30837,6_00_0
30838,4_00_0
30839,1_00_0
30840,3_00_0
30841,1_00_0
30842,5_a7_2
30843,1_00_0
30845,3_00_0
30846,2_a5_2
30847,3_a9_1
30848,3_a9_1
30850,3_00_0
30851,4_00_0
30852,6_00_0
30853,1_00_0
30854,4_00_0
30855,5_a7_2
30856,4_00_0
30857,4_00_0
30858,3_00_0
30859,1_00_0
30860,3_a9_1
30861,2_a5_2
30862,2_00_0
30863,3_00_0
30864,6_00_0
30865,2_00_0
30866,3_00_0
30868,3_a9_2
30869,4_00_0
30870,4_00_0
30871,6_00_0
30872,3_00_0
30873,4_00_0
30874,5_a7_2
30876,2_a5_2
30877,3_00_0
30878,2_00_0
30880,3_b3_1
30881,3_00_0
30882,4_00_0
30883,4_00_0
30884,6_00_0
30885,6_00_0
30886,4_00_0
30887,2_a5_2
30888,3_a9_2
30890,5_b6_1
30891,3_b6_1
30892,3_00_0
30893,1_00_0
30894,6_00_0
30895,1_00_0
30896,4_00_0
30897,3_b7_1
30898,1_00_0
30899,4_00_0
30900,3_a9_1
30901,1_00_0
30902,4_00_0
30904,6_00_0
30905,6_00_0
30906,3_00_0
30907,4_00_0
30908,2_00_0
30909,5_b6_1
30910,3_a9_1
30911,3_00_0
30912,3_b6_1
30913,6_00_0
30914,3_00_0
30915,4_00_0
30916,3_b7_1
30917,1_00_0
30918,1_00_0
30919,1_00_0
30920,6_00_0
30921,3_00_0
30923,5_b8_1
30924,2_a5_2
30925,3_b6_1
30926,4_00_0
30927,1_00_0
30928,3_b3_1
30929,6_00_0
30930,3_00_0
30932,6_00_0
30933,3_a9_2
30934,5_b6_1
30935,5_b6_1
30936,1_00_0
30937,3_00_0
30938,1_00_0
30939,2_a5_2
30940,3_a9_2
30941,3_a9_3
30942,2_00_0
30943,6_a12_2
30944,3_a9_2
30946,6_00_0
30949,6_00_0
30950,4_00_0
30951,3_a9_1
30952,3_00_0
30953,2_a5_2
30954,6_00_0
30955,6_b5_1
30956,3_00_0
30957,6_00_0
30958,4_00_0
30959,1_00_0
30960,1_00_0
30961,3_00_0
30962,3_00_0
30963,3_00_0
30965,3_00_0
30966,1_00_0
30967,3_b7_1
30968,3_00_0
30969,3_b3_1
30970,3_00_0
30971,6_00_0
30972,1_00_0
30973,4_00_0
30974,3_00_0
30976,4_00_0
30977,1_00_0
30978,6_00_0
30979,6_00_0
30980,3_a9_1
30982,5_b6_1
30983,6_00_0
30984,4_00_0
30985,1_00_0
30986,3_00_0
30987,3_b7_1
30988,3_00_0
30989,3_00_0
30990,3_00_0
30991,3_b6_1
30993,1_00_0
30994,4_00_0
30995,2_00_0
30996,3_a9_3
30997,3_00_0
30998,3_00_0
30999,6_00_0
31000,3_a9_2
31002,6_00_0
31003,4_00_0
31004,6_00_0
31005,3_00_0
31006,4_00_0
31007,4_00_0
31008,1_00_0
31009,4_00_0
31010,3_00_0
31011,1_00_0
31012,6_00_0
31013,3_a9_1
31014,6_00_0
31015,6_00_0
31016,4_00_0
31017,3_a9_2
31018,4_00_0
31019,5_b8_1
31020,3_00_0
31021,6_a12_1
31022,5_a7_2
31023,5_b6_1
31024,4_00_0
31025,3_b7_1
31026,3_00_0
31028,4_00_0
31029,3_b6_1
31030,2_a5_2
31031,4_00_0
31032,6_00_0
31033,3_00_0
31034,6_a11_2
31035,3_b6_1
31036,6_00_0
31037,3_a9_1
31038,3_b3_1
31039,1_00_0
31040,2_a5_2
31041,3_00_0
31042,3_b8_1
31043,3_00_0
31044,3_00_0
31045,3_00_0
31046,3_b6_1
31047,5_b7_1
31048,1_00_0
31049,1_00_0
31050,4_00_0
31051,3_00_0
31052,1_00_0
31053,3_a9_2
31054,3_a9_1
31055,3_00_0
31056,1_00_0
31057,3_b6_1
31058,6_00_0
31059,3_b6_1
31060,6_00_0
31061,3_00_0
31062,4_00_0
31064,6_00_0
31065,5_b6_1
31066,2_00_0
31067,6_00_0
31068,1_00_0
31070,3_a9_1
31071,6_00_0
31073,6_00_0
31074,4_00_0
31075,4_00_0
31076,5_b8_1
31077,6_00_0
31078,1_00_0
31079,3_00_0
31080,6_00_0
31081,5_b7_1
31082,3_00_0
31083,6_00_0
31084,4_00_0
31085,1_00_0
31086,6_00_0
31087,1_00_0
31088,3_00_0
31089,3_00_0
31090,3_00_0
31091,6_00_0
31092,5_a7_2
31094,1_00_0
31095,3_00_0
31096,3_00_0
31097,6_00_0
31098,4_00_0
31099,6_b5_1
31100,3_b8_1
31102,2_00_0
31104,3_a9_1
31105,1_00_0
31106,3_b8_1
31107,3_b6_1
31108,5_b7_1
31109,3_00_0
31110,4_00_0
31112,3_a9_2
31113,3_b8_1
31114,3_00_0
31115,6_00_0
31116,5_b8_1
31117,1_00_0
31118,6_00_0
31119,3_b6_1
31120,2_a5_2
31121,3_00_0
31122,5_b8_1
31123,6_00_0
31124,4_00_0
31125,4_00_0
31126,3_a9_2
31127,3_00_0
31128,5_b6_1
31129,4_00_0
31131,1_00_0
31132,1_00_0
31133,5_b7_1
31134,6_00_0
31135,1_00_0
31136,3_00_0
31137,3_00_0
31139,5_b6_1
31140,3_00_0
31141,3_b3_1
31142,3_b3_1
31144,3_a9_2
31145,3_00_0
31146,3_00_0
31147,4_00_0
31149,4_00_0
31151,3_00_0
31152,3_a9_1
31153,3_00_0
31154,4_00_0
31155,1_00_0
31156,4_00_0
31157,3_00_0
31158,4_00_0
31159,4_00_0
31160,4_00_0
31162,1_00_0
31163,3_00_0
31164,1_00_0
31165,5_b8_1
31166,4_00_0
31168,4_00_0
31169,1_00_0
31170,3_b3_1
31171,4_00_0
31173,3_00_0
31174,4_00_0
31175,3_a9_2
31176,3_a9_1
31177,4_00_0
31178,3_a9_2
31179,4_00_0
31180,6_00_0
31181,1_00_0
31182,3_00_0
31183,5_00_0
31184,4_00_0
31185,4_00_0
31186,6_b4_3
31187,3_00_0
31188,1_00_0
31189,6_00_0
31190,3_a9_2
31191,4_00_0
31192,6_00_0
31193,6_00_0
31194,6_00_0
31195,3_00_0
31197,2_a5_2
31198,6_b4_1
31199,3_b6_1
31200,4_00_0
31201,6_00_0
31202,1_00_0
31203,3_00_0
31204,3_b8_1
31207,4_00_0
31208,3_a9_1
31209,2_a5_2
31210,3_00_0
31211,1_00_0
31212,3_a9_2
31213,5_a7_2
31214,1_00_0
31215,3_00_0
31217,4_00_0
31218,6_00_0
31219,4_00_0
31220,1_00_0
31221,1_00_0
31222,3_00_0
31223,2_00_0
31224,2_a5_2
31225,4_00_0
31226,6_00_0
31227,5_b8_1
31228,3_b6_1
31229,3_b3_1
31230,6_00_0
31231,2_a5_2
31232,1_00_0
31234,2_00_0
31235,3_b3_1
31236,1_00_0
31237,6_00_0
31238,3_a9_1
31239,6_00_0
31240,5_b7_1
31241,5_b6_1
31242,5_b7_1
31244,6_00_0
31245,3_00_0
31246,4_00_0
31247,3_b6_1
31248,3_b3_1
31249,6_00_0
31250,3_b6_1
31252,4_00_0
31253,1_00_0
31254,6_00_0
31255,1_00_0
31256,3_00_0
31257,3_00_0
31258,3_a9_2
31259,1_00_0
31260,4_00_0
31262,3_b7_1
31265,6_00_0
31266,1_00_0
31267,3_00_0
31268,4_00_0
31269,4_00_0
31270,3_00_0
31271,2_a5_2
31272,1_00_0
31273,5_b6_1
31274,3_b3_1
31275,6_a12_2
31276,3_00_0
31277,2_00_0
31278,4_00_0
31279,6_00_0
31280,1_00_0
31281,5_b6_1
31282,6_00_0
31284,6_b4_3
31285,6_00_0
31286,3_00_0
31287,3_00_0
31288,6_00_0
31289,4_00_0
31290,6_00_0
31291,3_00_0
31292,3_00_0
31293,2_a5_2
31294,4_00_0
31295,3_00_0
31296,1_00_0
31297,6_00_0
31298,3_00_0
31299,3_00_0
31300,4_00_0
31301,3_b3_1
31302,3_00_0
31303,5_b8_1
31304,3_00_0
31305,6_a11_1
31306,4_00_0
31307,3_a9_1
31308,3_00_0
31309,3_00_0
31310,3_b6_1
31311,3_00_0
31312,6_00_0
31313,1_00_0
31315,3_00_0
31316,3_00_0
31317,3_b7_1
31318,3_00_0
31319,1_00_0
31323,6_00_0
31324,3_b8_1
31325,5_b6_1
31326,4_00_0
31328,6_a12_2
31329,6_00_0
31330,4_00_0
31331,6_00_0
31332,3_00_0
31333,2_00_0
31336,4_00_0
31337,5_b6_1
31338,2_00_0
31339,2_a5_2
31340,4_00_0
31341,4_00_0
31342,5_a7_2
31343,1_00_0
31344,4_00_0
31345,6_a11_2
31346,4_00_0
31347,5_a7_2
31348,3_00_0
31350,1_00_0
31351,3_00_0
31352,4_00_0
31353,1_00_0
31354,4_00_0
31355,3_00_0
31356,3_b6_1
31357,3_00_0
31358,3_a9_1
31359,3_00_0
31360,4_00_0
31361,3_00_0
31362,1_00_0
31363,5_b7_1
31364,4_00_0
31365,2_a5_2
31366,3_00_0
31367,3_00_0
31369,4_00_0
31370,5_a7_2
31371,6_00_0
31372,6_00_0
31373,5_b7_1
31374,3_a9_1
31375,3_b6_1
31376,3_00_0
31377,6_a12_2
31378,1_00_0
31379,4_00_0
31380,6_00_0
31381,5_b7_1
31382,3_00_0
31383,3_b6_1
31384,1_00_0
31385,3_00_0
31386,3_a9_2
31387,2_00_0
31389,2_a5_2
31390,1_00_0
31391,3_00_0
31392,3_a9_2
31393,2_a5_2
31394,4_00_0
31396,3_b8_1
31397,3_00_0
31398,4_00_0
31399,3_00_0
31400,1_00_0
31401,3_00_0
31402,4_00_0
31403,5_b7_1
31404,4_00_0
31405,1_00_0
31406,3_b8_1
31407,4_00_0
31408,3_b6_1
31409,6_00_0
31410,6_00_0
31411,5_b6_1
31412,2_a5_2
31413,6_00_0
31414,4_00_0
31415,3_b7_1
31416,3_00_0
31417,3_00_0
31418,3_b6_1
31419,3_b7_1
31420,4_00_0
31421,6_00_0
31422,3_00_0
31423,3_00_0
31424,1_00_0
31425,3_a9_1
31426,3_a9_2
31427,3_a9_2
31428,4_00_0
31429,5_a7_2
31430,5_b6_1
31431,5_a7_2
31432,4_00_0
31433,3_00_0
31434,4_00_0
31435,3_00_0
31436,3_00_0
31437,3_00_0
31439,3_00_0
31440,6_00_0
31441,4_00_0
31443,3_00_0
31445,6_00_0
31446,1_00_0
31447,2_a5_2
31448,4_00_0
31449,6_00_0
31450,3_00_0
31451,3_a9_1
31452,5_a7_2
31453,1_00_0
31454,4_00_0
31455,4_00_0
31456,3_b8_1
31457,1_00_0
31458,3_a9_2
31459,3_00_0
31461,3_00_0
31462,3_b6_1
31463,6_00_0
31464,3_00_0
31465,6_00_0
31466,1_00_0
31468,3_00_0
31469,3_b3_1
31470,1_00_0
31471,2_00_0
31472,3_b6_1
31474,1_00_0
31475,6_b4_1
31476,6_a11_1
31477,3_00_0
31479,4_00_0
31480,3_a9_1
31481,4_00_0
31482,6_b4_3
31483,3_00_0
31484,4_00_0
31485,3_00_0
31486,3_00_0
31487,3_00_0
31488,3_00_0
31489,4_00_0
31490,1_00_0
31491,1_00_0
31493,4_00_0
31494,3_b7_1
31495,3_00_0
31496,3_a9_2
31497,2_00_0
31498,6_00_0
31499,3_b3_1
31501,3_a9_1
31503,1_00_0
31504,6_00_0
31505,6_a12_2
31506,3_00_0
31507,6_00_0
31508,5_a7_2
31509,5_b8_1
31510,3_b7_1
31512,3_a9_2
31513,4_00_0
31515,1_00_0
31516,6_00_0
31517,4_00_0
31518,5_b7_1
31519,3_00_0
31520,4_00_0
31521,6_00_0
31522,3_00_0
31523,5_b8_1
31524,1_00_0
31525,3_00_0
31526,5_00_0
31527,4_00_0
31528,2_00_0
31529,6_00_0
31530,1_00_0
31531,6_00_0
31532,4_00_0
31533,3_b6_1
31534,4_00_0
31535,6_00_0
31536,2_a5_2
31537,4_00_0
31538,6_00_0
31539,6_00_0
31540,1_00_0
31541,3_b6_1
31542,1_00_0
31543,6_00_0
31544,3_b8_1
31545,1_00_0
31546,5_b7_1
31547,3_b3_1
31548,5_b8_1
31549,6_00_0
31550,1_00_0
31552,3_00_0
31554,4_00_0
31555,3_b6_1
31556,3_a9_2
31557,3_b3_1
31558,4_00_0
31559,3_00_0
31560,4_00_0
31561,2_a5_2
31562,3_b7_1
31563,6_a11_1
31564,3_00_0
31565,3_b7_1
31566,6_a11_1
31567,3_b6_1
31568,4_00_0
31569,3_a9_2
31570,6_00_0
31571,6_00_0
31572,1_00_0
31573,5_00_0
31574,5_b7_1
31575,5_b8_1
31576,1_00_0
31577,4_00_0
31578,3_00_0
31580,1_00_0
31582,6_a12_2
31583,6_00_0
31584,4_00_0
31585,5_b6_1
31586,3_00_0
31587,6_00_0
31588,6_00_0
31590,6_a12_1
31591,2_a5_2
31592,4_00_0
31593,3_00_0
31594,3_00_0
31596,3_b3_1
31598,5_b8_1
31599,3_00_0
31600,2_a5_2
31601,5_b6_1
31602,5_b6_1
31603,3_a9_1
31604,6_b5_1
31605,4_00_0
31606,3_00_0
31607,4_00_0
31608,2_a5_2
31609,3_00_0
31612,4_00_0
31614,3_00_0
31615,4_00_0
31616,5_b6_1
31617,3_b6_1
31618,1_00_0
31619,6_00_0
31620,4_00_0
31621,3_a9_2
31622,3_00_0
31623,4_00_0
31624,2_00_0
31625,3_00_0
31626,3_b6_1
31627,3_a9_2
31629,3_00_0
31630,6_00_0
31631,1_00_0
31632,4_00_0
31633,4_00_0
31634,3_00_0
31635,5_b6_1
31636,3_a9_1
31637,3_00_0
31638,3_00_0
31639,3_b7_1
31640,2_a5_2
31641,5_a7_2
31642,1_00_0
31643,6_00_0
31645,3_00_0
31646,6_b4_1
31648,2_00_0
31649,5_a7_2
31650,5_b6_1
31651,6_00_0
31652,6_00_0
31653,5_b6_1
31654,3_00_0
31655,3_00_0
31656,4_00_0
31657,3_b3_1
31658,4_00_0
31659,3_00_0
31660,3_b7_1
31661,3_a9_2
31662,3_00_0
31664,4_00_0
31665,6_00_0
31666,3_b6_1
31667,3_b8_1
31668,6_00_0
31669,6_00_0
31670,4_00_0
31671,3_a9_2
31672,1_00_0
31673,5_b6_1
31674,1_00_0
31675,3_00_0
31676,3_00_0
31677,3_00_0
31678,1_00_0
31681,6_00_0
31682,3_b6_1
31683,6_00_0
31684,6_00_0
31686,3_b3_1
31687,3_b7_1
31688,3_00_0
31689,6_00_0
31692,1_00_0
31693,3_a9_2
31694,5_b8_1
31695,2_a5_2
31696,5_b8_1
31697,5_b7_1
31698,4_00_0
31699,4_00_0
31700,1_00_0
31701,6_00_0
31702,5_a7_2
31703,4_00_0
31704,4_00_0
31705,3_a9_2
31706,3_00_0
31707,6_00_0
31709,1_00_0
31710,6_00_0
31711,3_00_0
31712,6_00_0
31714,2_00_0
31715,4_00_0
31716,3_b8_1
31717,1_00_0
31718,3_00_0
31719,1_00_0
31720,1_00_0
31721,3_b3_1
31722,1_00_0
31724,5_b6_1
31725,3_00_0
31726,6_00_0
31727,3_00_0
31728,3_00_0
31729,5_b8_1
31730,6_00_0
31732,6_b4_3
31733,3_b7_1
31734,1_00_0
31735,3_00_0
31736,1_00_0
31737,2_a5_2
31738,4_00_0
31739,4_00_0
31740,3_b7_1
31741,3_00_0
31742,3_00_0
31743,3_00_0
31745,3_b6_1
31746,3_a9_1
31747,4_00_0
31748,3_00_0
31749,5_b6_1
31750,1_00_0
31751,3_00_0
31752,4_00_0
31753,4_00_0
31755,3_b8_1
31757,5_00_0
31758,6_00_0
31759,3_a9_2
31761,2_a5_2
31762,3_00_0
31763,4_00_0
31764,6_00_0
31765,4_00_0
31766,4_00_0
31767,3_b6_1
31768,5_b6_1
31770,6_00_0
31771,1_00_0
31772,4_00_0
31773,5_b6_1
31774,6_00_0
31775,6_00_0
31776,5_00_0
31777,6_00_0
31778,3_00_0
31779,3_00_0
31780,5_00_0
31781,4_00_0
31783,2_00_0
31784,3_b6_1
31786,4_00_0
31788,1_00_0
31789,3_00_0
31790,4_00_0
31791,3_b7_1
31792,4_00_0
31793,3_00_0
31794,3_00_0
31795,4_00_0
31796,1_00_0
31797,6_00_0
31798,3_00_0
31799,6_00_0
31800,3_b6_1
31801,6_00_0
31802,5_b7_1
31803,4_00_0
31804,3_00_0
31805,2_a5_2
31806,4_00_0
31807,3_a9_1
31808,1_00_0
31809,4_00_0
31810,6_00_0
31811,3_00_0
31813,3_00_0
31814,4_00_0
31815,3_a9_1
31816,3_00_0
31817,4_00_0
31818,6_a11_1
31819,3_b7_1
31820,6_00_0
31821,1_00_0
31822,3_00_0
31823,3_00_0
31824,3_b6_1
31825,1_00_0
31826,3_b7_1
31827,3_00_0
31828,1_00_0
31829,2_00_0
31830,6_00_0
31831,1_00_0
31832,1_00_0
31833,3_00_0
31834,3_00_0
31835,6_00_0
31836,3_b7_1
31838,6_00_0
31839,3_00_0
31840,3_00_0
31841,3_a9_1
31842,4_00_0
31843,3_b3_1
31844,1_00_0
31845,2_a5_2
31846,1_00_0
31848,5_b7_1
31850,3_00_0
31851,6_00_0
31852,6_00_0
31853,3_b7_1
31854,1_00_0
31855,6_00_0
31856,4_00_0
31857,1_00_0
31858,4_00_0
31859,2_a5_2
31860,3_00_0
31861,3_00_0
31862,4_00_0
31863,3_b7_1
31864,4_00_0
31865,3_a9_2
31866,3_00_0
31868,3_00_0
31869,3_00_0
31870,6_00_0
31871,6_a12_2
31872,3_00_0
31874,1_00_0
31875,4_00_0
31876,1_00_0
31877,6_00_0
31878,3_00_0
31879,3_a9_1
31880,6_00_0
31881,5_b8_1
31882,6_00_0
31883,4_00_0
31884,1_00_0
31885,3_00_0
31887,2_00_0
31888,3_00_0
31889,1_00_0
31890,3_b7_1
31891,3_a9_2
31892,3_a9_1
31893,3_a9_1
31894,5_b6_1
31895,2_00_0
31896,6_00_0
31897,5_00_0
31898,3_b8_1
31899,3_00_0
31900,5_b6_1
31901,4_00_0
31903,3_a9_1
31904,3_00_0
31905,1_00_0
31906,2_a5_2
31907,4_00_0
31908,5_a7_2
31909,1_00_0
31910,1_00_0
31912,5_b6_1
31915,3_00_0
31916,5_b6_1
31917,4_00_0
31918,4_00_0
31919,6_00_0
31920,3_00_0
31921,3_b6_1
31922,3_00_0
31923,3_00_0
31924,4_00_0
31925,3_00_0
31926,3_00_0
31927,3_00_0
31928,6_00_0
31929,5_b8_1
31930,5_b6_1
31931,6_a11_1
31933,2_00_0
31934,1_00_0
31935,3_00_0
31936,3_00_0
31937,4_00_0
31938,6_00_0
31939,6_00_0
31940,3_00_0
31941,1_00_0
31942,2_00_0
31943,5_b7_1
31944,3_00_0
31945,6_00_0
31946,4_00_0
31947,2_00_0
31948,5_b7_1
31949,4_00_0
31950,3_00_0
31952,6_00_0
31954,6_00_0
31956,4_00_0
31957,1_00_0
31958,4_00_0
31959,6_00_0
31960,5_b8_1
31961,5_b6_1
31963,4_00_0
31964,3_00_0
31965,6_00_0
31966,5_b6_1
31967,4_00_0
31968,4_00_0
31969,3_b3_1
31970,3_00_0
31971,3_b8_1
31972,2_00_0
31973,6_00_0
31974,4_00_0
31975,3_00_0
31977,6_00_0
31978,3_00_0
31979,2_00_0
31981,4_00_0
31983,1_00_0
31984,3_b3_1
31985,3_00_0
31986,4_00_0
31987,4_00_0
31988,3_b3_1
31989,5_b6_1
31990,4_00_0
31991,4_00_0
31992,5_b6_1
31994,3_a9_1
31995,6_00_0
31996,3_b8_1
31997,3_b6_1
31999,1_00_0
32000,3_b7_1
32001,5_b6_1
32002,4_00_0
32004,6_00_0
32005,3_b7_1
32006,2_a5_2
32007,1_00_0
32008,3_00_0
32009,3_b6_1
32010,2_00_0
32011,6_00_0
32013,1_00_0
32014,1_00_0
32015,6_00_0
32016,3_a9_2
32017,3_00_0
32019,6_00_0
32020,1_00_0
32021,3_00_0
32023,4_00_0
32024,6_00_0
32025,3_00_0
32026,3_00_0
32028,4_00_0
32029,3_00_0
32030,5_00_0
32031,5_b8_1
32033,6_00_0
32034,3_00_0
32036,4_00_0
32037,4_00_0
32038,4_00_0
32039,6_00_0
32040,1_00_0
32041,6_00_0
32042,3_00_0
32043,1_00_0
32045,2_00_0
32046,3_a9_1
32047,3_00_0
32048,4_00_0
32049,6_00_0
32050,3_a9_2
32051,4_00_0
32052,3_00_0
32053,6_00_0
32054,6_00_0
32055,4_00_0
32056,1_00_0
32057,6_00_0
32058,5_a7_2
32059,3_a9_1
32060,1_00_0
32061,4_00_0
32062,2_a5_2
32063,4_00_0
32064,4_00_0
32065,6_00_0
32066,1_00_0
32067,3_00_0
32068,3_a9_1
32069,1_00_0
32070,5_b8_1
32071,3_00_0
32072,5_00_0
32073,1_00_0
32074,4_00_0
32075,3_00_0
32076,5_a7_2
32077,1_00_0
32078,4_00_0
32079,5_b6_1
32080,5_b7_1
32081,3_00_0
32082,6_a12_2
32083,1_00_0
32085,3_b7_1
32086,3_00_0
32087,4_00_0
32088,4_00_0
32090,6_00_0
32091,3_b7_1
32092,4_00_0
32093,6_a12_2
32094,4_00_0
32095,5_b8_1
32096,1_00_0
32097,3_00_0
32098,6_00_0
32099,3_a9_2
32100,3_00_0
32101,4_00_0
32102,1_00_0
32103,3_00_0
32104,6_b5_1
32105,6_00_0
32106,3_a9_1
32107,6_00_0
32108,3_00_0
32109,3_a9_2
32110,2_a5_2
32111,3_a9_2
32113,4_00_0
32114,6_00_0
32115,3_00_0
32116,1_00_0
32117,6_a11_1
32118,1_00_0
32119,3_b7_1
32120,3_b8_1
32121,3_00_0
32122,6_00_0
32123,4_00_0
32124,1_00_0
32125,3_a9_2
32126,3_00_0
32127,5_b8_1
32128,3_b8_1
32129,3_00_0
32130,3_a9_2
32131,3_00_0
32132,3_00_0
32133,1_00_0
32134,1_00_0
32135,3_a9_1
32136,4_00_0
32137,3_a9_1
32140,3_00_0
32142,4_00_0
32143,1_00_0
32144,3_00_0
32145,4_00_0
32146,3_b6_1
32148,6_00_0
32149,6_00_0
32150,3_00_0
32151,3_00_0
32152,3_00_0
32153,3_a9_1
32154,4_00_0
32155,3_b7_1
32156,6_a11_1
32157,6_00_0
32158,4_00_0
32159,3_00_0
32160,6_00_0
32162,3_00_0
32163,1_00_0
32164,3_b7_1
32167,1_00_0
32168,5_b6_1
32169,3_a9_2
32170,3_00_0
32171,3_00_0
32172,3_b8_1
32174,1_00_0
32175,6_00_0
32176,6_00_0
32177,6_00_0
32178,6_00_0
32179,6_00_0
32182,3_a9_2
32183,3_00_0
32184,3_00_0
32185,3_a9_2
32188,3_00_0
32189,3_b3_1
32190,5_b6_1
32191,3_b7_1
32192,6_00_0
32193,2_a5_2
32194,3_a9_2
32195,5_a7_2
32196,6_00_0
32197,3_00_0
32198,6_00_0
32199,3_00_0
32200,3_00_0
32201,1_00_0
32202,4_00_0
32203,3_00_0
32204,3_00_0
32205,3_00_0
32207,2_00_0
32208,6_00_0
32209,1_00_0
32210,3_a9_1
32211,1_00_0
32212,4_00_0
32214,6_00_0
32215,4_00_0
32216,4_00_0
32217,6_00_0
32218,5_b7_1
32219,3_00_0
32221,4_00_0
32222,1_00_0
32223,6_00_0
32224,3_00_0
32225,4_00_0
32226,3_00_0
32227,1_00_0
32228,1_00_0
32229,6_00_0
32230,1_00_0
32231,3_b8_1
32232,6_a11_1
32234,3_b6_1
32235,1_00_0
32236,6_a11_1
32237,3_a9_2
32238,4_00_0
32240,1_00_0
32242,3_a9_1
32243,1_00_0
32244,3_00_0
32245,3_a9_1
32246,1_00_0
32247,3_b7_1
32248,4_00_0
32250,3_00_0
32251,3_00_0
32252,4_00_0
32253,5_b6_1
32254,1_00_0
32256,3_b3_1
32257,3_00_0
32258,6_a11_1
32259,5_b6_1
32260,1_00_0
32261,3_00_0
32262,5_b7_1
32263,6_a12_2
32264,6_00_0
32265,4_00_0
32266,3_00_0
32267,6_00_0
32268,4_00_0
32269,6_00_0
32270,6_00_0
32271,3_00_0
32272,3_b8_1
32273,4_00_0
32274,4_00_0
32275,1_00_0
32276,3_00_0
32277,4_00_0
32278,1_00_0
32279,3_00_0
32282,1_00_0
32283,4_00_0
32284,1_00_0
32285,6_00_0
32286,4_00_0
32287,2_00_0
32288,4_00_0
32289,1_00_0
32290,3_00_0
32292,6_00_0
32293,3_00_0
32294,6_00_0
32296,4_00_0
32297,3_00_0
32299,1_00_0
32300,3_00_0
32301,6_00_0
32303,2_a5_2
32304,4_00_0
32305,6_00_0
32306,3_00_0
32308,1_00_0
32309,1_00_0
32310,4_00_0
32311,5_b6_1
32312,3_00_0
32314,3_00_0
32315,5_b6_1
32316,3_00_0
32317,1_00_0
32318,1_00_0
32319,1_00_0
32320,3_b6_1
32321,1_00_0
32322,5_b7_1
32323,1_00_0
32324,4_00_0
32325,1_00_0
32326,4_00_0
32327,3_00_0
32328,2_00_0
32329,3_00_0
32330,1_00_0
32331,4_00_0
32332,6_00_0
32333,4_00_0
32334,1_00_0
32335,3_00_0
32337,5_a7_2
32338,3_00_0
32339,4_00_0
32340,1_00_0
32341,3_00_0
32342,3_b7_1
32343,3_a9_1
32344,3_00_0
32345,2_a5_2
32347,3_a9_2
32348,4_00_0
32350,6_00_0
32351,3_b7_1
32352,3_b8_1
32353,2_a5_2
32354,6_00_0
32355,6_00_0
32356,2_00_0
32357,1_00_0
32358,3_00_0
32359,3_00_0
32360,6_00_0
32361,5_b8_1
32362,5_b7_1
32364,1_00_0
32365,3_00_0
32366,3_00_0
32367,3_b6_1
32368,5_b6_1
32369,3_00_0
32370,4_00_0
32371,3_a9_2
32372,5_00_0
32373,3_00_0
32374,6_00_0
32375,1_00_0
32376,4_00_0
32378,6_b4_3
32379,1_00_0
32380,1_00_0
32381,5_b6_1
32382,3_00_0
32383,1_00_0
32384,3_00_0
32385,6_00_0
32386,6_00_0
32387,3_00_0
32388,3_00_0
32389,3_00_0
32390,3_00_0
32392,3_b8_1
32393,3_00_0
32395,3_00_0
32396,3_b6_1
32397,3_00_0
32398,3_00_0
32399,1_00_0
32400,6_00_0
32402,6_00_0
32403,3_00_0
32404,6_00_0
32405,6_00_0
32406,3_00_0
32407,6_00_0
32408,3_a9_3
32409,3_00_0
32410,3_00_0
32411,3_a9_2
32412,3_00_0
32413,3_b3_1
32414,6_00_0
32415,3_00_0
32416,2_a5_2
32417,3_b6_1
32418,3_00_0
32419,1_00_0
32420,1_00_0
32421,5_b6_1
32422,5_b6_1
32423,4_00_0
32424,3_00_0
32425,6_00_0
32426,4_00_0
32427,3_b6_1
32428,6_00_0
32429,1_00_0
32430,3_00_0
32431,3_00_0
32433,3_a9_1
32434,4_00_0
32435,3_00_0
32436,5_b6_1
32437,3_b3_1
32438,4_00_0
32439,3_00_0
32440,3_a9_1
32441,3_00_0
32442,6_00_0
32443,3_b3_1
32444,1_00_0
32445,3_00_0
32446,3_b3_1
32447,3_b7_1
32449,1_00_0
32450,4_00_0
32451,6_00_0
32452,3_00_0
32453,3_a9_2
32454,5_b6_1
32455,3_00_0
32456,3_00_0
32457,3_00_0
32458,3_00_0
32461,1_00_0
32462,2_a5_2
32464,4_00_0
32467,3_00_0
32468,2_a5_2
32470,2_a5_2
32471,6_00_0
32472,5_b7_1
32473,1_00_0
32474,4_00_0
32475,3_00_0
32477,6_00_0
32478,1_00_0
32479,3_b6_1
32480,4_00_0
32481,3_a9_1
32482,4_00_0
32483,6_00_0
32484,4_00_0
32485,2_a5_2
32486,3_b6_1
32487,5_00_0
32488,5_a7_2
32489,3_00_0
32490,3_a9_2
32491,3_b7_1
32492,2_a5_2
32493,1_00_0
32494,1_00_0
32495,3_00_0
32496,3_b7_1
32497,1_00_0
32500,6_00_0
32501,5_b8_1
32503,6_00_0
32504,4_00_0
32505,6_a11_2
32506,6_00_0
32507,5_a7_2
32509,5_00_0
32510,5_a7_2
32511,6_00_0
32512,5_b8_1
32513,6_00_0
32514,4_00_0
32515,3_a9_2
32516,1_00_0
32517,5_00_0
32518,6_00_0
32519,5_a7_2
32520,3_b8_1
32521,5_b6_1
32523,5_b8_1
32524,5_b7_1
32525,4_00_0
32526,6_00_0
32528,4_00_0
32529,6_00_0
32530,4_00_0
32531,5_b7_1
32532,1_00_0
32533,1_00_0
32534,1_00_0
32535,3_a9_2
32536,6_00_0
32537,3_b8_1
32538,6_00_0
32539,3_b8_1
32540,1_00_0
32541,4_00_0
32543,6_00_0
32544,5_b7_1
32545,4_00_0
32546,3_00_0
32547,3_a9_1
32548,1_00_0
32550,6_00_0
32551,3_a9_1
32552,3_00_0
32553,3_b7_1
32554,5_b7_1
32555,3_00_0
32556,3_a9_2
32557,5_b7_1
32558,3_00_0
32559,3_b6_1
32560,1_00_0
32561,3_00_0
32562,6_00_0
32563,6_00_0
32564,5_b6_1
32565,1_00_0
32566,4_00_0
32567,3_b3_1
32568,3_00_0
32569,4_00_0
32570,1_00_0
32571,4_00_0
32572,6_00_0
32573,2_00_0
32574,3_00_0
32575,3_00_0
32576,3_00_0
32577,4_00_0
32578,6_00_0
32579,3_b8_1
32580,4_00_0
32581,4_00_0
32582,4_00_0
32583,3_a9_1
32584,5_b8_1
32585,1_00_0
32586,3_b8_1
32587,3_00_0
32588,4_00_0
32589,3_a9_1
32590,1_00_0
32591,5_a7_2
32592,5_b7_1
32593,1_00_0
32594,3_00_0
32595,3_00_0
32596,5_b7_1
32597,3_00_0
32598,4_00_0
32599,5_00_0
32600,1_00_0
32601,5_b7_1
32602,1_00_0
32603,5_a7_2
32604,6_00_0
32605,2_a5_2
32606,3_00_0
32608,1_00_0
32609,6_b4_3
32610,1_00_0
32611,2_a5_2
32612,4_00_0
32613,4_00_0
32614,3_00_0
32615,3_00_0
32616,3_00_0
32617,4_00_0
32618,4_00_0
32619,1_00_0
32620,5_00_0
32621,2_a5_2
32622,1_00_0
32623,3_a9_2
32625,3_00_0
32626,1_00_0
32627,3_00_0
32628,3_00_0
32630,6_00_0
32631,2_a5_2
32632,4_00_0
32633,3_00_0
32634,3_00_0
32635,3_b8_1
32636,5_b7_1
32637,6_00_0
32638,3_00_0
32641,4_00_0
32642,2_a5_2
32643,1_00_0
32644,5_a7_2
32645,2_a5_2
32646,3_00_0
32647,3_b7_1
32648,5_00_0
32649,4_00_0
32650,1_00_0
32651,6_00_0
32652,6_00_0
32654,6_00_0
32655,3_b8_1
32656,3_a9_2
32657,3_00_0
32658,6_00_0
32659,4_00_0
32660,3_00_0
32661,4_00_0
32662,3_b7_1
32663,5_a7_2
32664,2_00_0
32665,3_b6_1
32666,6_00_0
32667,3_b7_1
32668,2_a5_2
32669,3_b7_1
32670,3_00_0
32671,1_00_0
32673,5_b7_1
32674,3_00_0
32675,6_00_0
32676,3_b6_1
32677,3_00_0
32678,3_b3_1
32679,4_00_0
32680,3_b3_1
32681,4_00_0
32682,4_00_0
32683,4_00_0
32684,3_00_0
32685,4_00_0
32686,1_00_0
32687,4_00_0
32688,3_00_0
32689,3_00_0
32690,2_a5_2
32691,3_00_0
32692,4_00_0
32693,3_00_0
32694,4_00_0
32695,6_00_0
32696,4_00_0
32697,6_00_0
32698,1_00_0
32699,3_00_0
32700,3_a9_1
32701,3_00_0
32702,6_00_0
32703,3_00_0
32704,3_b3_1
32705,3_a9_2
32707,3_00_0
32708,3_00_0
32709,1_00_0
32711,5_a7_2
32713,3_00_0
32714,3_00_0
32715,4_00_0
32717,4_00_0
32718,3_00_0
32719,6_00_0
32720,6_00_0
32721,3_00_0
32722,3_00_0
32723,1_00_0
32724,1_00_0
32725,3_00_0
32726,3_00_0
32728,6_00_0
32729,6_00_0
32730,4_00_0
32731,2_a5_2
32732,4_00_0
32733,3_00_0
32735,6_00_0
32736,3_00_0
32738,3_00_0
32739,2_00_0
32740,3_00_0
32741,4_00_0
32742,1_00_0
32743,2_a5_2
32744,6_00_0
32746,3_b6_1
32747,5_a7_2
32748,6_00_0
32749,3_a9_2
32750,5_b8_1
32751,4_00_0
32752,5_b7_1
32753,4_00_0
32754,5_b7_1
32755,3_00_0
32756,3_00_0
32757,6_00_0
32758,6_00_0
32760,1_00_0
32761,6_00_0
32762,6_00_0
32763,4_00_0
32764,1_00_0
32765,3_00_0
32766,6_00_0
32767,3_b3_1
32768,3_b3_1
32769,6_00_0
32770,6_00_0
32772,3_00_0
32773,5_b8_1
32774,2_00_0
32775,3_b7_1
32776,1_00_0
32777,3_a9_2
32778,5_b7_1
32779,3_b8_1
32780,5_b6_1
32781,3_00_0
32782,5_b6_1
32783,3_b7_1
32784,4_00_0
32786,2_00_0
32787,3_00_0
32788,5_b6_1
32789,5_b6_1
32790,4_00_0
32792,6_00_0
32793,5_b7_1
32794,3_00_0
32795,3_b6_1
32796,1_00_0
32797,6_00_0
32798,1_00_0
32799,4_00_0
32800,3_00_0
32801,5_b7_1
32802,3_00_0
32803,3_b7_1
32804,5_b8_1
32805,4_00_0
32806,3_00_0
32807,2_a5_2
32808,5_b6_1
32809,3_a9_2
32810,1_00_0
32813,4_00_0
32814,6_00_0
32815,5_b6_1
32816,3_00_0
32817,6_00_0
32818,1_00_0
32819,4_00_0
32820,5_b7_1
32821,4_00_0
32822,5_a7_2
32823,3_b6_1
32824,3_00_0
32825,6_00_0
32826,1_00_0
32828,5_b7_1
32829,1_00_0
32831,3_00_0
32832,3_a9_1
32833,3_00_0
32835,3_00_0
32836,1_00_0
32837,1_00_0
32838,6_00_0
32840,3_b7_1
32841,5_b8_1
32842,3_00_0
32844,6_00_0
32845,3_00_0
32848,3_00_0
32850,3_b3_1
32851,5_b6_1
32852,5_b8_1
32853,6_00_0
32854,1_00_0
32855,2_a5_2
32856,3_b7_1
32857,1_00_0
32858,4_00_0
32859,3_00_0
32861,4_00_0
32862,3_00_0
32863,6_00_0
32864,6_00_0
32865,5_b7_1
32866,4_00_0
32867,6_00_0
32868,4_00_0
32869,6_00_0
32870,6_00_0
32871,3_00_0
32872,3_00_0
32873,1_00_0
32874,6_a12_2
32875,4_00_0
32876,4_00_0
32877,6_00_0
32878,5_b8_1
32880,3_00_0
32881,3_a9_1
32882,4_00_0
32883,3_b6_1
32884,4_00_0
32885,3_a9_1
32886,3_00_0
32887,2_00_0
32888,3_00_0
32889,3_b3_1
32890,4_00_0
32891,1_00_0
32892,1_00_0
32894,1_00_0
32896,3_a9_1
32898,4_00_0
32899,3_00_0
32900,4_00_0
32901,1_00_0
32903,6_00_0
32904,3_00_0
32905,3_00_0
32907,3_00_0
32908,3_00_0
32909,3_00_0
32910,4_00_0
32911,1_00_0
32912,4_00_0
32913,4_00_0
32914,3_00_0
32915,1_00_0
32916,3_b8_1
32918,3_00_0
32919,1_00_0
32920,1_00_0
32921,3_b7_1
32922,6_00_0
32923,3_00_0
32924,6_00_0
32925,4_00_0
32927,6_00_0
32928,1_00_0
32929,3_00_0
32930,3_00_0
32931,5_b6_1
32932,4_00_0
32933,3_00_0
32934,1_00_0
32936,3_b3_1
32938,3_00_0
32939,2_00_0
32940,6_a12_2
32941,1_00_0
32942,3_00_0
32943,6_00_0
32944,6_00_0
32945,6_00_0
32946,1_00_0
32948,3_00_0
32949,6_00_0
32950,5_b6_1
32952,5_b7_1
32953,6_a12_1
32954,1_00_0
32955,3_00_0
32956,6_00_0
32958,1_00_0
32959,3_00_0
32960,5_b7_1
32961,4_00_0
32962,3_00_0
32963,3_00_0
32964,2_00_0
32965,1_00_0
32966,3_a9_2
32967,3_00_0
32968,3_00_0
32969,6_00_0
32970,4_00_0
32971,1_00_0
32972,6_00_0
32973,4_00_0
32974,1_00_0
32975,5_b6_1
32976,2_a5_2
32977,3_00_0
32978,6_00_0
32979,3_b6_1
32980,3_b7_1
32981,3_b3_1
32982,3_00_0
32983,6_a11_1
32984,6_00_0
32985,2_a5_2
32986,1_00_0
32987,3_a9_2
32988,4_00_0
32989,3_00_0
32990,4_00_0
32991,5_b6_1
32992,6_00_0
32993,3_00_0
32994,6_00_0
32995,4_00_0
32996,3_00_0
32997,3_00_0
32999,3_b6_1
33000,2_00_0
33001,3_b7_1
33002,3_00_0
33003,4_00_0
33004,6_00_0
33005,4_00_0
33006,3_00_0
33007,2_00_0
33008,1_00_0
33009,2_a5_2
33010,5_b8_1
33011,5_a7_2
33012,3_b8_1
33013,1_00_0
33014,6_00_0
33015,6_00_0
33016,1_00_0
33017,3_a9_1
33018,3_00_0
33019,6_00_0
33020,4_00_0
33021,2_a5_2
33022,6_00_0
33023,3_a9_1
33024,1_00_0
33025,4_00_0
33026,4_00_0
33027,1_00_0
33028,3_b8_1
33029,4_00_0
33030,4_00_0
33031,6_00_0
33032,6_00_0
33033,3_b3_1
33034,3_00_0
33035,4_00_0
33036,1_00_0
33037,3_00_0
33038,4_00_0
33041,1_00_0
33042,3_00_0
33044,4_00_0
33045,5_b7_1
33046,1_00_0
33047,3_b6_1
33048,6_00_0
33050,3_00_0
33051,3_b7_1
33052,6_00_0
33053,5_b7_1
33054,3_00_0
33056,4_00_0
33057,2_00_0
33058,3_00_0
33059,4_00_0
33060,3_00_0
33061,4_00_0
33062,6_00_0
33063,5_b6_1
33064,6_00_0
33065,3_00_0
33066,6_00_0
33067,3_b6_1
33069,3_00_0
33070,3_00_0
33071,3_b6_1
33072,1_00_0
33073,6_00_0
33074,6_a11_1
33075,4_00_0
33077,4_00_0
33078,6_00_0
33079,3_00_0
33080,1_00_0
33081,5_b8_1
33083,2_a5_2
33084,3_00_0
33085,6_00_0
33086,6_00_0
33087,4_00_0
33088,3_00_0
33089,6_00_0
33090,1_00_0
33091,1_00_0
33092,3_00_0
33093,3_b7_1
33094,1_00_0
33095,5_b7_1
33096,4_00_0
33097,1_00_0
33098,2_00_0
33099,3_00_0
33100,6_00_0
33101,3_b7_1
33102,2_a5_2
33104,6_00_0
33105,1_00_0
33106,6_00_0
33107,3_00_0
33108,3_b8_1
33110,3_b7_1
33111,4_00_0
33112,5_b6_1
33113,2_a5_2
33114,4_00_0
33115,3_00_0
33116,1_00_0
33118,6_00_0
33119,4_00_0
33120,3_00_0
33121,1_00_0
33122,1_00_0
33123,2_a5_2
33124,3_00_0
33125,4_00_0
33126,3_00_0
33127,3_b7_1
33128,3_a9_1
33129,3_00_0
33130,1_00_0
33131,3_00_0
33132,3_b6_1
33133,3_00_0
33134,3_b6_1
33135,3_a9_2
33136,4_00_0
33137,1_00_0
33138,1_00_0
33139,1_00_0
33140,3_b6_1
33141,3_b3_1
33143,3_00_0
33144,6_00_0
33145,3_00_0
33146,2_a5_2
33147,4_00_0
33148,1_00_0
33149,2_00_0
33151,6_a11_2
33152,3_b3_1
33153,6_00_0
33154,4_00_0
33155,4_00_0
33156,3_00_0
33157,4_00_0
33158,6_b5_1
33159,1_00_0
33160,6_00_0
33161,2_a5_2
33162,5_a7_2
33163,3_00_0
33164,3_00_0
33165,4_00_0
33166,6_00_0
33167,3_b8_1
33168,6_00_0
33169,3_00_0
33170,6_00_0
33171,3_00_0
33172,4_00_0
33173,3_00_0
33174,3_00_0
33175,3_a9_1
33176,6_00_0
33177,1_00_0
33178,5_a7_2
33180,5_b6_1
33181,4_00_0
33182,3_b6_1
33183,3_00_0
33184,6_00_0
33185,4_00_0
33186,3_b6_1
33187,3_a9_1
33189,3_00_0
33191,5_00_0
33192,3_b8_1
33193,4_00_0
33194,4_00_0
33195,4_00_0
33196,3_b6_1
33197,2_00_0
33198,2_a5_2
33199,6_00_0
33200,4_00_0
33201,6_00_0
33202,6_00_0
33203,1_00_0
33204,2_a5_2
33206,3_a9_2
33207,6_a11_1
33208,6_00_0
33209,3_00_0
33210,6_00_0
33211,4_00_0
33212,6_00_0
33213,4_00_0
33214,5_b8_1
33215,4_00_0
33216,5_b6_1
33217,6_00_0
33219,1_00_0
33220,6_00_0
33221,3_a9_2
33222,6_00_0
33224,6_a11_1
33225,5_b6_1
33226,3_a9_1
33227,4_00_0
33228,3_b3_1
33229,6_a12_2
33230,1_00_0
33231,4_00_0
33232,3_b6_1
33233,3_00_0
33235,5_b7_1
33236,6_00_0
33237,3_00_0
33238,1_00_0
33239,1_00_0
33240,2_00_0
33241,6_00_0
33242,4_00_0
33243,1_00_0
33244,6_b4_1
33245,5_00_0
33246,5_b8_1
33247,3_00_0
33248,6_00_0
33249,3_00_0
33250,6_00_0
33251,5_b6_1
33252,4_00_0
33253,3_b3_1
33254,5_b6_1
33255,6_00_0
33256,3_b8_1
33257,6_a11_1
33258,1_00_0
33259,6_00_0
33260,1_00_0
33261,4_00_0
33263,3_00_0
33264,1_00_0
33265,4_00_0
33267,3_a9_1
33268,6_00_0
33269,3_00_0
33270,3_00_0
33271,6_00_0
33273,6_00_0
33274,2_00_0
33275,3_b6_1
33276,4_00_0
33277,3_b8_1
33278,4_00_0
33279,3_a9_2
33280,1_00_0
33281,3_a9_1
33282,4_00_0
33284,4_00_0
33285,3_b3_1
33286,3_00_0
33287,6_00_0
33288,3_00_0
33289,4_00_0
33290,2_00_0
33291,3_00_0
33292,1_00_0
33293,3_a9_2
33294,3_b3_1
33295,4_00_0
33296,1_00_0
33297,3_00_0
33298,3_a9_1
33299,4_00_0
33300,3_00_0
33301,3_00_0
33302,4_00_0
33303,6_00_0
33304,3_00_0
33305,2_00_0
33306,6_00_0
33307,6_00_0
33308,4_00_0
33309,6_00_0
33310,2_a5_2
33311,1_00_0
33312,1_00_0
33313,1_00_0
33315,2_a5_2
33316,3_b6_1
33317,5_b8_1
33318,1_00_0
33319,3_b6_1
33321,3_a9_2
33323,3_00_0
33324,4_00_0
33325,3_00_0
33326,6_00_0
33327,1_00_0
33329,4_00_0
33330,3_a9_2
33331,3_00_0
33332,6_00_0
33333,5_b8_1
33334,4_00_0
33335,6_00_0
33336,3_a9_1
33337,3_00_0
33338,4_00_0
33339,6_00_0
33340,6_00_0
33341,3_b6_1
33342,4_00_0
33344,3_00_0
33345,1_00_0
33346,5_b6_1
33347,2_00_0
33348,6_00_0
33349,3_b6_1
33350,2_00_0
33351,5_b8_1
33352,4_00_0
33353,5_b8_1
33354,2_00_0
33356,1_00_0
33357,3_00_0
33358,1_00_0
33359,6_00_0
33360,3_b6_1
33361,1_00_0
33362,6_00_0
33363,1_00_0
33364,5_b6_1
33365,1_00_0
33367,1_00_0
33368,3_00_0
33370,4_00_0
33372,4_00_0
33373,4_00_0
33374,1_00_0
33375,4_00_0
33376,2_00_0
33377,3_b8_1
33379,3_00_0
33380,3_00_0
33381,3_00_0
33382,3_b8_1
33383,6_00_0
33384,1_00_0
33385,3_b7_1
33386,6_00_0
33387,6_00_0
33388,6_00_0
33389,3_a9_1
33390,2_00_0
33391,3_b6_1
33392,6_00_0
33393,5_b8_1
33394,3_00_0
33395,1_00_0
33397,1_00_0
33398,1_00_0
33399,3_00_0
33400,6_00_0
33401,2_00_0
33402,3_00_0
33403,4_00_0
33404,4_00_0
33405,1_00_0
33406,6_00_0
33407,1_00_0
33408,3_00_0
33409,3_a9_2
33410,3_b3_1
33411,3_00_0
33413,2_a5_2
33414,3_00_0
33415,2_a5_2
33417,1_00_0
33418,4_00_0
33419,3_a9_2
33420,6_00_0
33421,3_00_0
33422,4_00_0
33423,3_b8_1
33424,6_00_0
33425,3_00_0
33427,3_00_0
33428,2_00_0
33429,6_00_0
33430,2_a5_2
33431,5_b6_1
33432,2_a5_2
33434,1_00_0
33435,1_00_0
33436,1_00_0
33437,1_00_0
33438,3_b8_1
33439,3_00_0
33440,6_00_0
33442,3_00_0
33443,3_00_0
33444,3_00_0
33446,6_b4_3
33447,5_b7_1
33448,6_b4_1
33449,6_00_0
33450,3_b3_1
33452,3_00_0
33453,3_b8_1
33454,3_00_0
33455,6_00_0
33456,6_00_0
33457,3_00_0
33458,6_00_0
33459,3_00_0
33460,1_00_0
33461,1_00_0
33462,3_a9_2
33463,6_00_0
33465,3_b3_1
33466,5_00_0
33467,3_00_0
33468,6_00_0
33469,3_00_0
33470,3_b8_1
33471,1_00_0
33472,3_00_0
33473,4_00_0
33474,4_00_0
33475,6_00_0
33476,1_00_0
33477,5_00_0
33479,5_a7_2
33480,3_00_0
33481,3_00_0
33482,4_00_0
33483,1_00_0
33484,3_00_0
33485,1_00_0
33486,3_b7_1
33487,3_a9_1
33488,5_00_0
33489,3_b6_1
33490,4_00_0
33491,6_a11_1
33492,1_00_0
33493,4_00_0
33494,3_00_0
33495,2_a5_2
33496,5_b7_1
33497,2_a5_2
33498,5_b6_1
33499,3_00_0
33500,3_00_0
33501,6_00_0
33503,4_00_0
33504,3_00_0
33505,6_00_0
33507,3_00_0
33508,6_00_0
33509,4_00_0
33510,6_00_0
33511,3_00_0
33512,6_a12_1
33513,6_00_0
33514,5_b6_1
33515,1_00_0
33516,5_b8_1
33517,5_b8_1
33519,4_00_0
33520,3_00_0
33521,6_00_0
33522,1_00_0
33523,2_a5_2
33524,3_00_0
33525,3_00_0
33526,6_a11_1
33527,6_00_0
33528,3_00_0
33529,4_00_0
33530,3_00_0
33531,3_a9_1
33532,4_00_0
33533,5_b7_1
33534,4_00_0
33535,3_b6_1
33536,3_00_0
33538,5_b6_1
33539,3_a9_2
33540,3_00_0
33541,1_00_0
33542,1_00_0
33543,5_b6_1
33544,6_00_0
33545,6_00_0
33546,3_00_0
33547,1_00_0
33548,6_00_0
33549,3_00_0
33550,3_00_0
33551,3_00_0
33552,3_00_0
33553,6_00_0
33554,3_00_0
33555,1_00_0
33556,5_00_0
33557,6_00_0
33559,3_b3_1
33560,1_00_0
33561,3_00_0
33562,3_00_0
33563,4_00_0
33564,3_00_0
33565,3_a9_2
33566,2_a5_2
33567,6_00_0
33568,3_b6_1
33569,3_00_0
33570,4_00_0
33571,4_00_0
33572,6_a11_1
33573,6_00_0
33574,6_a12_2
33575,3_a9_2
33576,4_00_0
33577,4_00_0
33578,1_00_0
33579,6_00_0
33580,3_00_0
33581,4_00_0
33582,4_00_0
33583,2_a5_2
33584,5_00_0
33585,4_00_0
33586,1_00_0
33587,1_00_0
33588,6_00_0
33589,2_00_0
33591,3_00_0
33592,1_00_0
33593,2_00_0
33594,1_00_0
33596,3_00_0
33597,2_a5_2
33598,4_00_0
33599,6_00_0
33600,3_00_0
33601,1_00_0
33602,3_00_0
33603,4_00_0
33604,5_b6_1
33605,1_00_0
33606,3_00_0
33607,6_00_0
33609,4_00_0
33610,5_b8_1
33611,1_00_0
33612,4_00_0
33613,1_00_0
33614,6_00_0
33615,4_00_0
33616,6_00_0
33618,1_00_0
33619,5_00_0
33620,3_b7_1
33621,4_00_0
33622,3_a9_2
33623,3_00_0
33624,5_b7_1
33625,6_00_0
33626,3_00_0
33627,3_00_0
33628,4_00_0
33629,4_00_0
33630,3_b3_1
33631,3_00_0
33632,1_00_0
33633,3_00_0
33634,4_00_0
33635,6_00_0
33636,4_00_0
33638,3_a9_1
33639,4_00_0
33641,4_00_0
33642,1_00_0
33643,3_00_0
33644,3_00_0
33645,5_b8_1
33646,6_00_0
33647,5_a7_2
33648,1_00_0
33649,3_a9_2
33650,5_b6_1
33651,6_00_0
33652,3_00_0
33653,5_b8_1
33654,3_b6_1
33655,5_b8_1
33656,4_00_0
33657,3_00_0
33658,1_00_0
33659,3_00_0
33660,2_00_0
33661,5_b6_1
33663,4_00_0
33664,1_00_0
33665,1_00_0
33668,3_00_0
33669,5_b7_1
33670,3_00_0
33671,3_00_0
33672,1_00_0
33673,4_00_0
33674,2_a5_2
33675,5_00_0
33676,5_b7_1
33678,3_00_0
33679,3_b7_1
33681,1_00_0
33682,1_00_0
33683,4_00_0
33684,1_00_0
33685,1_00_0
33686,5_b8_1
33687,4_00_0
33688,1_00_0
33690,3_00_0
33691,5_b8_1
33692,3_00_0
33693,3_00_0
33694,3_00_0
33695,5_b8_1
33697,3_00_0
33698,5_a7_2
33699,3_00_0
33700,4_00_0
33701,1_00_0
33702,3_b3_1
33703,3_b8_1
33704,4_00_0
33706,3_a9_2
33708,6_00_0
33709,6_00_0
33710,3_b7_1
33711,6_00_0
33712,6_00_0
33713,2_a5_2
33714,1_00_0
33715,6_00_0
33716,3_00_0
33717,6_00_0
33718,3_00_0
33719,4_00_0
33720,3_b3_1
33721,4_00_0
33722,3_b7_1
33723,3_00_0
33724,6_a12_2
33725,6_00_0
33726,3_b3_1
33727,3_00_0
33728,1_00_0
33729,6_00_0
33730,6_00_0
33732,5_b7_1
33734,6_00_0
33735,3_00_0
33736,3_00_0
33737,1_00_0
33738,6_b4_1
33739,1_00_0
33740,6_00_0
33741,3_b3_1
33742,1_00_0
33743,3_00_0
33744,1_00_0
33745,3_b6_1
33746,6_a11_1
33747,3_b8_1
33748,6_00_0
33749,3_00_0
33750,2_00_0
33751,3_00_0
33752,6_00_0
33753,6_00_0
33754,4_00_0
33755,1_00_0
33756,3_b6_1
33757,3_00_0
33758,3_b6_1
33759,3_a9_2
33760,5_b7_1
33761,1_00_0
33762,3_b3_1
33763,5_b7_1
33764,3_b3_1
33766,4_00_0
33767,2_a5_2
33768,6_00_0
33769,3_00_0
33770,6_00_0
33771,4_00_0
33772,3_b7_1
33773,4_00_0
33775,6_00_0
33776,4_00_0
33777,3_b6_1
33778,6_00_0
33779,3_00_0
33780,6_00_0
33781,4_00_0
33782,5_b6_1
33783,1_00_0
33784,3_b6_1
33785,4_00_0
33786,3_b6_1
33787,3_a9_2
33788,6_00_0
33789,3_00_0
33790,6_00_0
33791,3_00_0
33792,2_a5_2
33793,3_00_0
33795,4_00_0
33796,1_00_0
33797,3_00_0
33798,1_00_0
33800,5_b6_1
33801,1_00_0
33802,3_00_0
33803,1_00_0
33804,1_00_0
33805,3_00_0
33806,3_b8_1
33808,4_00_0
33810,1_00_0
33811,3_b6_1
33812,6_00_0
33813,3_b3_1
33814,3_00_0
33815,3_a9_1
33816,6_b4_3
33817,1_00_0
33818,5_b8_1
33819,3_a9_2
33820,6_b5_1
33821,3_a9_2
33822,1_00_0
33823,3_b7_1
33824,5_b8_1
33825,4_00_0
33826,3_00_0
33829,6_00_0
33830,4_00_0
33831,3_a9_2
33832,1_00_0
33833,3_00_0
33834,4_00_0
33835,1_00_0
33836,3_a9_1
33837,6_a12_2
33838,4_00_0
33839,4_00_0
33840,4_00_0
33842,5_00_0
33843,3_00_0
33844,3_00_0
33845,3_00_0
33847,3_a9_2
33848,4_00_0
33849,3_00_0
33850,1_00_0
33851,3_b3_1
33852,6_00_0
33853,3_b6_1
33854,3_a9_1
33855,3_00_0
33856,6_00_0
33857,4_00_0
33858,6_00_0
33860,4_00_0
33861,5_b7_1
33862,4_00_0
33863,4_00_0
33864,6_00_0
33865,3_00_0
33866,4_00_0
33867,3_00_0
33868,4_00_0
33869,3_b3_1
33870,3_00_0
33872,4_00_0
33874,6_00_0
33875,1_00_0
33876,4_00_0
33877,3_b8_1
33878,3_a9_1
33879,2_00_0
33880,4_00_0
33881,4_00_0
33882,5_b6_1
33883,6_00_0
33884,3_a9_1
33885,3_00_0
33887,3_b8_1
33888,4_00_0
33889,3_00_0
33890,6_a11_1
33891,6_a11_1
33892,3_b6_1
33893,3_b8_1
33894,1_00_0
33895,1_00_0
33896,6_00_0
33897,5_b6_1
33899,3_b8_1
33900,6_00_0
33902,6_00_0
33903,4_00_0
33904,3_00_0
33905,1_00_0
33906,3_00_0
33907,3_00_0
33908,4_00_0
33909,5_b7_1
33910,6_00_0
33911,1_00_0
33912,6_00_0
33913,6_00_0
33914,3_00_0
33915,2_00_0
33916,1_00_0
33917,1_00_0
33918,3_00_0
33919,3_00_0
33920,3_00_0
33921,4_00_0
33922,3_b8_1
33923,3_b6_1
33924,4_00_0
33925,4_00_0
33926,3_a9_1
33927,5_00_0
33929,5_b6_1
33931,3_00_0
33932,3_00_0
33933,3_b6_1
33934,4_00_0
33935,3_00_0
33936,6_00_0
33937,3_00_0
33938,3_b7_1
33939,5_b7_1
33940,6_00_0
33941,2_a5_2
33942,1_00_0
33943,5_b7_1
33944,3_00_0
33945,3_00_0
33946,4_00_0
33947,2_a5_2
33948,5_b8_1
33949,4_00_0
33950,6_00_0
33951,4_00_0
33952,5_b7_1
33953,3_b7_1
33954,3_00_0
33955,5_a7_2
33956,5_b7_1
33957,5_b8_1
33958,6_00_0
33959,5_b8_1
33960,5_b6_1
33961,1_00_0
33962,3_00_0
33963,1_00_0
33964,1_00_0
33965,5_b6_1
33966,3_00_0
33967,1_00_0
33968,6_00_0
33971,3_00_0
33972,3_b6_1
33973,1_00_0
33975,3_b3_1
33976,3_00_0
33977,4_00_0
33979,1_00_0
33980,6_00_0
33981,6_00_0
33982,4_00_0
33984,4_00_0
33985,3_00_0
33986,3_00_0
33988,6_00_0
33989,3_00_0
33990,5_b7_1
33991,6_a12_1
33992,3_00_0
33993,6_a11_1
33994,6_00_0
33995,3_a9_2
33996,1_00_0
33997,1_00_0
33998,2_a5_2
34000,3_b3_1
34001,4_00_0
34002,5_b8_1
34004,3_00_0
34006,1_00_0
34007,6_00_0
34008,6_b4_1
34009,3_a9_1
34010,1_00_0
34012,6_b4_1
34014,1_00_0
34015,4_00_0
34016,6_00_0
34017,3_a9_1
34018,5_00_0
34019,3_00_0
34020,6_00_0
34021,3_b7_1
34022,2_00_0
34023,2_00_0
34024,3_b7_1
34026,3_00_0
34027,3_b7_1
34028,6_00_0
34029,3_00_0
34030,4_00_0
34033,5_a7_2
34034,1_00_0
34035,3_00_0
34036,1_00_0
34037,1_00_0
34038,3_b7_1
34039,5_b7_1
34040,4_00_0
34041,3_a9_1
34042,5_00_0
34043,3_00_0
34044,2_a5_2
34046,3_00_0
34048,6_00_0
34049,3_00_0
34050,6_00_0
34051,6_b5_1
34052,3_00_0
34053,5_b8_1
34054,3_b6_1
34055,6_00_0
34057,1_00_0
34058,4_00_0
34059,4_00_0
34060,6_00_0
34061,5_a7_2
34062,3_00_0
34063,4_00_0
34065,3_b7_1
34066,4_00_0
34067,4_00_0
34069,3_a9_2
34070,6_00_0
34071,5_b7_1
34072,3_00_0
34073,5_a7_2
34074,3_00_0
34076,1_00_0
34077,3_00_0
34078,5_b8_1
34079,3_00_0
34080,1_00_0
34081,3_a9_2
34082,4_00_0
34083,1_00_0
34084,1_00_0
34085,3_00_0
34086,1_00_0
34087,6_00_0
34089,3_00_0
34090,3_a9_1
34091,1_00_0
34092,5_b7_1
34093,3_00_0
34094,3_00_0
34095,4_00_0
34096,5_b6_1
34097,4_00_0
34098,6_00_0
34099,3_00_0
34100,1_00_0
34101,5_b6_1
34102,3_00_0
34103,4_00_0
34104,4_00_0
34105,1_00_0
34106,6_00_0
34107,3_b7_1
34108,1_00_0
34109,3_00_0
34110,4_00_0
34111,1_00_0
34112,5_b6_1
34113,4_00_0
34114,3_b6_1
34116,3_00_0
34118,2_a5_2
34119,4_00_0
34120,3_00_0
34121,3_00_0
34123,3_b6_1
34124,3_00_0
34126,6_00_0
34127,4_00_0
34130,4_00_0
34131,5_b7_1
34132,1_00_0
34134,1_00_0
34135,6_00_0
34136,1_00_0
34137,6_00_0
34138,1_00_0
34139,1_00_0
34140,6_00_0
34141,5_b7_1
34142,4_00_0
34143,1_00_0
34144,6_00_0
34145,6_00_0
34146,4_00_0
34149,3_00_0
34150,5_a7_2
34151,1_00_0
34152,6_00_0
34153,1_00_0
34154,3_00_0
34156,3_a9_2
34157,6_00_0
34158,5_b8_1
34159,4_00_0
34160,6_00_0
34161,3_a9_2
34162,6_00_0
34163,3_00_0
34164,4_00_0
34165,6_a11_1
34166,4_00_0
34167,6_00_0
34169,1_00_0
34170,3_00_0
34171,5_b8_1
34172,3_a9_2
34173,5_a7_2
34174,3_b7_1
34175,3_00_0
34176,3_a9_2
34177,3_00_0
34179,3_00_0
34180,3_00_0
34181,4_00_0
34182,4_00_0
34183,3_a9_3
34185,4_00_0
34187,4_00_0
34189,2_a5_2
34190,1_00_0
34191,6_00_0
34192,3_b6_1
34193,6_b4_1
34194,3_00_0
34195,3_a9_1
34196,5_b8_1
34197,3_00_0
34198,6_00_0
34200,6_00_0
34201,5_00_0
34202,1_00_0
34203,5_b8_1
34204,5_b7_1
34205,3_00_0
34206,3_00_0
34207,4_00_0
34208,3_00_0
34209,4_00_0
34210,6_00_0
34211,1_00_0
34212,3_a9_1
34213,3_00_0
34215,3_b3_1
34216,1_00_0
34217,3_a9_2
34218,3_b8_1
34219,3_00_0
34220,3_00_0
34221,5_b7_1
34222,1_00_0
34223,6_00_0
34224,5_a7_2
34225,6_00_0
34226,1_00_0
34228,3_00_0
34229,3_00_0
34230,4_00_0
34231,6_a12_2
34232,5_b8_1
34233,3_b6_1
34234,3_a9_1
34235,3_00_0
34236,1_00_0
34237,4_00_0
34238,6_00_0
34239,4_00_0
34240,6_00_0
34241,4_00_0
34242,3_00_0
34243,5_b6_1
34244,3_00_0
34245,5_b7_1
34246,6_b5_1
34247,3_a9_1
34248,4_00_0
34249,3_b7_1
34250,4_00_0
34251,3_00_0
34252,1_00_0
34253,4_00_0
34254,6_00_0
34255,6_a12_2
34256,3_00_0
34257,6_00_0
34258,3_b8_1
34259,4_00_0
34261,3_00_0
34262,3_a9_1
34263,3_00_0
34264,3_b8_1
34266,1_00_0
34267,2_00_0
34268,6_00_0
34269,6_00_0
34270,5_b6_1
34271,4_00_0
34273,6_a12_2
34274,3_00_0
34275,3_00_0
34276,5_b6_1
34277,3_b6_1
34278,1_00_0
34279,3_b6_1
34280,4_00_0
34281,3_b3_1
34282,1_00_0
34285,1_00_0
34286,3_b8_1
34287,3_00_0
34288,1_00_0
34290,4_00_0
34291,3_00_0
34292,6_00_0
34295,1_00_0
34296,3_00_0
34297,6_a11_1
34298,4_00_0
34299,6_00_0
34300,2_a5_2
34301,1_00_0
34302,5_b8_1
34303,4_00_0
34304,6_00_0
34305,6_00_0
34306,4_00_0
34307,5_00_0
34308,1_00_0
34309,3_a9_1
34310,3_a9_2
34311,1_00_0
34312,4_00_0
34313,3_00_0
34314,3_a9_2
34315,3_00_0
34316,4_00_0
34317,3_00_0
34318,5_b6_1
34319,1_00_0
34320,5_b6_1
34321,1_00_0
34322,6_00_0
34323,3_00_0
34324,3_00_0
34325,1_00_0
34326,4_00_0
34327,6_00_0
34328,4_00_0
34329,1_00_0
34330,3_00_0
34331,6_00_0
34332,4_00_0
34333,5_b7_1
34334,6_00_0
34335,3_b7_1
34336,3_a9_1
34337,6_00_0
34338,4_00_0
34339,3_00_0
34340,3_00_0
34342,4_00_0
34343,3_00_0
34344,3_a9_1
34345,3_b7_1
34346,2_00_0
34347,1_00_0
34348,6_00_0
34349,2_a5_2
34350,3_a9_2
34351,6_00_0
34352,6_00_0
34353,4_00_0
34354,3_a9_2
34355,6_00_0
34356,5_b6_1
34357,6_b4_1
34358,3_b8_1
34359,3_b6_1
34360,3_00_0
34361,3_00_0
34362,4_00_0
34363,4_00_0
34364,2_a5_2
34365,3_00_0
34366,3_00_0
34367,3_00_0
34368,1_00_0
34369,6_00_0
34370,3_00_0
34371,6_00_0
34372,3_b7_1
34373,1_00_0
34374,2_00_0
34375,4_00_0
34376,4_00_0
34377,5_b7_1
34378,6_00_0
34379,4_00_0
34380,6_00_0
34381,3_00_0
34382,1_00_0
34383,1_00_0
34384,2_00_0
34385,4_00_0
34386,4_00_0
34387,3_00_0
34388,1_00_0
34389,3_b3_1
34390,4_00_0
34391,3_a9_1
34393,3_00_0
34394,4_00_0
34395,1_00_0
34396,6_00_0
34397,3_b3_1
34398,5_b7_1
34399,6_00_0
34400,6_00_0
34401,5_b6_1
34402,3_00_0
34403,3_00_0
34404,6_00_0
34405,4_00_0
34406,3_b8_1
34407,4_00_0
34408,4_00_0
34409,1_00_0
34410,4_00_0
34411,6_00_0
34412,4_00_0
34413,6_00_0
34414,6_00_0
34415,6_b4_1
34416,6_00_0
34418,3_00_0
34419,3_00_0
34420,3_00_0
34421,6_00_0
34422,6_00_0
34423,1_00_0
34424,3_b3_1
34426,1_00_0
34427,6_00_0
34428,6_00_0
34429,6_00_0
34430,1_00_0
34431,6_00_0
34433,3_00_0
34434,3_b6_1
34435,3_00_0
34437,6_00_0
34438,3_b7_1
34439,3_00_0
34440,6_00_0
34441,1_00_0
34442,4_00_0
34443,1_00_0
34444,4_00_0
34445,6_00_0
34446,1_00_0
34447,4_00_0
34448,5_b7_1
34449,4_00_0
34451,3_00_0
34452,4_00_0
34453,6_00_0
34454,3_b8_1
34455,3_b8_1
34456,6_a11_1
34457,5_b7_1
34458,4_00_0
34459,4_00_0
34460,1_00_0
34461,1_00_0
34462,5_b8_1
34463,6_00_0
34464,4_00_0
34466,3_00_0
34467,4_00_0
34468,1_00_0
34469,1_00_0
34470,3_00_0
34471,1_00_0
34472,6_a12_2
34473,2_a5_2
34474,3_b6_1
34475,6_00_0
34476,3_00_0
34477,3_00_0
34478,4_00_0
34479,3_00_0
34481,5_00_0
34482,3_a9_1
34483,5_a7_2
34484,4_00_0
34485,6_00_0
34486,5_b6_1
34487,6_00_0
34488,1_00_0
34489,4_00_0
34490,3_a9_1
34492,3_00_0
34493,6_00_0
34494,6_00_0
34495,4_00_0
34496,1_00_0
34497,5_b8_1
34498,4_00_0
34499,5_b6_1
34500,6_00_0
34501,3_00_0
34502,5_b7_1
34503,6_00_0
34505,4_00_0
34506,6_00_0
34507,4_00_0
34509,3_00_0
34510,3_00_0
34511,5_b7_1
34512,5_b6_1
34513,5_b7_1
34514,3_00_0
34516,3_00_0
34517,4_00_0
34518,4_00_0
34519,6_00_0
34520,1_00_0
34521,4_00_0
34522,3_00_0
34523,3_00_0
34524,4_00_0
34525,3_00_0
34526,6_00_0
34527,6_00_0
34528,1_00_0
34529,3_00_0
34530,4_00_0
34531,6_00_0
34532,3_00_0
34533,3_b7_1
34534,4_00_0
34535,4_00_0
34536,4_00_0
34537,3_a9_1
34538,3_a9_1
34539,1_00_0
34540,4_00_0
34541,3_a9_1
34542,3_00_0
34543,5_b6_1
34544,3_00_0
34545,1_00_0
34546,5_b8_1
34547,3_b6_1
34548,6_b4_3
34551,4_00_0
34552,1_00_0
34553,1_00_0
34554,1_00_0
34555,3_b8_1
34556,1_00_0
34557,3_00_0
34558,4_00_0
34559,6_a11_1
34560,6_00_0
34561,1_00_0
34562,6_00_0
34564,2_a5_2
34565,2_00_0
34566,3_00_0
34567,2_00_0
34568,1_00_0
34570,4_00_0
34571,4_00_0
34572,3_00_0
34573,3_00_0
34574,3_b3_1
34575,3_b3_1
34576,6_b4_3
34577,6_00_0
34578,4_00_0
34580,3_b7_1
34581,3_b3_1
34582,3_00_0
34583,3_00_0
34584,1_00_0
34585,1_00_0
34586,3_00_0
34587,3_b3_1
34588,6_00_0
34589,3_00_0
34590,4_00_0
34591,4_00_0
34592,6_00_0
34593,3_00_0
34594,4_00_0
34595,4_00_0
34596,3_00_0
34597,3_b7_1
34598,3_00_0
34599,6_00_0
34601,4_00_0
34602,3_00_0
34603,3_00_0
34604,4_00_0
34605,1_00_0
34606,6_00_0
34607,5_a7_2
34608,5_a7_2
34609,5_b6_1
34610,4_00_0
34611,5_b6_1
34612,4_00_0
34613,3_00_0
34614,1_00_0
34615,5_b8_1
34616,3_b7_1
34619,1_00_0
34620,4_00_0
34621,6_00_0
34622,3_00_0
34623,6_a12_2
34624,1_00_0
34625,3_b6_1
34627,5_a7_2
34628,6_b4_1
34629,6_00_0
34630,6_00_0
34631,1_00_0
34632,1_00_0
34633,3_00_0
34634,2_a5_2
34635,3_00_0
34637,6_a11_1
34638,5_b7_1
34639,3_00_0
34640,1_00_0
34641,1_00_0
34642,4_00_0
34643,6_00_0
34644,1_00_0
34645,6_00_0
34646,3_00_0
34647,3_00_0
34648,5_b8_1
34649,3_b6_1
34650,3_00_0
34651,3_b8_1
34652,3_00_0
34654,3_00_0
34655,6_00_0
34656,6_00_0
34657,1_00_0
34658,6_00_0
34659,6_00_0
34660,3_00_0
34661,6_00_0
34662,6_00_0
34663,6_00_0
34664,5_b8_1
34665,3_00_0
34666,3_00_0
34668,5_b6_1
34669,1_00_0
34670,5_a7_2
34671,2_00_0
34673,3_b8_1
34675,5_a7_2
34676,3_b3_1
34677,3_b7_1
34678,3_00_0
34679,2_a5_2
34680,3_b8_1
34681,6_00_0
34683,6_00_0
34685,6_a11_1
34686,3_00_0
34687,4_00_0
34688,5_b7_1
34689,4_00_0
34690,1_00_0
34691,1_00_0
34692,4_00_0
34693,1_00_0
34694,3_00_0
34695,1_00_0
34696,3_a9_1
34697,3_b3_1
34698,4_00_0
34700,5_b6_1
34701,5_b8_1
34702,5_b7_1
34703,3_00_0
34704,3_b8_1
34705,5_b7_1
34706,5_b7_1
34707,5_b7_1
34708,6_00_0
34709,1_00_0
34710,1_00_0
34711,3_00_0
34712,6_00_0
34713,3_00_0
34715,2_a5_2
34716,6_a11_1
34717,4_00_0
34718,1_00_0
34719,1_00_0
34720,2_a5_2
34721,6_00_0
34722,4_00_0
34723,4_00_0
34724,4_00_0
34725,5_b6_1
34726,3_00_0
34727,5_b7_1
34728,4_00_0
34729,4_00_0
34730,6_00_0
34731,5_b6_1
34732,3_00_0
34733,3_a9_1
34734,4_00_0
34735,4_00_0
34736,6_00_0
34738,4_00_0
34739,2_a5_2
34740,6_00_0
34741,6_a11_1
34742,4_00_0
34743,1_00_0
34744,3_00_0
34745,3_b6_1
34746,6_00_0
34747,3_a9_2
34748,3_a9_1
34749,5_b8_1
34750,3_00_0
34751,6_00_0
34752,3_00_0
34753,1_00_0
34754,6_00_0
34755,3_b7_1
34756,6_00_0
34757,4_00_0
34758,5_b8_1
34759,4_00_0
34760,3_b6_1
34761,4_00_0
34762,6_00_0
34764,3_00_0
34765,6_00_0
34766,1_00_0
34767,3_b7_1
34768,3_b7_1
34769,6_00_0
34770,4_00_0
34771,6_00_0
34772,3_b7_1
34773,5_b8_1
34774,5_b8_1
34776,1_00_0
34777,1_00_0
34778,3_b8_1
34779,6_a12_1
34781,1_00_0
34782,3_b7_1
34783,4_00_0
34784,4_00_0
34785,4_00_0
34786,2_a5_2
34788,5_b7_1
34789,4_00_0
34790,4_00_0
34791,3_00_0
34792,3_00_0
34793,6_00_0
34794,6_00_0
34795,3_00_0
34796,3_00_0
34797,3_00_0
34798,3_00_0
34799,4_00_0
34800,3_00_0
34801,3_b7_1
34802,6_00_0
34803,4_00_0
34804,4_00_0
34805,3_00_0
34806,3_00_0
34808,1_00_0
34810,1_00_0
34811,5_b8_1
34812,3_00_0
34813,3_00_0
34814,3_b8_1
34815,4_00_0
34816,6_00_0
34818,4_00_0
34819,5_00_0
34820,3_b7_1
34821,3_b6_1
34822,3_b6_1
34823,3_a9_1
34824,3_00_0
34825,6_00_0
34826,3_b6_1
34827,6_00_0
34828,2_a5_2
34829,4_00_0
34830,4_00_0
34831,1_00_0
34832,3_b6_1
34833,6_00_0
34834,3_00_0
34835,2_a5_2
34836,6_00_0
34837,3_00_0
34839,6_a11_1
34840,5_b6_1
34841,3_a9_2
34842,1_00_0
34843,2_a5_2
34845,2_a5_2
34846,6_00_0
34847,6_b4_1
34848,3_a9_2
34850,3_00_0
34851,3_00_0
34853,4_00_0
34854,3_00_0
34855,3_00_0
34856,3_b3_1
34857,6_00_0
34858,3_b8_1
34859,3_b7_1
34860,4_00_0
34861,5_b8_1
34863,4_00_0
34864,3_00_0
34865,3_b7_1
34867,5_b7_1
34868,3_b6_1
34869,3_00_0
34870,1_00_0
34871,6_00_0
34873,4_00_0
34874,4_00_0
34875,1_00_0
34876,3_00_0
34877,4_00_0
34879,3_00_0
34880,1_00_0
34881,2_00_0
34882,4_00_0
34883,5_b8_1
34884,5_b6_1
34885,5_b7_1
34886,6_00_0
34887,1_00_0
34888,3_00_0
34891,5_b6_1
34892,5_a7_2
34893,5_b8_1
34894,5_b7_1
34895,4_00_0
34896,1_00_0
34897,3_b3_1
34899,3_00_0
34900,3_b6_1
34901,1_00_0
34902,4_00_0
34903,1_00_0
34904,3_b6_1
34905,1_00_0
34906,4_00_0
34907,5_b8_1
34908,1_00_0
34909,5_b7_1
34910,3_00_0
34911,3_b7_1
34912,3_b8_1
34913,3_a9_1
34914,2_a5_2
34915,3_00_0
34916,1_00_0
34917,3_a9_2
34918,5_b8_1
34919,1_00_0
34920,3_00_0
34921,6_00_0
34922,4_00_0
34923,5_a7_2
34924,4_00_0
34925,3_b3_1
34926,3_b6_1
34928,4_00_0
34929,3_a9_2
34930,6_b5_1
34931,5_00_0
34932,3_b7_1
34933,1_00_0
34934,4_00_0
34935,6_00_0
34936,3_a9_2
34937,6_b4_3
34938,1_00_0
34939,1_00_0
34940,6_00_0
34941,6_00_0
34943,3_00_0
34944,5_b8_1
34945,3_00_0
34946,6_00_0
34947,5_b7_1
34948,6_00_0
34949,3_b3_1
34950,5_b6_1
34951,6_00_0
34952,3_00_0
34953,3_00_0
34954,3_a9_2
34955,6_00_0
34956,2_a5_2
34957,3_a9_1
34958,3_00_0
34959,2_a5_2
34960,3_b8_1
34961,5_a7_2
34962,5_b7_1
34963,3_00_0
34964,3_a9_2
34965,3_00_0
34968,3_00_0
34969,6_00_0
34970,1_00_0
34971,6_00_0
34973,3_00_0
34974,3_00_0
34975,6_00_0
34976,3_00_0
34977,6_00_0
34979,5_b8_1
34980,2_a5_2
34981,1_00_0
34982,1_00_0
34983,3_b3_1
34984,1_00_0
34985,3_00_0
34986,6_00_0
34987,6_00_0
34988,3_b3_1
34989,3_00_0
34990,1_00_0
34991,3_00_0
34992,3_b7_1
34993,4_00_0
34994,5_b6_1
34996,6_a12_2
34997,5_b6_1
34998,1_00_0
34999,3_00_0
35000,4_00_0
35001,3_b3_1
35002,4_00_0
35003,4_00_0
35004,5_b6_1
35005,3_b3_1
35006,1_00_0
35007,3_00_0
35009,5_00_0
35010,3_b7_1
35011,3_a9_1
35012,1_00_0
35013,3_b3_1
35014,5_b8_1
35015,5_b6_1
35016,5_a7_2
35017,1_00_0
35018,5_b6_1
35021,3_00_0
35022,4_00_0
35023,1_00_0
35024,3_b7_1
35025,1_00_0
35026,6_00_0
35027,6_00_0
35028,6_00_0
35029,1_00_0
35030,3_00_0
35031,1_00_0
35032,5_b6_1
35033,3_00_0
35034,1_00_0
35035,4_00_0
35036,3_a9_2
35037,6_00_0
35038,3_00_0
35039,3_a9_1
35040,4_00_0
35041,4_00_0
35042,3_00_0
35044,2_00_0
35045,5_b6_1
35046,3_b3_1
35047,5_00_0
35048,3_b6_1
35049,3_b7_1
35050,6_00_0
35052,3_b6_1
35053,3_b3_1
35054,1_00_0
35055,3_a9_1
35056,3_00_0
35057,3_00_0
35058,3_00_0
35059,3_00_0
35060,4_00_0
35061,6_00_0
35062,2_a5_2
35063,1_00_0
35064,6_00_0
35065,6_00_0
35066,3_00_0
35068,4_00_0
35069,6_00_0
35070,4_00_0
35071,1_00_0
35072,3_b3_1
35073,3_b8_1
35074,5_b8_1
35075,3_00_0
35076,4_00_0
35077,3_00_0
35078,1_00_0
35079,5_a7_2
35081,3_00_0
35082,3_00_0
35083,3_a9_2
35084,1_00_0
35085,6_00_0
35086,4_00_0
35087,3_00_0
35088,5_a7_2
35090,4_00_0
35091,6_00_0
35092,5_b6_1
35093,3_00_0
35095,1_00_0
35096,6_00_0
35097,3_00_0
35098,3_00_0
35099,6_a12_2
35100,3_00_0
35101,3_a9_2
35102,1_00_0
35103,6_00_0
35104,6_b5_1
35105,3_00_0
35106,6_00_0
35107,1_00_0
35108,3_a9_2
35109,3_a9_1
35110,3_00_0
35112,3_b6_1
35113,5_b6_1
35114,6_00_0
35115,3_b8_1
35116,3_b7_1
35117,1_00_0
35120,3_b3_1
35121,5_00_0
35122,3_00_0
35123,1_00_0
35124,5_b6_1
35125,3_00_0
35126,3_a9_2
35127,3_00_0
35128,3_b3_1
35129,4_00_0
35130,6_00_0
35131,4_00_0
35132,3_00_0
35135,6_00_0
35136,3_00_0
35137,3_00_0
35138,6_00_0
35139,2_a5_2
35140,5_b7_1
35141,3_b7_1
35142,1_00_0
35143,5_b6_1
35144,6_00_0
35145,6_00_0
35146,5_a7_2
35147,3_a9_2
35148,1_00_0
35149,1_00_0
35151,1_00_0
35152,3_b7_1
35153,6_00_0
35154,3_b3_1
35155,3_00_0
35156,3_b7_1
35157,3_00_0
35158,4_00_0
35159,5_b7_1
35160,6_00_0
35161,3_00_0
35162,6_00_0
35163,6_00_0
35164,6_00_0
35165,5_b6_1
35166,6_00_0
35167,1_00_0
35168,1_00_0
35169,4_00_0
35170,3_00_0
35171,5_b6_1
35172,3_b7_1
35176,3_00_0
35177,2_a5_2
35178,1_00_0
35180,1_00_0
35181,5_b6_1
35182,4_00_0
35183,6_00_0
35184,3_a9_2
35185,3_a9_1
35186,1_00_0
35187,6_00_0
35188,3_b6_1
35189,3_a9_1
35190,5_b6_1
35191,3_00_0
35192,6_00_0
35193,4_00_0
35194,6_00_0
35196,3_00_0
35197,6_00_0
35198,4_00_0
35199,2_a5_2
35200,6_00_0
35201,4_00_0
35202,3_00_0
35203,6_00_0
35204,4_00_0
35205,2_00_0
35206,5_b7_1
35207,5_a7_2
35208,6_00_0
35209,5_b8_1
35210,3_00_0
35211,6_00_0
35212,6_00_0
35213,3_00_0
35214,3_00_0
35215,5_b7_1
35216,3_b6_1
35217,1_00_0
35218,3_b3_1
35219,5_b8_1
35221,3_00_0
35222,3_b6_1
35223,1_00_0
35224,3_b6_1
35225,3_b3_1
35226,4_00_0
35227,3_b3_1
35228,6_00_0
35229,3_00_0
35231,6_00_0
35232,4_00_0
35233,3_a9_2
35234,6_00_0
35235,6_00_0
35236,3_00_0
35237,4_00_0
35238,2_a5_2
35239,3_a9_1
35240,5_b7_1
35241,1_00_0
35242,3_a9_1
35243,3_00_0
35244,3_00_0
35245,3_00_0
35246,4_00_0
35247,3_a9_2
35248,6_a11_1
35249,1_00_0
35251,3_b3_1
35252,3_00_0
35253,3_b7_1
35254,2_00_0
35255,6_00_0
35256,3_a9_1
35257,4_00_0
35258,3_b7_1
35259,5_b6_1
35260,3_a9_2
35261,5_b6_1
35262,4_00_0
35263,4_00_0
35264,5_b6_1
35265,5_b6_1
35266,3_b8_1
35268,3_b3_1
35270,5_b7_1
35271,2_00_0
35272,6_00_0
35273,6_00_0
35274,6_00_0
35275,3_00_0
35276,3_00_0
35277,2_a5_2
35278,6_00_0
35279,1_00_0
35280,6_00_0
35281,4_00_0
35282,2_00_0
35283,4_00_0
35284,3_a9_1
35285,2_00_0
35286,2_00_0
35287,2_a5_2
35288,1_00_0
35291,4_00_0
35292,6_00_0
35293,5_b8_1
35294,1_00_0
35295,3_b3_1
35296,3_b6_1
35297,1_00_0
35298,4_00_0
35299,3_00_0
35300,5_a7_2
35301,1_00_0
35302,2_a5_2
35303,6_00_0
35304,3_a9_2
35305,2_a5_2
35306,6_00_0
35307,3_b6_1
35308,3_b7_1
35309,6_00_0
35310,3_00_0
35311,4_00_0
35312,6_00_0
35313,3_00_0
35314,4_00_0
35315,3_b6_1
35316,6_00_0
35317,3_00_0
35318,3_a9_2
35319,3_b3_1
35320,3_00_0
35321,1_00_0
35322,5_00_0
35323,3_b6_1
35324,5_b8_1
35325,1_00_0
35327,1_00_0
35328,3_00_0
35329,1_00_0
35331,3_b3_1
35332,3_b7_1
35333,1_00_0
35334,3_a9_1
35335,3_00_0
35336,4_00_0
35337,1_00_0
35338,2_00_0
35339,4_00_0
35340,1_00_0
35341,2_a5_2
35342,3_00_0
35343,4_00_0
35344,5_00_0
35346,5_b8_1
35347,3_00_0
35348,6_00_0
35349,6_00_0
35350,3_00_0
35351,5_b8_1
35352,6_00_0
35353,6_00_0
35354,3_00_0
35355,6_00_0
35356,4_00_0
35357,6_00_0
35358,1_00_0
35360,3_00_0
35361,4_00_0
35362,3_00_0
35363,3_00_0
35364,6_00_0
35365,2_a5_2
35366,4_00_0
35369,5_00_0
35370,1_00_0
35371,3_b3_1
35372,3_a9_1
35373,6_00_0
35374,3_00_0
35375,4_00_0
35376,3_00_0
35377,5_00_0
35378,6_00_0
35380,3_b3_1
35381,3_00_0
35383,3_00_0
35384,6_a12_2
35387,6_00_0
35388,3_00_0
35389,3_a9_3
35390,1_00_0
35391,4_00_0
35392,3_00_0
35393,3_00_0
35394,4_00_0
35396,1_00_0
35397,5_b7_1
35398,3_00_0
35399,3_00_0
35400,3_a9_2
35401,3_b6_1
35403,3_00_0
35404,6_00_0
35405,4_00_0
35406,3_00_0
35407,4_00_0
35408,3_00_0
35409,3_b6_1
35410,4_00_0
35411,6_00_0
35412,4_00_0
35413,2_a5_2
35414,6_00_0
35415,6_00_0
35416,3_00_0
35417,6_b4_3
35418,3_00_0
35419,3_00_0
35420,5_b6_1
35421,4_00_0
35422,1_00_0
35423,6_00_0
35424,6_00_0
35426,6_00_0
35427,6_a12_2
35428,4_00_0
35429,4_00_0
35430,3_b3_1
35431,1_00_0
35432,3_00_0
35433,3_00_0
35434,3_00_0
35435,5_00_0
35436,5_b7_1
35437,1_00_0
35438,3_00_0
35439,4_00_0
35440,1_00_0
35441,3_a9_1
35442,3_00_0
35444,3_00_0
35445,6_00_0
35446,6_00_0
35448,3_00_0
35449,3_b6_1
35450,2_a5_2
35451,3_b7_1
35452,1_00_0
35453,4_00_0
35454,1_00_0
35455,1_00_0
35456,3_a9_2
35457,3_00_0
35458,6_a11_1
35459,6_a11_1
35460,3_00_0
35461,3_00_0
35462,4_00_0
35463,4_00_0
35465,6_00_0
35466,2_00_0
35467,3_a9_2
35468,1_00_0
35469,5_b6_1
35470,1_00_0
35471,3_00_0
35472,1_00_0
35473,6_00_0
35474,3_a9_1
35476,4_00_0
35477,2_00_0
35479,4_00_0
35480,3_b7_1
35481,3_b8_1
35482,3_00_0
35483,6_00_0
35484,5_a7_2
35485,3_00_0
35486,6_00_0
35487,5_b7_1
35488,3_00_0
35490,6_a11_1
35491,3_b3_1
35492,6_00_0
35494,3_b8_1
35496,3_b7_1
35497,6_00_0
35498,3_a9_1
35499,6_00_0
35500,3_b3_1
35501,3_a9_3
35502,3_00_0
35503,4_00_0
35504,4_00_0
35505,2_a5_2
35506,3_a9_1
35507,4_00_0
35508,4_00_0
35509,4_00_0
35510,5_b7_1
35511,4_00_0
35512,6_a11_1
35513,4_00_0
35514,3_b6_1
35518,3_a9_2
35519,4_00_0
35520,4_00_0
35521,3_b6_1
35522,3_b3_1
35523,6_00_0
35524,5_b6_1
35525,3_a9_3
35526,2_00_0
35527,3_00_0
35528,5_b6_1
35529,3_a9_2
35530,4_00_0
35532,3_00_0
35533,1_00_0
35534,3_00_0
35535,3_00_0
35536,4_00_0
35537,3_00_0
35538,3_b8_1
35539,3_b3_1
35540,3_00_0
35541,3_00_0
35542,4_00_0
35543,4_00_0
35544,4_00_0
35545,5_a7_2
35547,4_00_0
35548,4_00_0
35549,4_00_0
35550,3_b6_1
35551,3_a9_1
35552,4_00_0
35553,3_b6_1
35554,3_b3_1
35556,6_00_0
35557,3_00_0
35558,3_b3_1
35560,6_a12_2
35561,5_b6_1
35562,3_a9_3
35563,4_00_0
35564,3_00_0
35565,4_00_0
35566,3_00_0
35567,3_00_0
35569,1_00_0
35570,3_a9_2
35571,5_b7_1
35572,3_b3_1
35573,3_00_0
35574,2_00_0
35575,1_00_0
35576,4_00_0
35577,3_00_0
35578,3_00_0
35580,6_00_0
35581,5_a7_2
35582,6_00_0
35583,3_00_0
35584,1_00_0
35585,2_a5_2
35586,3_00_0
35588,5_b7_1
35589,3_a9_2
35590,2_a5_2
35591,3_00_0
35592,1_00_0
35593,1_00_0
35594,3_b6_1
35595,1_00_0
35596,6_00_0
35597,4_00_0
35598,3_00_0
35599,2_00_0
35600,1_00_0
35602,3_a9_2
35603,1_00_0
35604,6_00_0
35605,4_00_0
35606,1_00_0
35607,4_00_0
35608,6_00_0
35609,6_00_0
35610,5_b6_1
35611,6_00_0
35613,1_00_0
35614,4_00_0
35615,5_00_0
35616,1_00_0
35617,6_00_0
35618,2_a5_2
35619,1_00_0
35620,3_a9_2
35621,4_00_0
35622,3_00_0
35623,1_00_0
35624,2_00_0
35625,3_b7_1
35626,3_00_0
35627,3_00_0
35628,3_00_0
35629,3_00_0
35631,3_00_0
35632,4_00_0
35633,1_00_0
35634,5_b7_1
35635,6_00_0
35636,1_00_0
35637,3_00_0
35638,3_b8_1
35639,3_b3_1
35640,6_00_0
35641,1_00_0
35642,2_00_0
35643,3_00_0
35645,3_b3_1
35646,4_00_0
35647,4_00_0
35648,3_b3_1
35649,3_a9_1
35650,1_00_0
35651,3_00_0
35652,1_00_0
35653,4_00_0
35654,6_00_0
35655,4_00_0
35656,3_00_0
35657,1_00_0
35658,6_00_0
35659,6_a12_1
35660,6_a11_1
35661,6_00_0
35662,6_00_0
35664,1_00_0
35665,5_b8_1
35666,5_b6_1
35667,1_00_0
35668,6_00_0
35669,1_00_0
35670,4_00_0
35671,6_b5_1
35672,4_00_0
35673,4_00_0
35674,4_00_0
35675,1_00_0
35676,3_b6_1
35677,6_00_0
35678,1_00_0
35679,3_00_0
35680,6_00_0
35681,4_00_0
35682,6_a11_1
35683,4_00_0
35684,1_00_0
35685,1_00_0
35686,4_00_0
35687,6_00_0
35688,6_00_0
35689,2_00_0
35690,3_00_0
35691,6_00_0
35692,5_b8_1
35693,4_00_0
35694,3_00_0
35696,6_00_0
35697,1_00_0
35698,1_00_0
35699,6_b4_1
35700,1_00_0
35701,4_00_0
35703,4_00_0
35704,3_b3_1
35705,6_00_0
35706,1_00_0
35707,2_00_0
35708,6_00_0
35709,5_b6_1
35710,3_b3_1
35711,3_b3_1
35712,4_00_0
35713,6_00_0
35714,6_00_0
35715,1_00_0
35716,3_00_0
35717,4_00_0
35718,3_00_0
35719,3_b7_1
35720,5_a7_2
35721,6_00_0
35723,3_b7_1
35724,3_00_0
35725,5_b6_1
35726,3_00_0
35727,3_00_0
35728,4_00_0
35729,3_00_0
35730,1_00_0
35731,3_b7_1
35732,6_00_0
35733,6_00_0
35734,1_00_0
35735,6_00_0
35736,1_00_0
35737,5_00_0
35738,4_00_0
35739,3_00_0
35740,4_00_0
35741,3_00_0
35742,5_b6_1
35743,4_00_0
35744,3_b3_1
35745,3_a9_1
35746,5_b6_1
35747,3_b7_1
35748,3_00_0
35749,3_00_0
35750,3_00_0
35751,2_a5_2
35752,2_00_0
35753,3_00_0
35754,6_00_0
35755,5_a7_2
35756,6_00_0
35757,5_b7_1
35758,6_00_0
35759,6_00_0
35760,6_00_0
35761,5_b8_1
35762,3_a9_1
35763,4_00_0
35764,1_00_0
35765,2_a5_2
35766,1_00_0
35767,4_00_0
35768,3_00_0
35769,4_00_0
35770,6_00_0
35774,1_00_0
35775,4_00_0
35776,4_00_0
35777,3_00_0
35779,5_a7_2
35780,6_00_0
35781,3_00_0
35782,3_00_0
35783,1_00_0
35784,3_00_0
35785,3_a9_1
35786,3_00_0
35787,5_b7_1
35788,4_00_0
35789,3_a9_1
35792,3_b6_1
35793,5_b8_1
35794,2_00_0
35795,5_00_0
35796,3_b3_1
35797,4_00_0
35798,3_00_0
35799,4_00_0
35800,3_00_0
35801,4_00_0
35802,2_a5_2
35803,3_a9_3
35804,3_00_0
35805,6_a12_2
35806,3_b8_1
35807,6_00_0
35810,1_00_0
35811,3_00_0
35812,6_00_0
35813,2_00_0
35814,4_00_0
35815,6_00_0
35817,3_b7_1
35818,3_b8_1
35819,6_a11_1
35820,3_00_0
35821,1_00_0
35822,3_00_0
35823,3_b8_1
35824,3_00_0
35825,1_00_0
35826,6_00_0
35827,3_00_0
35828,5_b6_1
35829,1_00_0
35830,3_00_0
35832,3_b3_1
35834,1_00_0
35835,3_00_0
35836,3_00_0
35837,2_00_0
35839,4_00_0
35840,5_00_0
35841,4_00_0
35842,3_b7_1
35843,2_00_0
35844,6_00_0
35845,3_b7_1
35846,5_b6_1
35847,4_00_0
35848,3_00_0
35849,4_00_0
35850,1_00_0
35851,5_a7_2
35852,1_00_0
35854,6_00_0
35856,4_00_0
35857,4_00_0
35858,6_00_0
35860,6_00_0
35861,3_a9_2
35862,4_00_0
35863,3_00_0
35864,2_00_0
35865,6_00_0
35866,5_b8_1
35867,3_a9_2
35868,4_00_0
35869,3_00_0
35870,1_00_0
35871,6_00_0
35872,3_a9_1
35873,3_b7_1
35874,3_b8_1
35875,3_b8_1
35876,3_00_0
35877,5_b8_1
35878,5_b6_1
35879,4_00_0
35881,4_00_0
35882,4_00_0
35883,1_00_0
35884,3_00_0
35885,6_a11_1
35886,4_00_0
35887,3_a9_2
35888,6_00_0
35889,2_a5_2
35890,3_a9_1
35891,6_00_0
35892,4_00_0
35893,6_a11_1
35894,6_00_0
35895,4_00_0
35896,2_00_0
35897,1_00_0
35899,6_00_0
35900,3_a9_2
35901,3_00_0
35902,3_00_0
35904,3_00_0
35905,3_a9_2
35907,3_a9_2
35908,6_00_0
35909,4_00_0
35910,3_a9_1
35911,2_a5_2
35912,3_00_0
35913,6_00_0
35915,4_00_0
35917,1_00_0
35918,6_00_0
35919,5_b7_1
35920,3_00_0
35921,3_b7_1
35922,3_00_0
35923,3_b7_1
35924,5_a7_2
35925,3_a9_2
35926,5_b7_1
35927,6_a11_1
35928,3_b3_1
35929,3_00_0
35930,6_00_0
35931,3_a9_2
35933,4_00_0
35934,1_00_0
35935,6_00_0
35936,5_b6_1
35937,1_00_0
35938,6_00_0
35939,3_00_0
35941,1_00_0
35942,6_00_0
35943,3_00_0
35944,6_00_0
35945,3_00_0
35946,3_00_0
35947,6_00_0
35948,3_b7_1
35949,3_a9_2
35950,3_a9_2
35951,2_a5_2
35952,1_00_0
35953,4_00_0
35954,3_00_0
35955,6_00_0
35956,5_b8_1
35957,6_00_0
35958,6_00_0
35959,5_b8_1
35960,1_00_0
35961,6_00_0
35962,6_00_0
35963,3_00_0
35964,3_b3_1
35965,6_00_0
35966,2_00_0
35967,6_00_0
35968,1_00_0
35969,1_00_0
35970,2_00_0
35971,3_b7_1
35973,1_00_0
35974,2_a5_2
35975,5_b6_1
35976,6_00_0
35977,4_00_0
35978,3_00_0
35979,3_b7_1
35980,6_00_0
35981,3_00_0
35983,3_00_0
35984,3_b3_1
35985,6_00_0
35986,3_00_0
35987,5_00_0
35988,1_00_0
35989,3_b6_1
35990,4_00_0
35991,4_00_0
35992,1_00_0
35993,4_00_0
35994,2_00_0
35996,3_00_0
35997,5_b6_1
35998,3_00_0
35999,3_00_0
36000,6_00_0
36001,3_00_0
36002,3_b7_1
36003,1_00_0
36004,3_b8_1
36005,3_b3_1
36006,3_a9_1
36007,3_b6_1
36008,4_00_0
36009,1_00_0
36010,4_00_0
36011,4_00_0
36012,5_b7_1
36013,1_00_0
36014,6_00_0
36017,5_b8_1
36018,4_00_0
36020,3_00_0
36021,5_b6_1
36022,3_a9_2
36023,3_a9_2
36024,3_b7_1
36026,5_b7_1
36027,5_b7_1
36028,4_00_0
36029,5_b7_1
36030,3_00_0
36031,2_a5_2
36032,1_00_0
36033,5_b7_1
36035,5_00_0
36036,3_00_0
36037,6_b4_3
36038,5_b8_1
36039,3_a9_1
36040,3_b8_1
36041,3_a9_2
36042,1_00_0
36043,6_00_0
36044,3_a9_1
36045,3_00_0
36046,3_b7_1
36047,1_00_0
36048,3_00_0
36050,5_b6_1
36051,3_a9_2
36052,1_00_0
36053,6_a12_2
36054,3_a9_2
36055,4_00_0
36056,3_00_0
36058,4_00_0
36059,1_00_0
36061,3_00_0
36062,3_00_0
36063,2_a5_2
36064,5_b8_1
36065,5_b6_1
36066,6_00_0
36067,6_00_0
36068,3_b7_1
36069,2_a5_2
36070,3_00_0
36071,4_00_0
36072,6_00_0
36073,5_b7_1
36074,4_00_0
36075,3_00_0
36076,3_00_0
36077,4_00_0
36078,6_00_0
36079,3_00_0
36080,3_b7_1
36081,4_00_0
36082,3_a9_2
36083,6_00_0
36084,6_00_0
36085,3_00_0
36086,6_a11_1
36087,3_00_0
36089,3_00_0
36090,4_00_0
36091,4_00_0
36094,4_00_0
36095,3_00_0
36096,3_00_0
36098,6_00_0
36099,2_a5_2
36100,3_00_0
36101,4_00_0
36102,6_00_0
36103,3_00_0
36104,4_00_0
36106,3_00_0
36107,4_00_0
36108,3_b8_1
36109,5_b6_1
36110,6_00_0
36111,4_00_0
36112,2_00_0
36113,6_00_0
36114,3_a9_2
36115,1_00_0
36116,3_00_0
36117,4_00_0
36118,3_00_0
36119,6_00_0
36120,3_00_0
36121,3_a9_1
36122,6_a11_1
36123,6_00_0
36124,4_00_0
36125,3_00_0
36126,3_00_0
36127,4_00_0
36128,4_00_0
36129,5_b6_1
36130,2_a5_2
36132,6_00_0
36133,1_00_0
36134,5_00_0
36135,5_b7_1
36136,3_00_0
36137,6_00_0
36138,6_00_0
36139,3_a9_2
36140,3_00_0
36142,4_00_0
36144,3_b3_1
36146,4_00_0
36147,3_b6_1
36148,2_00_0
36149,6_b4_1
36150,3_00_0
36151,1_00_0
36152,3_b3_1
36153,2_00_0
36155,3_00_0
36156,3_00_0
36157,5_b6_1
36158,3_a9_2
36159,1_00_0
36161,6_00_0
36162,3_a9_2
36163,6_00_0
36164,6_00_0
36165,1_00_0
36166,1_00_0
36168,3_00_0
36169,6_00_0
36170,1_00_0
36171,3_00_0
36172,1_00_0
36173,3_00_0
36174,3_00_0
36175,5_00_0
36176,3_00_0
36177,3_00_0
36179,2_a5_2
36180,1_00_0
36181,4_00_0
36182,5_b8_1
36183,3_b7_1
36184,5_b6_1
36185,3_00_0
36186,3_00_0
36187,3_a9_2
36188,1_00_0
36189,5_a7_2
36190,3_00_0
36191,6_00_0
36192,6_00_0
36193,3_b7_1
36194,3_00_0
36195,3_b7_1
36196,6_b4_3
36197,6_00_0
36198,4_00_0
36199,6_00_0
36200,1_00_0
36202,5_b7_1
36203,6_a11_1
36204,3_b6_1
36205,5_b8_1
36206,6_00_0
36207,3_00_0
36209,1_00_0
36210,6_00_0
36211,2_a5_2
36212,6_00_0
36213,1_00_0
36214,4_00_0
36215,3_00_0
36216,4_00_0
36217,3_00_0
36218,4_00_0
36220,6_00_0
36221,4_00_0
36222,3_00_0
36223,3_a9_1
36225,5_b8_1
36226,1_00_0
36227,3_a9_2
36228,3_00_0
36229,6_a11_1
36230,3_b7_1
36231,3_b6_1
36232,4_00_0
36233,6_00_0
36234,3_b7_1
36235,6_00_0
36236,6_00_0
36237,3_a9_2
36238,2_00_0
36239,3_00_0
36241,1_00_0
36242,3_b7_1
36243,3_b7_1
36244,6_b4_1
36245,5_a7_2
36246,3_00_0
36247,2_00_0
36248,6_a11_1
36249,5_b7_1
36250,3_b6_1
36252,4_00_0
36253,3_00_0
36254,6_00_0
36255,2_a5_2
36256,3_00_0
36257,3_00_0
36258,6_00_0
36259,4_00_0
36260,3_00_0
36261,1_00_0
36263,3_00_0
36264,5_a7_2
36265,6_00_0
36266,4_00_0
36267,3_00_0
36268,5_b8_1
36269,3_b3_1
36270,4_00_0
36271,5_b7_1
36272,1_00_0
36273,6_00_0
36274,6_00_0
36275,5_b6_1
36276,6_00_0
36277,4_00_0
36279,4_00_0
36280,3_00_0
36281,5_a7_2
36282,6_00_0
36283,3_00_0
36284,1_00_0
36285,3_00_0
36286,3_00_0
36287,1_00_0
36288,6_00_0
36289,5_00_0
36290,3_b3_1
36291,1_00_0
36292,1_00_0
36293,4_00_0
36295,6_a11_1
36296,5_00_0
36297,4_00_0
36298,1_00_0
36299,2_00_0
36300,3_00_0
36301,1_00_0
36302,3_00_0
36303,4_00_0
36304,1_00_0
36305,5_b6_1
36306,3_00_0
36307,3_00_0
36308,6_00_0
36309,4_00_0
36310,5_a7_2
36311,3_b8_1
36312,3_00_0
36313,3_b6_1
36314,3_b7_1
36315,1_00_0
36316,3_00_0
36317,4_00_0
36318,3_00_0
36319,1_00_0
36320,4_00_0
36322,1_00_0
36323,6_00_0
36324,3_00_0
36325,3_b3_1
36327,6_a11_1
36328,1_00_0
36329,3_a9_1
36330,5_a7_2
36331,6_00_0
36332,4_00_0
36333,3_00_0
36334,3_00_0
36335,6_00_0
36336,3_b8_1
36337,3_b7_1
36338,5_b7_1
36339,3_00_0
36340,3_b8_1
36342,6_00_0
36343,3_00_0
36344,3_b6_1
36345,3_00_0
36346,3_a9_3
36347,3_00_0
36348,6_b4_1
36349,4_00_0
36351,4_00_0
36352,4_00_0
36353,3_00_0
36354,3_00_0
36355,3_b7_1
36356,5_b7_1
36358,5_b8_1
36359,3_a9_2
36360,3_b8_1
36361,3_a9_2
36362,2_a5_2
36363,6_00_0
36364,3_00_0
36365,6_a12_1
36366,2_00_0
36367,3_00_0
36368,3_00_0
36369,3_00_0
36370,6_00_0
36371,3_b6_1
36372,3_00_0
36373,4_00_0
36374,1_00_0
36375,3_00_0
36376,3_00_0
36377,6_00_0
36378,4_00_0
36379,1_00_0
36380,4_00_0
36381,3_00_0
36382,5_a7_2
36383,3_b3_1
36384,4_00_0
36385,6_00_0
36386,3_00_0
36388,5_b7_1
36389,1_00_0
36390,3_00_0
36392,6_00_0
36393,3_00_0
36394,4_00_0
36395,3_00_0
36396,3_b7_1
36397,3_00_0
36399,3_00_0
36400,1_00_0
36401,3_00_0
36402,5_a7_2
36403,6_00_0
36404,3_b6_1
36405,4_00_0
36406,6_b4_1
36407,3_a9_1
36408,5_b7_1
36409,6_00_0
36410,6_00_0
36411,3_b8_1
36412,6_00_0
36413,2_a5_2
36414,4_00_0
36415,6_00_0
36418,3_00_0
36419,5_b7_1
36420,6_00_0
36421,6_00_0
36422,3_b3_1
36423,3_00_0
36424,4_00_0
36425,3_b7_1
36426,6_00_0
36427,5_b8_1
36428,1_00_0
36429,1_00_0
36430,4_00_0
36431,6_00_0
36432,3_00_0
36433,3_b7_1
36435,3_b6_1
36436,4_00_0
36437,4_00_0
36438,1_00_0
36439,4_00_0
36440,3_a9_2
36441,2_00_0
36442,1_00_0
36443,6_00_0
36444,1_00_0
36445,3_b7_1
36446,3_b7_1
36447,5_b6_1
36450,3_00_0
36451,5_b8_1
36452,3_b3_1
36453,4_00_0
36454,6_00_0
36455,2_00_0
36457,1_00_0
36458,6_00_0
36459,3_00_0
36460,2_00_0
36461,3_b3_1
36462,3_a9_1
36463,1_00_0
36464,1_00_0
36467,3_b6_1
36468,1_00_0
36469,4_00_0
36470,5_b8_1
36471,2_a5_2
36472,4_00_0
36475,6_b4_1
36476,1_00_0
36477,3_00_0
36478,5_b7_1
36479,6_00_0
36481,2_a5_2
36482,4_00_0
36483,6_a12_2
36484,5_b6_1
36485,6_00_0
36486,4_00_0
36487,4_00_0
36488,5_a7_2
36489,6_00_0
36490,4_00_0
36491,4_00_0
36492,3_a9_1
36493,6_00_0
36494,4_00_0
36495,5_b8_1
36496,1_00_0
36497,5_b8_1
36498,6_00_0
36499,3_00_0
36500,1_00_0
36501,4_00_0
36502,3_b7_1
36503,6_00_0
36505,1_00_0
36506,6_00_0
36507,6_00_0
36508,4_00_0
36509,3_b3_1
36510,3_b7_1
36511,6_00_0
36512,4_00_0
36513,4_00_0
36514,3_00_0
36515,6_00_0
36516,3_00_0
36517,3_00_0
36518,3_b6_1
36519,3_b6_1
36520,6_a11_1
36521,2_a5_2
36523,6_00_0
36526,1_00_0
36527,3_b3_1
36528,1_00_0
36529,6_00_0
36530,3_b6_1
36531,6_00_0
36532,1_00_0
36533,4_00_0
36534,1_00_0
36535,4_00_0
36536,1_00_0
36537,1_00_0
36538,6_00_0
36539,1_00_0
36540,5_a7_2
36542,5_b8_1
36543,4_00_0
36544,4_00_0
36546,3_00_0
36547,3_b7_1
36548,6_00_0
36549,3_00_0
36550,4_00_0
36551,3_a9_2
36552,4_00_0
36553,5_b7_1
36554,4_00_0
36555,4_00_0
36556,3_00_0
36557,5_b7_1
36558,5_b7_1
36559,5_b7_1
36560,3_b7_1
36561,3_b7_1
36562,4_00_0
36563,3_00_0
36564,6_00_0
36565,3_00_0
36566,1_00_0
36567,6_00_0
36568,4_00_0
36569,6_00_0
36570,4_00_0
36571,3_00_0
36572,3_00_0
36573,6_00_0
36574,6_a12_2
36575,5_b7_1
36576,3_b8_1
36577,3_00_0
36578,3_b8_1
36580,1_00_0
36581,1_00_0
36582,3_b7_1
36583,3_b6_1
36584,3_a9_1
36585,3_a9_2
36586,1_00_0
36587,3_a9_1
36588,3_b6_1
36589,3_b7_1
36590,3_00_0
36591,3_00_0
36592,3_00_0
36593,4_00_0
36594,6_00_0
36595,5_b8_1
36596,3_a9_1
36597,6_00_0
36598,4_00_0
36599,3_00_0
36600,4_00_0
36601,6_00_0
36602,4_00_0
36603,3_a9_2
36604,6_00_0
36606,3_b6_1
36607,3_00_0
36608,6_00_0
36609,4_00_0
36610,4_00_0
36611,5_b6_1
36612,3_00_0
36613,6_00_0
36614,1_00_0
36615,2_00_0
36617,3_00_0
36618,6_00_0
36619,4_00_0
36620,3_b3_1
36621,2_a5_2
36622,3_00_0
36623,5_a7_2
36624,6_00_0
36625,4_00_0
36626,3_b6_1
36627,3_00_0
36628,5_b8_1
36629,3_b8_1
36630,2_00_0
36631,3_a9_2
36632,3_b3_1
36633,1_00_0
36634,3_00_0
36635,3_a9_1
36636,5_b6_1
36637,4_00_0
36638,2_00_0
36640,3_b6_1
36641,3_b7_1
36642,1_00_0
36643,6_00_0
36644,6_00_0
36645,1_00_0
36646,3_00_0
36647,3_00_0
36648,3_00_0
36650,3_00_0
36651,1_00_0
36652,3_00_0
36653,6_00_0
36654,3_00_0
36655,6_00_0
36656,3_00_0
36657,3_00_0
36658,4_00_0
36660,1_00_0
36661,3_00_0
36662,4_00_0
36663,6_00_0
36664,3_00_0
36665,4_00_0
36666,6_00_0
36667,4_00_0
36668,6_00_0
36669,6_a11_1
36670,4_00_0
36671,1_00_0
36672,4_00_0
36673,3_b3_1
36674,6_00_0
36676,1_00_0
36677,1_00_0
36678,4_00_0
36680,3_b8_1
36682,3_00_0
36683,6_b4_1
36684,5_b6_1
36685,4_00_0
36686,3_00_0
36687,4_00_0
36688,3_00_0
36689,3_a9_1
36690,3_00_0
36691,6_00_0
36692,1_00_0
36693,5_b7_1
36694,1_00_0
36695,3_b7_1
36696,1_00_0
36697,3_b6_1
36698,4_00_0
36699,3_b3_1
36701,6_00_0
36702,3_00_0
36703,5_b8_1
36704,6_00_0
36705,3_00_0
36706,3_a9_1
36707,5_b8_1
36708,3_b8_1
36709,6_00_0
36710,3_b3_1
36711,3_a9_1
36712,1_00_0
36714,6_00_0
36715,1_00_0
36716,6_00_0
36717,4_00_0
36718,3_a9_1
36719,4_00_0
36720,3_00_0
36721,6_00_0
36722,3_00_0
36723,4_00_0
36724,4_00_0
36725,3_a9_2
36726,1_00_0
36727,3_a9_2
36728,3_00_0
36729,1_00_0
36730,6_00_0
36731,3_a9_1
36733,3_00_0
36734,3_b6_1
36735,4_00_0
36736,3_00_0
36737,1_00_0
36738,6_00_0
36739,6_00_0
36740,3_00_0
36741,2_00_0
36742,6_00_0
36743,5_b6_1
36744,3_00_0
36745,3_b6_1
36746,3_b6_1
36747,5_b8_1
36748,4_00_0
36749,1_00_0
36750,6_00_0
36752,4_00_0
36753,4_00_0
36754,6_00_0
36755,3_a9_1
36756,1_00_0
36757,2_00_0
36758,4_00_0
36759,5_b6_1
36760,5_a7_2
36761,4_00_0
36762,6_00_0
36763,1_00_0
36764,3_b6_1
36765,1_00_0
36766,5_a7_2
36768,5_b7_1
36769,5_b6_1
36770,5_a7_2
36771,3_00_0
36772,2_a5_2
36773,5_b6_1
36774,4_00_0
36775,3_00_0
36776,1_00_0
36778,4_00_0
36779,4_00_0
36781,1_00_0
36782,5_b6_1
36783,3_b3_1
36784,6_00_0
36785,4_00_0
36786,2_a5_2
36787,6_00_0
36789,3_00_0
36790,1_00_0
36791,5_b6_1
36793,3_00_0
36794,3_a9_1
36795,2_a5_2
36796,6_b4_1
36797,3_00_0
36798,6_00_0
36799,6_00_0
36800,5_b8_1
36801,4_00_0
36802,1_00_0
36803,4_00_0
36804,1_00_0
36805,3_00_0
36806,3_b8_1
36807,4_00_0
36808,1_00_0
36809,3_00_0
36810,1_00_0
36811,5_a7_2
36812,5_b7_1
36813,6_00_0
36814,4_00_0
36815,3_00_0
36817,3_00_0
36820,3_b7_1
36821,1_00_0
36822,4_00_0
36823,1_00_0
36824,4_00_0
36825,3_00_0
36826,3_b6_1
36827,3_00_0
36828,4_00_0
36829,4_00_0
36830,1_00_0
36831,4_00_0
36832,6_00_0
36833,3_a9_2
36834,6_00_0
36835,4_00_0
36836,1_00_0
36838,1_00_0
36839,3_00_0
36840,4_00_0
36841,1_00_0
36842,2_00_0
36843,6_00_0
36844,3_00_0
36845,3_b8_1
36846,1_00_0
36848,6_a11_2
36850,1_00_0
36851,2_00_0
36852,5_b6_1
36853,1_00_0
36854,5_b7_1
36855,4_00_0
36856,6_a12_2
36857,3_00_0
36858,4_00_0
36859,4_00_0
36860,5_b6_1
36861,3_00_0
36862,3_a9_2
36863,6_a12_2
36864,3_00_0
36865,4_00_0
36866,5_b6_1
36867,3_00_0
36868,4_00_0
36869,3_a9_2
36870,3_b8_1
36871,3_b8_1
36872,4_00_0
36873,3_00_0
36874,3_00_0
36875,5_00_0
36877,6_00_0
36878,3_b3_1
36879,4_00_0
36880,6_b4_3
36881,1_00_0
36882,2_a5_2
36884,4_00_0
36885,6_00_0
36886,5_b7_1
36887,1_00_0
36888,5_b6_1
36889,2_00_0
36890,3_00_0
36891,1_00_0
36892,4_00_0
36893,4_00_0
36894,4_00_0
36895,6_00_0
36896,1_00_0
36897,4_00_0
36898,3_00_0
36899,2_00_0
36900,4_00_0
36901,3_00_0
36902,1_00_0
36903,3_b6_1
36904,4_00_0
36905,1_00_0
36906,5_b6_1
36907,3_b7_1
36908,3_00_0
36910,6_00_0
36911,4_00_0
36912,3_a9_2
36913,5_a7_2
36914,3_b6_1
36915,4_00_0
36916,4_00_0
36917,6_00_0
36918,2_a5_2
36919,1_00_0
36921,6_a11_1
36922,1_00_0
36923,3_00_0
36924,1_00_0
36925,5_b6_1
36926,4_00_0
36927,6_00_0
36928,3_a9_1
36929,6_00_0
36930,1_00_0
36932,6_00_0
36933,5_b7_1
36934,3_a9_2
36935,5_b8_1
36937,5_b7_1
36938,1_00_0
36939,2_a5_2
36940,3_00_0
36941,4_00_0
36942,2_00_0
36943,3_00_0
36944,2_00_0
36945,5_b6_1
36946,3_00_0
36947,4_00_0
36948,1_00_0
36949,6_00_0
36950,6_00_0
36952,2_00_0
36953,3_00_0
36954,1_00_0
36955,1_00_0
36956,3_00_0
36957,3_00_0
36958,3_00_0
36960,3_00_0
36961,4_00_0
36962,6_00_0
36963,4_00_0
36964,4_00_0
36965,2_a5_2
36966,3_00_0
36967,4_00_0
36968,1_00_0
36969,3_b6_1
36971,5_b8_1
36972,3_00_0
36973,3_b8_1
36974,4_00_0
36976,2_a5_2
36977,6_a12_2
36979,3_00_0
36980,3_b8_1
36982,3_00_0
36983,4_00_0
36984,6_00_0
36985,1_00_0
36986,3_b8_1
36987,6_00_0
36988,3_a9_1
36989,1_00_0
36991,4_00_0
36992,6_00_0
36993,1_00_0
36994,3_00_0
36995,3_00_0
36996,6_00_0
36997,5_00_0
36998,3_00_0
36999,3_a9_1
37000,3_a9_1
37001,3_00_0
37002,3_b3_1
37003,3_b3_1
37005,5_b8_1
37006,3_00_0
37007,4_00_0
37008,4_00_0
37010,4_00_0
37011,4_00_0
37012,3_b8_1
37013,6_00_0
37014,2_a5_2
37015,6_b4_3
37016,3_a9_2
37017,2_a5_2
37019,3_00_0
37020,1_00_0
37021,3_a9_1
37022,2_00_0
37023,6_00_0
37024,3_00_0
37025,3_00_0
37026,3_a9_2
37027,5_b7_1
37028,3_00_0
37030,5_b8_1
37031,3_00_0
37032,2_a5_2
37034,3_00_0
37035,6_00_0
37036,3_b6_1
37038,4_00_0
37039,5_b8_1
37040,4_00_0
37041,3_b7_1
37042,3_b3_1
37043,6_00_0
37044,6_00_0
37045,3_b6_1
37046,6_00_0
37047,5_b6_1
37048,4_00_0
37049,5_b6_1
37050,4_00_0
37051,6_00_0
37052,1_00_0
37053,3_b6_1
37054,1_00_0
37055,5_a7_2
37056,1_00_0
37057,6_00_0
37059,6_00_0
37060,4_00_0
37061,6_00_0
37062,6_00_0
37063,1_00_0
37064,3_00_0
37065,3_00_0
37066,1_00_0
37067,6_00_0
37069,4_00_0
37070,1_00_0
37071,1_00_0
37072,3_a9_1
37073,6_00_0
37074,2_00_0
37075,3_00_0
37076,4_00_0
37077,5_b7_1
37078,3_a9_2
37079,1_00_0
37080,5_b7_1
37081,4_00_0
37082,3_00_0
37083,1_00_0
37084,3_b7_1
37085,1_00_0
37086,1_00_0
37087,6_00_0
37088,6_00_0
37089,3_00_0
37090,2_a5_2
37091,3_00_0
37092,4_00_0
37094,1_00_0
37095,3_a9_2
37096,3_00_0
37097,3_00_0
37098,3_00_0
37099,2_00_0
37100,5_b8_1
37101,3_b3_1
37102,3_00_0
37103,4_00_0
37104,6_00_0
37105,1_00_0
37106,1_00_0
37107,3_a9_1
37108,6_a12_2
37109,3_00_0
37110,6_00_0
37111,1_00_0
37112,3_b7_1
37113,3_b7_1
37114,3_00_0
37115,1_00_0
37116,1_00_0
37117,5_b6_1
37118,4_00_0
37119,5_b6_1
37120,6_00_0
37121,3_00_0
37122,3_00_0
37123,3_a9_2
37124,3_00_0
37125,1_00_0
37126,1_00_0
37127,6_00_0
37128,1_00_0
37129,1_00_0
37130,5_b7_1
37131,5_a7_2
37132,4_00_0
37133,3_00_0
37134,4_00_0
37135,5_b8_1
37136,1_00_0
37137,5_b6_1
37138,3_b6_1
37139,4_00_0
37140,5_b8_1
37141,2_00_0
37142,1_00_0
37143,3_00_0
37144,1_00_0
37145,6_00_0
37146,1_00_0
37147,1_00_0
37148,4_00_0
37150,2_a5_2
37151,3_b7_1
37152,3_b8_1
37153,4_00_0
37154,4_00_0
37155,4_00_0
37156,1_00_0
37157,2_a5_2
37158,3_00_0
37160,3_b7_1
37161,1_00_0
37162,6_00_0
37163,4_00_0
37164,3_b6_1
37165,5_b8_1
37166,3_b8_1
37167,3_b8_1
37168,1_00_0
37170,6_00_0
37171,3_b6_1
37172,3_00_0
37173,1_00_0
37174,6_00_0
37175,4_00_0
37176,5_00_0
37179,1_00_0
37180,4_00_0
37181,4_00_0
37182,4_00_0
37183,4_00_0
37184,5_b6_1
37185,3_a9_3
37186,4_00_0
37188,3_00_0
37189,6_00_0
37190,6_00_0
37191,4_00_0
37193,2_00_0
37194,3_00_0
37195,3_00_0
37196,3_a9_1
37197,5_a7_2
37198,6_00_0
37199,3_00_0
37200,3_b6_1
37201,2_00_0
37202,5_b7_1
37203,3_b6_1
37204,6_00_0
37205,1_00_0
37206,3_b8_1
37207,3_a9_2
37208,4_00_0
37209,3_00_0
37210,5_b8_1
37211,3_00_0
37212,4_00_0
37213,3_b3_1
37214,3_00_0
37215,1_00_0
37217,1_00_0
37218,5_b7_1
37219,5_b8_1
37221,3_00_0
37222,6_00_0
37223,3_00_0
37224,6_00_0
37225,1_00_0
37226,3_b7_1
37227,1_00_0
37228,2_a5_2
37229,3_00_0
37230,3_b7_1
37231,3_00_0
37232,3_b6_1
37233,3_00_0
37234,3_00_0
37235,5_b8_1
37237,1_00_0
37238,6_00_0
37239,3_00_0
37240,4_00_0
37241,1_00_0
37243,3_b7_1
37244,3_a9_1
37245,6_00_0
37247,5_b7_1
37248,6_00_0
37249,4_00_0
37250,3_a9_2
37251,4_00_0
37252,5_b6_1
37253,4_00_0
37254,1_00_0
37255,3_00_0
37256,1_00_0
37258,3_00_0
37259,6_00_0
37260,3_00_0
37261,3_a9_2
37262,3_00_0
37263,3_00_0
37264,6_00_0
37265,6_00_0
37266,3_b8_1
37267,6_00_0
37268,3_a9_2
37269,6_00_0
37270,3_00_0
37271,3_b6_1
37272,1_00_0
37273,3_00_0
37274,4_00_0
37275,3_00_0
37276,6_a11_1
37277,3_b6_1
37278,6_00_0
37279,3_00_0
37280,6_00_0
37281,3_00_0
37283,6_b5_1
37284,5_b7_1
37285,3_b6_1
37286,6_00_0
37287,4_00_0
37288,3_00_0
37289,4_00_0
37290,1_00_0
37291,3_a9_2
37292,6_00_0
37293,2_00_0
37294,2_a5_2
37295,6_00_0
37296,1_00_0
37297,5_b6_1
37298,3_00_0
37299,1_00_0
37300,3_00_0
37301,2_00_0
37302,1_00_0
37303,2_a5_2
37304,3_00_0
37305,1_00_0
37306,5_a7_2
37307,3_a9_1
37308,4_00_0
37309,5_b6_1
37310,2_00_0
37311,4_00_0
37312,4_00_0
37313,3_00_0
37314,3_b6_1
37315,3_00_0
37316,6_00_0
37317,3_00_0
37318,3_00_0
37319,3_a9_2
37320,3_b3_1
37321,6_b4_1
37322,3_b7_1
37323,6_00_0
37324,6_00_0
37325,6_00_0
37326,1_00_0
37327,6_00_0
37328,3_00_0
37329,3_a9_2
37330,4_00_0
37331,3_a9_2
37332,4_00_0
37333,3_00_0
37334,1_00_0
37335,5_a7_2
37336,1_00_0
37337,3_b3_1
37338,3_b8_1
37339,5_b7_1
37340,1_00_0
37341,5_00_0
37343,4_00_0
37344,5_b6_1
37345,2_00_0
37346,4_00_0
37347,3_b6_1
37348,1_00_0
37349,4_00_0
37350,3_b6_1
37351,3_b7_1
37352,3_00_0
37353,4_00_0
37354,3_b7_1
37355,6_00_0
37356,3_b6_1
37357,3_b6_1
37358,3_b3_1
37359,1_00_0
37360,6_00_0
37361,1_00_0
37362,5_b7_1
37363,3_00_0
37364,5_b7_1
37365,3_b7_1
37366,4_00_0
37367,3_00_0
37368,3_b3_1
37369,3_a9_2
37370,3_a9_2
37371,3_00_0
37372,4_00_0
37373,5_b7_1
37374,3_a9_2
37375,1_00_0
37376,1_00_0
37379,6_00_0
37380,5_b7_1
37382,5_b8_1
37383,4_00_0
37384,1_00_0
37385,2_a5_2
37386,1_00_0
37387,3_00_0
37388,2_00_0
37389,1_00_0
37390,3_b6_1
37391,6_00_0
37392,6_00_0
37393,4_00_0
37395,1_00_0
37396,3_00_0
37397,4_00_0
37398,1_00_0
37399,3_a9_1
37400,3_00_0
37401,3_00_0
37402,2_00_0
37403,6_00_0
37404,6_00_0
37405,2_a5_2
37406,1_00_0
37407,3_00_0
37408,6_00_0
37409,3_00_0
37411,3_b7_1
37412,5_b7_1
37414,3_00_0
37416,3_b3_1
37417,6_00_0
37418,2_00_0
37419,3_00_0
37420,4_00_0
37421,6_00_0
37422,4_00_0
37423,6_00_0
37425,4_00_0
37426,4_00_0
37427,3_b6_1
37428,6_00_0
37429,6_00_0
37430,4_00_0
37431,5_b6_1
37432,3_b6_1
37433,3_00_0
37434,2_00_0
37435,4_00_0
37436,1_00_0
37437,3_00_0
37438,1_00_0
37439,4_00_0
37440,6_00_0
37441,3_00_0
37442,3_a9_2
37444,4_00_0
37445,1_00_0
37446,3_00_0
37447,3_b8_1
37448,1_00_0
37449,3_00_0
37450,3_00_0
37451,6_00_0
37452,5_b6_1
37453,1_00_0
37454,4_00_0
37455,6_00_0
37456,5_b6_1
37457,3_b8_1
37458,5_b8_1
37459,6_00_0
37460,6_a11_1
37461,4_00_0
37462,3_b3_1
37463,2_00_0
37464,5_b8_1
37465,5_b6_1
37466,5_b6_1
37468,3_b8_1
37469,6_a11_1
37470,1_00_0
37471,5_b8_1
37472,1_00_0
37474,1_00_0
37475,4_00_0
37476,1_00_0
37477,6_00_0
37478,6_00_0
37479,4_00_0
37480,6_00_0
37482,6_00_0
37483,3_00_0
37484,6_00_0
37485,6_b4_1
37486,5_b7_1
37487,5_a7_2
37488,3_b7_1
37489,4_00_0
37490,4_00_0
37491,4_00_0
37492,5_b6_1
37493,3_00_0
37494,3_00_0
37495,5_b6_1
37496,3_00_0
37497,3_b8_1
37498,5_a7_2
37499,3_00_0
37500,5_a7_2
37502,2_a5_2
37504,3_00_0
37505,6_00_0
37507,6_a11_1
37509,3_b3_1
37510,2_a5_2
37512,5_b6_1
37513,3_b6_1
37514,6_00_0
37515,3_00_0
37517,1_00_0
37518,6_a12_2
37519,6_00_0
37520,3_00_0
37521,5_b6_1
37522,3_00_0
37523,1_00_0
37524,1_00_0
37525,3_b6_1
37526,5_b7_1
37527,3_00_0
37528,3_00_0
37529,3_00_0
37531,6_00_0
37532,1_00_0
37533,5_b8_1
37534,6_00_0
37535,6_00_0
37537,1_00_0
37538,4_00_0
37539,5_b7_1
37540,3_b6_1
37542,3_a9_2
37544,1_00_0
37545,6_00_0
37546,3_b6_1
37547,6_00_0
37548,1_00_0
37549,3_00_0
37550,4_00_0
37551,4_00_0
37552,1_00_0
37553,3_00_0
37554,2_00_0
37555,6_00_0
37556,3_b7_1
37557,3_00_0
37558,5_b6_1
37559,6_00_0
37560,6_00_0
37561,5_b7_1
37562,3_00_0
37563,3_b7_1
37564,6_00_0
37565,1_00_0
37567,3_b7_1
37568,5_b6_1
37569,6_00_0
37570,3_b3_1
37571,3_a9_3
37572,6_00_0
37573,4_00_0
37574,1_00_0
37576,5_b7_1
37578,6_00_0
37579,3_00_0
37580,4_00_0
37581,3_00_0
37582,3_00_0
37583,3_00_0
37584,3_a9_2
37586,6_00_0
37587,6_a11_1
37588,5_b8_1
37589,5_00_0
37590,3_b6_1
37591,5_00_0
37592,4_00_0
37593,4_00_0
37594,2_00_0
37595,1_00_0
37596,3_b6_1
37597,6_00_0
37598,3_00_0
37599,3_00_0
37600,1_00_0
37601,1_00_0
37602,1_00_0
37603,3_00_0
37604,4_00_0
37605,1_00_0
37606,3_00_0
37607,3_00_0
37608,6_00_0
37609,3_b8_1
37610,6_00_0
37611,4_00_0
37612,3_b7_1
37613,4_00_0
37615,3_00_0
37616,3_00_0
37617,3_00_0
37618,6_00_0
37620,3_b8_1
37621,3_00_0
37622,4_00_0
37623,3_00_0
37624,2_a5_2
37625,5_b6_1
37626,3_00_0
37628,6_00_0
37629,6_b5_1
37630,4_00_0
37632,3_00_0
37633,6_00_0
37634,3_00_0
37635,3_00_0
37637,3_b8_1
37638,3_00_0
37639,1_00_0
37640,4_00_0
37641,6_00_0
37642,3_b6_1
37643,3_a9_3
37644,4_00_0
37645,6_00_0
37646,6_00_0
37647,6_00_0
37648,3_b8_1
37649,1_00_0
37650,4_00_0
37651,6_00_0
37652,6_00_0
37653,1_00_0
37654,1_00_0
37656,2_00_0
37657,2_a5_2
37659,1_00_0
37660,1_00_0
37661,6_00_0
37662,6_00_0
37663,4_00_0
37664,1_00_0
37665,5_b7_1
37666,4_00_0
37667,5_b8_1
37668,4_00_0
37669,1_00_0
37670,3_00_0
37671,1_00_0
37672,6_00_0
37673,1_00_0
37674,3_a9_1
37675,4_00_0
37676,3_b3_1
37677,1_00_0
37678,1_00_0
37679,3_b6_1
37681,1_00_0
37682,2_a5_2
37683,4_00_0
37685,3_b3_1
37686,3_00_0
37687,4_00_0
37688,6_00_0
37689,5_b6_1
37690,3_a9_1
37692,3_b3_1
37693,6_00_0
37694,3_00_0
37695,2_a5_2
37696,6_00_0
37697,6_00_0
37698,3_b7_1
37699,5_00_0
37700,4_00_0
37701,3_b7_1
37702,3_00_0
37703,4_00_0
37705,3_00_0
37706,5_b6_1
37707,3_00_0
37708,4_00_0
37709,3_00_0
37710,3_00_0
37711,6_00_0
37712,4_00_0
37713,4_00_0
37714,3_00_0
37715,3_00_0
37716,3_00_0
37717,1_00_0
37718,2_00_0
37719,6_00_0
37720,2_00_0
37721,3_00_0
37722,1_00_0
37723,6_00_0
37724,6_00_0
37725,5_b8_1
37726,3_b6_1
37728,2_00_0
37729,2_a5_2
37730,3_b6_1
37732,1_00_0
37733,1_00_0
37734,6_00_0
37736,2_00_0
37737,6_00_0
37738,3_00_0
37739,6_a12_2
37740,1_00_0
37741,4_00_0
37742,3_b3_1
37743,6_00_0
37744,6_00_0
37746,3_00_0
37747,6_00_0
37748,3_00_0
37749,6_a11_1
37750,5_b8_1
37751,3_b3_1
37752,4_00_0
37753,6_00_0
37754,2_a5_2
37755,4_00_0
37756,1_00_0
37757,4_00_0
37758,3_b6_1
37759,6_00_0
37763,2_00_0
37764,3_00_0
37766,3_b3_1
37767,4_00_0
37768,3_00_0
37769,3_a9_2
37770,3_b7_1
37771,6_00_0
37772,1_00_0
37773,2_00_0
37774,1_00_0
37775,4_00_0
37776,3_00_0
37777,5_a7_2
37778,3_b7_1
37779,2_a5_2
37780,6_00_0
37781,1_00_0
37782,3_00_0
37783,1_00_0
37785,3_00_0
37787,2_a5_2
37788,5_b7_1
37790,3_b6_1
37791,3_00_0
37792,3_b6_1
37793,4_00_0
37794,1_00_0
37795,3_00_0
37796,2_00_0
37797,3_00_0
37798,4_00_0
37799,3_a9_2
37800,6_00_0
37801,2_a5_2
37802,1_00_0
37803,1_00_0
37804,4_00_0
37805,5_00_0
37807,3_a9_1
37808,2_a5_2
37809,5_00_0
37810,2_a5_2
37811,3_b8_1
37813,1_00_0
37814,5_b8_1
37815,1_00_0
37816,2_a5_2
37818,3_b6_1
37819,3_00_0
37823,4_00_0
37824,1_00_0
37825,1_00_0
37826,1_00_0
37827,3_b6_1
37828,3_a9_2
37829,5_b7_1
37830,1_00_0
37831,4_00_0
37832,3_00_0
37833,1_00_0
37834,3_00_0
37835,6_00_0
37836,3_00_0
37837,3_00_0
37838,3_00_0
37839,4_00_0
37840,3_00_0
37841,4_00_0
37842,1_00_0
37843,4_00_0
37844,3_b6_1
37845,2_a5_2
37846,3_00_0
37847,6_00_0
37848,6_00_0
37849,2_00_0
37850,6_00_0
37851,4_00_0
37852,6_00_0
37853,5_b6_1
37854,3_b3_1
37855,4_00_0
37856,5_00_0
37857,6_00_0
37858,5_a7_2
37859,6_00_0
37860,1_00_0
37861,3_00_0
37862,1_00_0
37863,6_00_0
37864,3_a9_1
37865,6_00_0
37866,6_b4_1
37867,6_00_0
37868,6_00_0
37869,6_00_0
37870,4_00_0
37871,5_b8_1
37872,6_00_0
37873,4_00_0
37874,1_00_0
37875,3_b3_1
37876,5_b7_1
37877,3_a9_2
37878,6_00_0
37879,3_00_0
37881,1_00_0
37882,5_a7_2
37883,2_a5_2
37884,4_00_0
37885,3_00_0
37886,5_b7_1
37888,6_00_0
37889,4_00_0
37890,3_b7_1
37891,4_00_0
37892,5_b8_1
37894,6_00_0
37895,1_00_0
37896,5_00_0
37898,2_a5_2
37899,3_00_0
37900,3_00_0
37901,3_00_0
37902,3_00_0
37903,4_00_0
37904,5_b7_1
37906,5_00_0
37907,4_00_0
37908,3_b6_1
37909,1_00_0
37910,5_b6_1
37911,3_a9_1
37912,6_00_0
37913,6_00_0
37914,3_a9_3
37915,2_00_0
37916,6_00_0
37917,4_00_0
37918,6_00_0
37919,3_00_0
37921,4_00_0
37922,3_00_0
37924,5_b6_1
37925,2_00_0
37926,1_00_0
37927,3_00_0
37928,3_a9_1
37929,6_00_0
37930,2_a5_2
37931,1_00_0
37932,3_00_0
37933,3_00_0
37934,5_b8_1
37935,4_00_0
37936,6_00_0
37938,3_00_0
37939,3_b6_1
37940,4_00_0
37942,4_00_0
37943,3_00_0
37945,5_a7_2
37946,4_00_0
37947,5_00_0
37948,3_00_0
37949,3_b6_1
37950,6_00_0
37951,6_00_0
37952,4_00_0
37954,2_00_0
37955,2_a5_2
37956,6_00_0
37957,3_b8_1
37958,5_a7_2
37959,4_00_0
37960,3_00_0
37961,6_00_0
37962,3_b6_1
37963,6_00_0
37964,4_00_0
37966,1_00_0
37967,1_00_0
37968,3_00_0
37969,1_00_0
37970,5_b7_1
37972,6_00_0
37973,6_00_0
37974,3_b7_1
37975,6_a12_1
37976,1_00_0
37977,3_b7_1
37978,1_00_0
37979,1_00_0
37980,6_00_0
37981,6_00_0
37982,1_00_0
37983,4_00_0
37984,3_00_0
37987,3_b6_1
37988,1_00_0
37989,3_00_0
37990,6_00_0
37992,5_b7_1
37993,3_00_0
37994,6_00_0
37995,4_00_0
37996,2_00_0
37997,1_00_0
37998,3_00_0
37999,6_b5_1
38001,3_00_0
38002,6_00_0
38003,2_a5_2
38004,3_00_0
38005,1_00_0
38006,3_b6_1
38007,4_00_0
38008,3_00_0
38009,3_00_0
38010,6_a12_2
38011,4_00_0
38012,1_00_0
38013,1_00_0
38014,4_00_0
38016,6_00_0
38017,1_00_0
38018,3_00_0
38020,4_00_0
38022,6_00_0
38023,6_00_0
38024,3_00_0
38025,2_00_0
38026,3_00_0
38027,3_a9_1
38028,3_00_0
38029,5_b8_1
38030,3_a9_2
38031,3_b6_1
38032,6_a12_2
38033,3_b7_1
38034,3_00_0
38035,1_00_0
38036,4_00_0
38037,1_00_0
38038,3_b8_1
38039,4_00_0
38040,5_b8_1
38041,3_00_0
38042,4_00_0
38043,4_00_0
38045,3_00_0
38046,3_00_0
38047,4_00_0
38048,1_00_0
38049,5_b6_1
38050,5_b7_1
38051,4_00_0
38052,3_00_0
38053,3_b6_1
38054,4_00_0
38055,6_a12_2
38056,1_00_0
38057,3_b6_1
38059,3_00_0
38060,6_a11_2
38061,4_00_0
38062,4_00_0
38063,2_00_0
38064,5_a7_2
38065,5_b6_1
38067,4_00_0
38068,3_00_0
38069,6_00_0
38070,2_00_0
38071,4_00_0
38072,6_00_0
38073,3_a9_2
38075,3_a9_2
38076,3_00_0
38077,5_b6_1
38078,3_b6_1
38079,3_00_0
38080,3_a9_1
38081,4_00_0
38082,6_00_0
38084,5_b7_1
38085,4_00_0
38086,3_00_0
38087,3_b6_1
38089,3_00_0
38090,6_00_0
38091,6_b4_1
38092,5_b7_1
38093,1_00_0
38094,1_00_0
38095,4_00_0
38096,1_00_0
38097,6_00_0
38098,4_00_0
38099,3_b6_1
38100,5_b6_1
38101,5_00_0
38102,3_00_0
38103,6_a11_1
38104,3_b3_1
38105,2_a5_2
38106,1_00_0
38107,3_b3_1
38108,3_00_0
38109,3_b7_1
38110,3_00_0
38111,3_00_0
38112,6_00_0
38113,6_00_0
38114,3_b8_1
38115,6_00_0
38116,5_b8_1
38117,3_00_0
38118,3_00_0
38119,5_b6_1
38120,1_00_0
38121,3_b8_1
38122,4_00_0
38123,6_00_0
38124,5_b6_1
38125,4_00_0
38126,3_a9_2
38127,1_00_0
38128,4_00_0
38130,1_00_0
38131,3_00_0
38132,6_00_0
38133,2_a5_2
38134,5_b8_1
38135,6_00_0
38136,5_a7_2
38137,3_00_0
38138,3_b7_1
38139,3_00_0
38140,4_00_0
38141,2_00_0
38142,3_00_0
38143,1_00_0
38144,4_00_0
38145,6_00_0
38147,3_00_0
38149,3_b8_1
38150,5_b8_1
38151,5_b8_1
38152,1_00_0
38153,6_00_0
38154,1_00_0
38156,4_00_0
38157,4_00_0
38158,3_00_0
38159,1_00_0
38160,5_b8_1
38161,6_00_0
38163,3_b3_1
38164,5_b7_1
38165,3_00_0
38166,5_b6_1
38167,3_00_0
38168,3_00_0
38169,3_00_0
38170,3_b7_1
38172,6_00_0
38173,5_b6_1
38175,1_00_0
38176,2_00_0
38177,3_00_0
38178,1_00_0
38179,1_00_0
38180,3_00_0
38182,1_00_0
38184,1_00_0
38185,3_00_0
38186,5_b6_1
38187,3_b3_1
38188,3_a9_2
38189,3_a9_2
38190,5_b7_1
38191,3_00_0
38192,1_00_0
38193,3_b8_1
38194,3_00_0
38195,2_a5_2
38196,4_00_0
38197,3_b6_1
38198,6_00_0
38200,3_a9_1
38201,3_b3_1
38202,2_a5_2
38203,6_00_0
38205,2_a5_2
38206,3_b7_1
38207,6_00_0
38208,5_b6_1
38209,3_a9_2
38210,3_b6_1
38211,3_b6_1
38212,5_b8_1
38213,4_00_0
38214,4_00_0
38216,3_00_0
38217,1_00_0
38218,4_00_0
38219,5_b8_1
38220,2_00_0
38221,4_00_0
38222,6_00_0
38223,4_00_0
38224,3_b3_1
38225,6_00_0
38226,3_00_0
38227,5_b7_1
38228,1_00_0
38229,3_b8_1
38230,3_00_0
38231,3_00_0
38232,6_00_0
38233,2_a5_2
38234,6_00_0
38236,3_00_0
38237,1_00_0
38238,3_a9_2
38240,2_a5_2
38241,3_b6_1
38242,6_00_0
38243,1_00_0
38244,2_a5_2
38245,3_00_0
38246,3_a9_1
38247,5_a7_2
38250,5_b6_1
38251,6_00_0
38252,3_00_0
38253,5_b7_1
38255,5_b7_1
38256,4_00_0
38257,1_00_0
38258,3_b6_1
38259,4_00_0
38260,3_00_0
38262,1_00_0
38263,5_b8_1
38264,1_00_0
38265,3_00_0
38266,5_a7_2
38268,3_a9_2
38270,6_00_0
38271,2_a5_2
38272,1_00_0
38273,6_00_0
38274,3_00_0
38275,2_00_0
38276,3_00_0
38277,6_00_0
38278,3_00_0
38279,4_00_0
38280,3_b8_1
38282,6_00_0
38283,3_b6_1
38285,2_00_0
38286,3_00_0
38288,1_00_0
38289,6_00_0
38290,4_00_0
38291,3_b7_1
38293,4_00_0
38294,3_b6_1
38295,3_00_0
38296,3_00_0
38297,6_00_0
38298,3_00_0
38299,3_00_0
38300,4_00_0
38302,3_a9_2
38303,3_00_0
38307,2_a5_2
38308,4_00_0
38309,3_b6_1
38310,3_00_0
38311,6_00_0
38312,3_a9_1
38313,1_00_0
38314,6_00_0
38315,3_00_0
38316,2_a5_2
38317,1_00_0
38318,4_00_0
38319,3_b6_1
38320,5_b6_1
38321,3_b8_1
38322,4_00_0
38324,3_00_0
38325,3_00_0
38326,5_b8_1
38327,3_00_0
38328,1_00_0
38329,3_b6_1
38330,3_00_0
38331,4_00_0
38332,3_b3_1
38333,3_00_0
38334,6_00_0
38336,3_00_0
38337,1_00_0
38338,3_b7_1
38339,3_b3_1
38340,6_00_0
38341,3_b7_1
38342,5_b8_1
38343,3_00_0
38345,4_00_0
38346,4_00_0
38347,4_00_0
38348,6_00_0
38349,3_00_0
38350,3_00_0
38351,3_00_0
38352,5_a7_2
38353,1_00_0
38354,4_00_0
38355,6_00_0
38356,4_00_0
38357,4_00_0
38358,4_00_0
38359,6_00_0
38361,4_00_0
38362,3_b6_1
38363,1_00_0
38364,6_00_0
38365,3_00_0
38366,4_00_0
38367,3_00_0
38368,2_00_0
38369,2_00_0
38370,4_00_0
38371,4_00_0
38372,1_00_0
38373,2_00_0
38374,4_00_0
38375,4_00_0
38376,4_00_0
38377,3_00_0
38378,1_00_0
38379,5_b6_1
38380,6_00_0
38381,5_b7_1
38382,4_00_0
38383,3_00_0
38384,1_00_0
38385,1_00_0
38386,3_00_0
38387,3_00_0
38388,3_b6_1
38389,3_a9_1
38390,6_a11_1
38391,3_00_0
38392,5_00_0
38393,5_b6_1
38394,3_a9_1
38395,3_00_0
38396,2_00_0
38397,5_a7_2
38398,1_00_0
38399,5_b7_1
38400,6_a11_1
38401,4_00_0
38402,3_00_0
38403,6_a12_2
38404,5_a7_2
38405,5_b7_1
38406,1_00_0
38407,2_00_0
38408,5_a7_2
38409,6_00_0
38410,3_a9_1
38411,3_b7_1
38413,1_00_0
38414,5_b8_1
38415,1_00_0
38416,3_a9_2
38417,4_00_0
38418,5_b6_1
38419,1_00_0
38420,6_b5_1
38421,3_b7_1
38422,3_00_0
38424,3_00_0
38425,1_00_0
38426,6_00_0
38427,3_a9_2
38428,5_b7_1
38429,3_b3_1
38430,1_00_0
38431,3_b7_1
38432,3_00_0
38433,3_a9_2
38434,6_00_0
38435,5_b8_1
38436,3_b7_1
38437,1_00_0
38438,5_00_0
38439,5_a7_2
38440,2_a5_2
38441,6_00_0
38442,4_00_0
38443,3_00_0
38444,3_00_0
38445,4_00_0
38446,6_00_0
38447,6_00_0
38448,6_00_0
38449,3_00_0
38450,6_00_0
38451,3_00_0
38452,3_b6_1
38453,2_00_0
38454,5_a7_2
38455,3_00_0
38457,5_b7_1
38458,2_00_0
38459,3_b6_1
38460,3_00_0
38462,1_00_0
38463,1_00_0
38464,3_00_0
38465,5_00_0
38467,3_b8_1
38471,6_00_0
38472,5_b6_1
38473,5_b7_1
38474,3_00_0
38475,5_a7_2
38476,1_00_0
38477,4_00_0
38478,6_00_0
38479,4_00_0
38480,6_00_0
38481,5_b6_1
38482,4_00_0
38483,3_00_0
38484,1_00_0
38485,4_00_0
38486,3_00_0
38487,6_a11_1
38488,4_00_0
38489,5_b8_1
38490,3_b7_1
38491,2_00_0
38492,3_b6_1
38493,4_00_0
38494,1_00_0
38495,3_00_0
38496,3_b6_1
38498,6_a11_2
38499,3_00_0
38500,3_b6_1
38502,4_00_0
38503,4_00_0
38504,6_a11_1
38505,5_a7_2
38506,6_a11_1
38507,1_00_0
38508,5_b8_1
38509,5_b8_1
38510,3_00_0
38511,6_00_0
38512,3_00_0
38513,5_b6_1
38514,1_00_0
38515,5_b6_1
38516,6_00_0
38517,6_00_0
38518,3_00_0
38519,6_00_0
38520,3_00_0
38521,4_00_0
38522,3_b3_1
38523,3_00_0
38525,3_00_0
38526,5_a7_2
38527,3_b8_1
38528,5_b8_1
38529,6_00_0
38530,3_00_0
38531,4_00_0
38532,3_00_0
38533,1_00_0
38534,3_b3_1
38536,4_00_0
38537,3_00_0
38538,3_b6_1
38539,5_b8_1
38540,5_b7_1
38541,3_a9_1
38542,3_a9_2
38543,1_00_0
38544,4_00_0
38545,1_00_0
38546,3_00_0
38548,4_00_0
38549,2_00_0
38550,3_00_0
38551,4_00_0
38552,6_00_0
38553,6_00_0
38554,4_00_0
38555,1_00_0
38556,6_00_0
38557,1_00_0
38558,1_00_0
38559,6_00_0
38561,4_00_0
38562,1_00_0
38563,3_b6_1
38564,3_00_0
38566,4_00_0
38567,4_00_0
38568,5_b6_1
38569,6_00_0
38570,3_00_0
38571,3_00_0
38572,5_00_0
38573,4_00_0
38575,3_00_0
38576,3_00_0
38577,2_a5_2
38578,4_00_0
38579,3_00_0
38580,3_b8_1
38581,3_b6_1
38582,6_a11_1
38583,3_00_0
38584,6_00_0
38585,6_b4_3
38586,3_b7_1
38587,1_00_0
38588,5_b6_1
38589,6_00_0
38590,4_00_0
38591,6_00_0
38592,1_00_0
38593,3_00_0
38594,2_00_0
38595,4_00_0
38596,1_00_0
38597,2_00_0
38598,1_00_0
38599,4_00_0
38600,6_00_0
38601,3_00_0
38602,1_00_0
38603,3_00_0
38604,3_00_0
38605,4_00_0
38606,6_00_0
38607,6_00_0
38608,6_00_0
38609,3_b3_1
38610,5_b8_1
38611,3_00_0
38612,2_00_0
38613,2_00_0
38614,6_00_0
38615,6_00_0
38617,4_00_0
38619,2_a5_2
38620,3_00_0
38621,5_b7_1
38622,4_00_0
38624,6_00_0
38626,3_00_0
38627,3_00_0
38628,3_00_0
38629,6_00_0
38630,3_00_0
38631,6_a12_1
38632,3_b7_1
38633,6_00_0
38634,4_00_0
38635,1_00_0
38636,1_00_0
38638,3_00_0
38639,3_00_0
38640,6_00_0
38641,6_00_0
38642,3_b7_1
38643,1_00_0
38644,5_b6_1
38645,4_00_0
38646,3_a9_1
38647,6_00_0
38648,5_b6_1
38649,1_00_0
38650,1_00_0
38651,4_00_0
38653,3_00_0
38654,1_00_0
38655,3_00_0
38656,1_00_0
38657,3_a9_2
38658,3_00_0
38659,3_b6_1
38660,1_00_0
38661,6_00_0
38662,3_a9_1
38663,2_a5_2
38664,4_00_0
38666,4_00_0
38667,1_00_0
38668,3_b6_1
38670,1_00_0
38672,1_00_0
38673,4_00_0
38674,1_00_0
38675,6_a11_1
38676,3_00_0
38678,1_00_0
38679,4_00_0
38680,5_a7_2
38681,5_b8_1
38682,5_00_0
38683,3_00_0
38684,3_00_0
38685,4_00_0
38686,3_00_0
38687,4_00_0
38688,1_00_0
38689,1_00_0
38690,6_00_0
38691,1_00_0
38692,3_b7_1
38693,3_b8_1
38694,4_00_0
38695,3_00_0
38696,3_b8_1
38697,4_00_0
38698,4_00_0
38699,6_00_0
38700,3_a9_2
38701,2_a5_2
38702,5_b7_1
38703,1_00_0
38704,4_00_0
38705,6_00_0
38706,3_a9_1
38707,1_00_0
38708,2_a5_2
38709,4_00_0
38710,3_b3_1
38711,3_b6_1
38712,5_b8_1
38713,3_00_0
38714,6_00_0
38715,3_b8_1
38716,4_00_0
38717,3_b3_1
38718,3_a9_1
38719,3_00_0
38720,2_00_0
38721,3_a9_1
38722,3_a9_1
38724,5_a7_2
38725,6_00_0
38726,6_b4_3
38727,6_b4_1
38728,5_b7_1
38729,4_00_0
38730,4_00_0
38731,6_00_0
38732,3_00_0
38733,3_00_0
38734,2_a5_2
38735,4_00_0
38736,4_00_0
38737,3_00_0
38738,6_00_0
38739,1_00_0
38740,5_b8_1
38742,3_b6_1
38743,4_00_0
38745,1_00_0
38746,1_00_0
38747,3_b3_1
38748,1_00_0
38749,6_00_0
38750,6_00_0
38751,3_b6_1
38752,1_00_0
38753,3_b8_1
38754,5_b8_1
38755,3_00_0
38756,5_b7_1
38758,6_00_0
38759,3_00_0
38760,6_00_0
38761,4_00_0
38762,3_b3_1
38763,2_a5_2
38764,6_00_0
38765,3_00_0
38766,2_00_0
38767,3_b7_1
38768,3_00_0
38769,4_00_0
38770,2_a5_2
38771,5_b8_1
38772,3_00_0
38773,4_00_0
38774,3_00_0
38775,3_a9_2
38776,6_00_0
38777,5_b7_1
38778,5_b8_1
38779,4_00_0
38780,6_00_0
38782,3_00_0
38783,4_00_0
38784,5_00_0
38785,2_a5_2
38786,3_b7_1
38787,5_a7_2
38788,3_00_0
38789,6_00_0
38790,4_00_0
38791,6_00_0
38792,5_b6_1
38793,3_a9_2
38794,1_00_0
38795,5_b8_1
38796,3_00_0
38797,4_00_0
38798,6_00_0
38799,4_00_0
38800,4_00_0
38802,3_b3_1
38803,3_00_0
38804,1_00_0
38805,3_00_0
38806,5_b8_1
38807,6_00_0
38808,3_a9_2
38809,4_00_0
38810,3_00_0
38811,3_00_0
38812,3_b3_1
38813,6_00_0
38814,3_b8_1
38815,1_00_0
38816,6_b4_3
38817,5_00_0
38818,6_00_0
38819,3_00_0
38821,1_00_0
38822,4_00_0
38823,6_00_0
38824,1_00_0
38826,3_00_0
38827,3_a9_1
38828,3_00_0
38829,1_00_0
38830,5_b7_1
38831,6_00_0
38832,5_b6_1
38833,6_00_0
38834,1_00_0
38835,3_b8_1
38836,3_b8_1
38837,5_b7_1
38838,2_a5_2
38839,4_00_0
38840,6_00_0
38841,5_b6_1
38842,6_a12_1
38843,5_b8_1
38845,5_b6_1
38846,4_00_0
38847,6_00_0
38848,3_b3_1
38849,4_00_0
38850,4_00_0
38851,6_a11_1
38852,5_00_0
38853,3_00_0
38855,3_00_0
38856,3_b7_1
38857,1_00_0
38858,1_00_0
38859,6_00_0
38860,3_00_0
38861,6_00_0
38862,4_00_0
38863,3_00_0
38864,1_00_0
38865,5_b6_1
38866,3_00_0
38867,5_b7_1
38868,3_a9_1
38869,6_00_0
38870,3_00_0
38871,4_00_0
38873,3_b7_1
38874,6_00_0
38875,3_00_0
38876,4_00_0
38877,3_b6_1
38878,6_00_0
38880,3_a9_1
38881,5_b6_1
38883,3_b8_1
38884,2_a5_2
38885,3_00_0
38886,3_00_0
38888,1_00_0
38889,6_00_0
38890,4_00_0
38891,2_00_0
38892,5_a7_2
38894,3_a9_2
38895,6_00_0
38896,3_00_0
38897,6_a12_2
38898,3_a9_1
38899,3_00_0
38900,2_00_0
38901,5_00_0
38902,3_b6_1
38903,3_00_0
38905,3_b7_1
38907,4_00_0
38908,1_00_0
38909,5_b8_1
38910,3_00_0
38911,6_00_0
38912,3_00_0
38913,4_00_0
38914,5_b8_1
38915,1_00_0
38916,5_a7_2
38918,3_00_0
38919,6_00_0
38921,3_b6_1
38922,4_00_0
38923,4_00_0
38924,4_00_0
38926,3_b8_1
38927,4_00_0
38928,3_00_0
38929,4_00_0
38930,2_00_0
38931,5_00_0
38932,3_a9_2
38933,3_00_0
38934,3_00_0
38936,6_00_0
38937,1_00_0
38940,1_00_0
38942,1_00_0
38944,3_00_0
38945,4_00_0
38946,3_00_0
38947,1_00_0
38948,3_b3_1
38949,3_b6_1
38950,3_00_0
38951,5_b7_1
38952,3_b3_1
38953,5_b8_1
38954,6_a11_1
38955,4_00_0
38956,5_a7_2
38957,3_00_0
38958,3_a9_2
38959,3_b7_1
38960,4_00_0
38961,3_a9_2
38962,6_00_0
38963,3_00_0
38964,3_00_0
38965,4_00_0
38966,4_00_0
38967,6_00_0
38968,5_b6_1
38969,6_00_0
38970,4_00_0
38971,1_00_0
38972,3_b7_1
38973,1_00_0
38975,5_00_0
38976,6_00_0
38978,4_00_0
38979,4_00_0
38980,3_b3_1
38981,5_b8_1
38982,3_00_0
38983,3_00_0
38984,1_00_0
38985,4_00_0
38986,3_00_0
38987,3_00_0
38988,4_00_0
38989,4_00_0
38990,6_00_0
38991,5_b6_1
38992,3_00_0
38993,3_a9_2
38994,3_00_0
38995,5_b6_1
38996,4_00_0
38997,3_00_0
38998,5_b8_1
38999,6_00_0
39000,1_00_0
39001,4_00_0
39002,1_00_0
39003,3_00_0
39004,6_00_0
39005,4_00_0
39006,3_b7_1
39007,3_00_0
39009,1_00_0
39010,1_00_0
39011,4_00_0
39012,3_b3_1
39013,3_b6_1
39014,3_00_0
39015,5_00_0
39016,3_00_0
39017,5_b6_1
39018,1_00_0
39019,3_b6_1
39020,6_00_0
39021,6_00_0
39022,2_00_0
39023,1_00_0
39024,3_b6_1
39025,3_a9_1
39027,1_00_0
39028,5_00_0
39029,3_00_0
39030,4_00_0
39031,4_00_0
39033,1_00_0
39034,6_00_0
39035,4_00_0
39036,3_b8_1
39037,4_00_0
39038,3_00_0
39039,6_b5_1
39040,4_00_0
39041,1_00_0
39042,3_b3_1
39043,5_b8_1
39046,3_00_0
39047,3_a9_2
39048,3_00_0
39049,3_00_0
39051,4_00_0
39052,1_00_0
39053,1_00_0
39054,3_a9_1
39055,2_a5_2
39056,1_00_0
39057,6_00_0
39058,6_00_0
39059,1_00_0
39060,1_00_0
39061,5_b6_1
39062,4_00_0
39063,6_00_0
39064,1_00_0
39065,6_00_0
39067,3_00_0
39068,6_a11_2
39070,3_a9_1
39072,3_00_0
39073,4_00_0
39074,1_00_0
39075,4_00_0
39076,3_00_0
39077,4_00_0
39078,4_00_0
39079,1_00_0
39080,6_00_0
39081,5_b7_1
39082,3_b6_1
39083,6_00_0
39084,4_00_0
39086,2_00_0
39087,4_00_0
39088,5_b8_1
39089,3_00_0
39090,3_b7_1
39091,3_00_0
39092,4_00_0
39093,4_00_0
39094,3_00_0
39095,1_00_0
39096,6_00_0
39097,4_00_0
39098,5_b6_1
39099,4_00_0
39100,4_00_0
39101,6_00_0
39102,3_00_0
39103,5_b6_1
39104,4_00_0
39105,4_00_0
39106,5_b6_1
39107,3_00_0
39108,6_00_0
39109,3_00_0
39111,3_a9_1
39112,5_00_0
39113,5_b7_1
39114,3_b3_1
39115,5_b7_1
39116,2_a5_2
39117,3_b3_1
39118,1_00_0
39119,5_a7_2
39120,1_00_0
39121,5_b8_1
39122,6_a12_1
39123,4_00_0
39124,4_00_0
39125,3_00_0
39126,6_00_0
39127,3_b7_1
39128,1_00_0
39129,3_00_0
39130,2_a5_2
39131,2_00_0
39132,6_00_0
39133,2_00_0
39134,1_00_0
39135,3_00_0
39136,6_a12_2
39137,2_a5_2
39138,6_00_0
39139,3_00_0
39140,2_a5_2
39141,6_00_0
39142,4_00_0
39143,2_00_0
39144,1_00_0
39146,3_a9_2
39147,3_b7_1
39148,2_a5_2
39149,3_00_0
39150,6_00_0
39151,4_00_0
39152,5_b6_1
39153,3_a9_2
39154,6_00_0
39155,3_b6_1
39156,5_b8_1
39157,2_00_0
39158,5_b6_1
39159,3_b8_1
39160,6_a12_2
39161,3_b6_1
39162,3_00_0
39163,1_00_0
39164,2_00_0
39165,3_00_0
39166,6_a12_1
39167,6_00_0
39168,3_a9_1
39169,6_00_0
39170,1_00_0
39173,3_a9_2
39174,1_00_0
39175,3_b7_1
39176,4_00_0
39177,6_00_0
39178,3_b6_1
39179,1_00_0
39180,6_00_0
39181,3_b8_1
39182,4_00_0
39184,3_00_0
39185,5_b7_1
39186,5_b8_1
39187,3_a9_2
39188,3_a9_1
39189,6_00_0
39190,3_00_0
39191,6_00_0
39192,6_00_0
39193,3_00_0
39196,6_00_0
39197,1_00_0
39198,5_b7_1
39199,3_b8_1
39200,6_00_0
39201,3_00_0
39202,4_00_0
39203,3_00_0
39204,3_a9_1
39205,6_00_0
39206,6_b4_3
39207,1_00_0
39209,3_a9_1
39210,1_00_0
39211,2_00_0
39212,6_00_0
39213,4_00_0
39214,1_00_0
39215,3_00_0
39216,3_00_0
39217,6_00_0
39218,2_a5_2
39219,5_b6_1
39220,6_00_0
39221,2_00_0
39222,3_00_0
39223,3_00_0
39225,6_00_0
39226,6_00_0
39227,1_00_0
39228,6_00_0
39229,6_00_0
39230,6_00_0
39231,3_00_0
39232,3_a9_1
39233,1_00_0
39234,6_00_0
39235,6_00_0
39236,3_00_0
39237,3_a9_2
39238,5_00_0
39239,6_00_0
39240,3_b6_1
39241,1_00_0
39242,4_00_0
39243,3_00_0
39244,6_00_0
39245,3_b7_1
39246,2_a5_2
39247,3_00_0
39248,1_00_0
39249,4_00_0
39250,3_00_0
39252,3_b3_1
39253,1_00_0
39254,4_00_0
39255,3_00_0
39256,4_00_0
39258,5_a7_2
39259,6_00_0
39260,4_00_0
39261,1_00_0
39262,2_a5_2
39263,4_00_0
39264,6_00_0
39265,5_b6_1
39266,1_00_0
39267,3_b3_1
39268,3_00_0
39269,3_00_0
39271,3_00_0
39272,1_00_0
39273,3_00_0
39274,4_00_0
39276,5_00_0
39277,3_00_0
39278,2_00_0
39279,1_00_0
39280,1_00_0
39281,3_00_0
39282,4_00_0
39283,1_00_0
39284,2_a5_2
39285,3_00_0
39286,1_00_0
39287,3_00_0
39288,4_00_0
39289,5_b8_1
39290,6_00_0
39291,3_00_0
39292,5_b7_1
39293,3_a9_3
39294,3_00_0
39295,5_b8_1
39296,2_a5_2
39297,4_00_0
39298,5_a7_2
39300,1_00_0
39301,3_00_0
39302,1_00_0
39303,4_00_0
39306,6_00_0
39307,4_00_0
39308,1_00_0
39309,3_00_0
39310,6_00_0
39311,3_b7_1
39312,1_00_0
39313,6_00_0
39314,4_00_0
39315,3_00_0
39316,3_00_0
39319,3_00_0
39320,4_00_0
39322,4_00_0
39323,3_a9_3
39324,3_00_0
39325,6_00_0
39326,5_b6_1
39327,6_a12_2
39328,4_00_0
39329,1_00_0
39330,6_00_0
39331,3_00_0
39332,6_00_0
39334,1_00_0
39335,6_00_0
39336,6_00_0
39337,4_00_0
39338,6_00_0
39339,3_b7_1
39340,6_00_0
39341,3_00_0
39342,5_b7_1
39343,3_a9_1
39344,3_a9_1
39345,3_00_0
39346,1_00_0
39347,4_00_0
39348,6_00_0
39349,6_00_0
39350,3_b7_1
39351,4_00_0
39352,4_00_0
39353,3_00_0
39354,3_00_0
39356,3_a9_2
39357,5_b6_1
39358,6_00_0
39359,4_00_0
39360,1_00_0
39361,1_00_0
39362,1_00_0
39363,3_b7_1
39364,3_a9_2
39365,4_00_0
39367,3_00_0
39368,5_b6_1
39369,3_b6_1
39370,3_b3_1
39371,3_00_0
39372,3_a9_1
39373,4_00_0
39374,3_b3_1
39375,6_00_0
39376,4_00_0
39377,4_00_0
39378,1_00_0
39379,2_00_0
39380,2_a5_2
39381,5_b7_1
39382,2_00_0
39383,1_00_0
39384,4_00_0
39385,4_00_0
39386,6_00_0
39387,4_00_0
39388,4_00_0
39389,4_00_0
39390,4_00_0
39391,1_00_0
39393,3_b7_1
39394,4_00_0
39395,3_00_0
39397,3_00_0
39398,3_b6_1
39399,6_00_0
39402,3_00_0
39403,3_00_0
39404,4_00_0
39406,3_b6_1
39408,1_00_0
39409,4_00_0
39410,4_00_0
39411,1_00_0
39413,6_b5_1
39414,3_a9_2
39415,3_00_0
39416,3_00_0
39417,2_00_0
39418,1_00_0
39419,3_00_0
39420,2_00_0
39421,4_00_0
39423,6_00_0
39424,4_00_0
39425,1_00_0
39426,3_00_0
39427,4_00_0
39428,5_b8_1
39429,4_00_0
39430,3_b3_1
39431,4_00_0
39432,3_00_0
39433,6_a12_2
39434,3_b6_1
39435,6_00_0
39436,1_00_0
39437,3_b3_1
39440,5_b6_1
39441,3_a9_1
39442,4_00_0
39443,3_b7_1
39444,4_00_0
39446,1_00_0
39447,6_00_0
39448,3_b8_1
39449,6_00_0
39450,3_b7_1
39451,3_00_0
39452,5_a7_2
39453,3_00_0
39454,6_00_0
39455,1_00_0
39456,3_a9_1
39457,3_b7_1
39458,3_00_0
39459,3_a9_2
39460,6_00_0
39461,3_b8_1
39462,3_00_0
39463,5_00_0
39464,1_00_0
39465,5_b7_1
39466,1_00_0
39468,3_b6_1
39469,1_00_0
39470,6_00_0
39471,1_00_0
39472,3_00_0
39473,4_00_0
39474,6_00_0
39476,4_00_0
39477,3_00_0
39478,3_00_0
39479,3_00_0
39480,3_00_0
39481,1_00_0
39482,6_00_0
39483,3_00_0
39484,3_00_0
39485,5_b6_1
39486,3_00_0
39487,3_b6_1
39488,3_00_0
39489,6_a11_1
39490,3_00_0
39491,3_a9_2
39492,3_a9_1
39493,3_a9_1
39494,3_b7_1
39495,6_a12_2
39496,3_00_0
39498,6_00_0
39499,3_00_0
39500,3_00_0
39501,2_a5_2
39502,6_a11_1
39503,6_00_0
39505,3_00_0
39507,6_00_0
39508,3_b6_1
39509,5_b7_1
39510,3_00_0
39511,4_00_0
39512,4_00_0
39513,3_00_0
39514,5_a7_2
39515,5_b8_1
39516,6_00_0
39517,1_00_0
39518,3_00_0
39519,3_00_0
39520,3_a9_2
39521,3_b3_1
39522,3_b3_1
39523,4_00_0
39524,3_a9_1
39526,1_00_0
39527,3_a9_1
39528,3_00_0
39529,1_00_0
39530,5_b6_1
39531,3_00_0
39533,3_b8_1
39534,3_a9_1
39535,3_00_0
39537,1_00_0
39538,1_00_0
39539,4_00_0
39540,3_b6_1
39541,3_b7_1
39542,6_00_0
39543,6_00_0
39544,3_00_0
39546,1_00_0
39547,4_00_0
39548,3_00_0
39549,3_00_0
39550,5_a7_2
39551,6_00_0
39552,6_00_0
39553,6_a12_2
39554,1_00_0
39555,1_00_0
39556,3_00_0
39557,3_00_0
39558,3_b8_1
39560,2_00_0
39561,3_00_0
39562,1_00_0
39563,1_00_0
39564,3_b8_1
39565,6_00_0
39566,1_00_0
39567,5_b8_1
39568,4_00_0
39569,1_00_0
39570,1_00_0
39573,3_00_0
39574,6_00_0
39575,6_00_0
39576,1_00_0
39577,3_00_0
39578,5_b6_1
39579,3_00_0
39581,5_b7_1
39582,1_00_0
39583,6_00_0
39584,4_00_0
39585,6_00_0
39586,5_a7_2
39587,3_00_0
39589,4_00_0
39590,5_b7_1
39591,4_00_0
39592,1_00_0
39593,6_00_0
39594,3_00_0
39595,3_b8_1
39596,6_00_0
39598,5_a7_2
39599,4_00_0
39601,3_00_0
39602,6_00_0
39603,5_b7_1
39604,3_b6_1
39605,3_a9_2
39606,1_00_0
39607,3_00_0
39608,3_a9_1
39609,6_00_0
39610,1_00_0
39611,4_00_0
39612,3_a9_2
39613,4_00_0
39614,3_00_0
39615,4_00_0
39616,3_a9_2
39617,6_00_0
39618,3_00_0
39619,3_b3_1
39620,6_00_0
39621,3_b6_1
39622,1_00_0
39623,6_00_0
39624,6_00_0
39625,5_b6_1
39626,3_00_0
39627,3_00_0
39629,6_00_0
39630,3_b6_1
39631,5_00_0
39632,1_00_0
39633,4_00_0
39634,4_00_0
39635,3_00_0
39636,3_00_0
39637,5_b7_1
39638,4_00_0
39639,3_00_0
39640,3_b6_1
39641,6_00_0
39642,3_00_0
39644,2_a5_2
39645,1_00_0
39646,3_00_0
39647,3_00_0
39649,1_00_0
39650,6_a12_2
39651,3_a9_1
39652,3_00_0
39653,5_b7_1
39654,4_00_0
39655,1_00_0
39657,2_00_0
39658,3_00_0
39659,6_00_0
39660,1_00_0
39661,6_b4_3
39662,4_00_0
39663,3_00_0
39664,5_a7_2
39665,3_00_0
39666,3_00_0
39667,3_00_0
39668,3_00_0
39669,4_00_0
39670,5_00_0
39672,3_00_0
39673,3_00_0
39674,6_00_0
39675,3_b3_1
39677,2_a5_2
39678,1_00_0
39679,1_00_0
39680,3_b6_1
39681,6_00_0
39682,3_a9_2
39683,1_00_0
39684,3_b3_1
39685,4_00_0
39687,3_b7_1
39688,4_00_0
39689,3_b8_1
39690,1_00_0
39692,1_00_0
39693,6_00_0
39694,3_a9_1
39695,6_00_0
39696,3_a9_1
39698,3_00_0
39699,2_a5_2
39700,2_00_0
39701,3_b6_1
39702,1_00_0
39705,3_b7_1
39706,3_00_0
39707,6_00_0
39708,3_00_0
39709,4_00_0
39710,4_00_0
39711,6_00_0
39712,2_a5_2
39714,4_00_0
39715,3_00_0
39716,4_00_0
39717,3_00_0
39718,6_00_0
39719,4_00_0
39720,1_00_0
39721,6_00_0
39722,1_00_0
39723,5_b8_1
39724,2_a5_2
39725,6_00_0
39726,6_00_0
39727,3_00_0
39728,1_00_0
39729,1_00_0
39730,5_b8_1
39731,3_00_0
39732,3_a9_2
39733,2_a5_2
39734,3_b8_1
39735,4_00_0
39736,6_00_0
39737,3_00_0
39739,3_00_0
39740,4_00_0
39741,3_b3_1
39742,2_a5_2
39743,4_00_0
39744,2_00_0
39745,4_00_0
39746,6_b4_1
39747,6_00_0
39748,3_00_0
39749,4_00_0
39751,3_a9_2
39752,3_00_0
39753,6_00_0
39754,5_a7_2
39755,1_00_0
39756,5_b8_1
39757,2_a5_2
39758,3_00_0
39759,5_b6_1
39760,5_b7_1
39761,5_b6_1
39762,3_a9_1
39763,1_00_0
39766,1_00_0
39768,1_00_0
39769,6_00_0
39771,6_00_0
39772,5_a7_2
39773,4_00_0
39775,5_b7_1
39776,1_00_0
39777,6_00_0
39778,1_00_0
39779,4_00_0
39780,2_00_0
39781,1_00_0
39782,2_00_0
39783,4_00_0
39784,4_00_0
39785,1_00_0
39786,3_00_0
39787,5_a7_2
39788,1_00_0
39789,1_00_0
39790,6_a12_2
39791,5_b6_1
39792,4_00_0
39793,4_00_0
39794,3_00_0
39795,3_b7_1
39796,6_00_0
39797,3_00_0
39798,3_00_0
39799,4_00_0
39800,5_b6_1
39801,6_00_0
39802,4_00_0
39803,1_00_0
39804,5_00_0
39805,6_00_0
39806,6_00_0
39807,3_00_0
39808,3_b6_1
39809,3_00_0
39810,5_b6_1
39811,5_b6_1
39812,1_00_0
39813,3_00_0
39814,1_00_0
39816,3_b6_1
39817,6_00_0
39819,5_b7_1
39820,3_a9_1
39821,5_b8_1
39822,3_00_0
39823,5_b7_1
39824,3_00_0
39825,3_a9_1
39826,3_b8_1
39827,6_00_0
39828,3_b3_1
39829,4_00_0
39830,3_a9_2
39831,3_00_0
39832,3_00_0
39833,5_a7_2
39834,1_00_0
39835,6_00_0
39836,4_00_0
39837,5_a7_2
39838,3_b6_1
39841,5_b8_1
39842,3_b7_1
39843,6_00_0
39844,3_00_0
39845,3_b6_1
39846,3_00_0
39847,4_00_0
39848,3_00_0
39849,4_00_0
39850,6_00_0
39851,3_b8_1
39853,3_00_0
39854,1_00_0
39856,4_00_0
39857,6_b4_1
39859,4_00_0
39860,4_00_0
39861,6_00_0
39862,6_00_0
39863,5_b8_1
39865,3_b3_1
39866,3_b6_1
39867,3_00_0
39868,1_00_0
39871,3_a9_2
39872,4_00_0
39873,4_00_0
39874,3_b6_1
39875,1_00_0
39876,6_00_0
39877,4_00_0
39878,3_b3_1
39879,5_b7_1
39880,1_00_0
39881,3_a9_2
39882,4_00_0
39883,1_00_0
39884,4_00_0
39885,6_00_0
39887,4_00_0
39888,3_00_0
39889,3_00_0
39890,4_00_0
39891,3_b6_1
39892,6_00_0
39894,4_00_0
39895,3_00_0
39896,3_00_0
39898,5_b7_1
39899,5_b7_1
39900,6_a11_1
39901,4_00_0
39902,3_a9_2
39903,4_00_0
39905,4_00_0
39906,4_00_0
39907,4_00_0
39908,3_b6_1
39909,4_00_0
39910,6_00_0
39911,3_b8_1
39912,4_00_0
39913,6_00_0
39914,6_a11_1
39915,5_a7_2
39916,3_00_0
39917,4_00_0
39918,3_00_0
39919,1_00_0
39920,4_00_0
39921,3_00_0
39922,6_00_0
39923,4_00_0
39924,6_00_0
39926,4_00_0
39927,3_00_0
39928,2_00_0
39929,1_00_0
39930,5_b8_1
39931,6_00_0
39932,3_b7_1
39933,5_b8_1
39934,6_00_0
39935,6_00_0
39936,1_00_0
39937,4_00_0
39939,6_00_0
39940,6_00_0
39941,1_00_0
39942,3_a9_1
39943,2_00_0
39944,1_00_0
39945,4_00_0
39946,6_00_0
39948,2_a5_2
39949,3_00_0
39950,3_00_0
39951,6_00_0
39952,3_00_0
39953,3_00_0
39954,3_a9_1
39955,4_00_0
39956,3_00_0
39957,6_00_0
39958,3_00_0
39959,5_a7_2
39960,6_00_0
39961,5_b7_1
39962,1_00_0
39963,5_a7_2
39964,4_00_0
39965,6_b4_3
39967,4_00_0
39968,3_00_0
39969,3_00_0
39970,3_b7_1
39971,3_00_0
39972,3_00_0
39973,5_b7_1
39974,5_a7_2
39976,3_b6_1
39978,3_00_0
39979,4_00_0
39980,1_00_0
39981,3_b7_1
39982,3_00_0
39983,6_00_0
39984,1_00_0
39985,2_a5_2
39987,3_00_0
39989,1_00_0
39990,3_00_0
39991,6_00_0
39992,5_b8_1
39993,1_00_0
39994,5_b7_1
39995,3_a9_1
39996,4_00_0
39997,1_00_0
39998,6_00_0
39999,5_b7_1
40000,6_00_0
40001,3_00_0
40002,6_b5_1
40003,2_a5_2
40004,3_b7_1
40005,3_00_0
40006,3_00_0
40007,3_00_0
40008,3_b7_1
40009,3_00_0
40010,4_00_0
40011,6_00_0
40012,3_00_0
40013,6_a11_1
40014,4_00_0
40015,3_b6_1
40016,1_00_0
40017,5_b8_1
40018,1_00_0
40020,6_a12_2
40021,1_00_0
40022,3_a9_1
40023,3_a9_2
40024,3_00_0
40025,3_00_0
40026,2_a5_2
40027,3_00_0
40028,2_00_0
40029,2_00_0
40030,5_b7_1
40031,2_a5_2
40032,1_00_0
40033,3_00_0
40034,4_00_0
40035,5_a7_2
40036,1_00_0
40037,3_a9_1
40038,6_00_0
40039,4_00_0
40040,1_00_0
40041,1_00_0
40042,5_b6_1
40043,5_a7_2
40044,4_00_0
40046,3_b6_1
40047,4_00_0
40048,4_00_0
40050,3_00_0
40052,1_00_0
40054,3_00_0
40055,3_a9_2
40056,4_00_0
40057,3_00_0
40058,5_a7_2
40059,1_00_0
40060,3_b8_1
40061,5_b8_1
40062,4_00_0
40063,3_00_0
40064,3_b8_1
40065,4_00_0
40066,2_a5_2
40067,1_00_0
40068,5_b8_1
40070,1_00_0
40071,3_00_0
40073,1_00_0
40074,3_00_0
40075,3_00_0
40077,4_00_0
40078,5_a7_2
40079,3_a9_2
40080,1_00_0
40081,1_00_0
40082,6_00_0
40083,3_b8_1
40084,3_b7_1
40085,5_b8_1
40086,4_00_0
40087,4_00_0
40088,3_00_0
40089,6_00_0
40090,4_00_0
40091,3_00_0
40092,1_00_0
40093,6_00_0
40094,6_a11_1
40095,1_00_0
40096,3_00_0
40098,3_a9_2
40099,4_00_0
40100,1_00_0
40101,1_00_0
40102,3_a9_2
40103,3_00_0
40105,6_00_0
40106,3_b8_1
40107,1_00_0
40108,2_a5_2
40109,1_00_0
40110,1_00_0
40111,1_00_0
40113,3_00_0
40114,6_00_0
40115,1_00_0
40116,4_00_0
40117,6_00_0
40118,3_00_0
40119,1_00_0
40120,6_00_0
40121,3_00_0
40122,3_00_0
40123,1_00_0
40124,1_00_0
40125,1_00_0
40126,6_00_0
40127,2_00_0
40128,3_b6_1
40129,2_00_0
40130,2_00_0
40132,6_00_0
40133,6_00_0
40134,5_b6_1
40135,3_00_0
40136,2_00_0
40137,3_b3_1
40138,6_00_0
40140,4_00_0
40141,3_00_0
40142,4_00_0
40143,3_00_0
40144,4_00_0
40145,4_00_0
40146,6_00_0
40147,3_a9_1
40148,5_a7_2
40149,6_00_0
40150,4_00_0
40151,3_00_0
40152,3_a9_1
40153,4_00_0
40154,3_00_0
40155,2_00_0
40156,4_00_0
40157,6_00_0
40158,3_00_0
40159,6_00_0
40160,4_00_0
40161,4_00_0
40162,6_00_0
40163,3_a9_2
40164,6_00_0
40165,1_00_0
40166,3_00_0
40167,1_00_0
40168,3_00_0
40169,2_a5_2
40170,3_b3_1
40172,3_00_0
40173,4_00_0
40174,5_b6_1
40175,6_00_0
40177,3_00_0
40178,4_00_0
40180,1_00_0
40181,6_00_0
40182,5_b8_1
40183,2_00_0
40185,1_00_0
40186,5_b8_1
40187,1_00_0
40188,4_00_0
40189,5_b7_1
40190,5_a7_2
40191,4_00_0
40192,2_a5_2
40193,5_b7_1
40194,3_a9_1
40195,1_00_0
40196,1_00_0
40197,1_00_0
40198,5_b7_1
40199,3_00_0
40200,4_00_0
40201,5_b7_1
40202,4_00_0
40203,2_00_0
40204,6_00_0
40206,6_00_0
40207,6_00_0
40208,6_00_0
40209,3_b6_1
40210,1_00_0
40211,6_00_0
40212,3_b3_1
40213,3_00_0
40214,1_00_0
40215,3_a9_2
40216,4_00_0
40217,3_00_0
40218,6_00_0
40219,2_00_0
40220,3_00_0
40221,5_b6_1
40222,4_00_0
40224,1_00_0
40225,6_00_0
40226,6_00_0
40227,4_00_0
40228,3_00_0
40229,3_a9_2
40230,3_00_0
40231,4_00_0
40232,3_00_0
40233,5_b8_1
40234,3_00_0
40235,6_00_0
40236,4_00_0
40237,1_00_0
40238,3_b6_1
40239,3_00_0
40240,3_00_0
40242,3_00_0
40243,6_a11_1
40244,2_00_0
40245,6_00_0
40246,3_b7_1
40247,6_00_0
40248,6_00_0
40249,1_00_0
40250,4_00_0
40251,1_00_0
40252,3_00_0
40253,4_00_0
40254,2_00_0
40255,6_00_0
40256,6_00_0
40257,3_00_0
40258,3_00_0
40259,2_a5_2
40260,4_00_0
40261,3_b3_1
40262,5_a7_2
40263,3_a9_1
40264,3_b3_1
40265,1_00_0
40266,3_b7_1
40267,6_a11_1
40268,6_00_0
40269,4_00_0
40270,5_b7_1
40271,3_00_0
40272,3_00_0
40273,6_00_0
40274,3_00_0
40275,3_00_0
40276,4_00_0
40277,4_00_0
40279,3_a9_1
40280,3_00_0
40282,6_00_0
40283,5_a7_2
40284,3_b6_1
40285,6_00_0
40286,4_00_0
40287,1_00_0
40288,6_00_0
40289,6_00_0
40290,6_00_0
40291,1_00_0
40292,3_a9_1
40293,5_b8_1
40294,4_00_0
40295,5_a7_2
40296,5_b8_1
40297,3_a9_1
40298,3_b3_1
40299,6_a12_2
40300,3_00_0
40301,4_00_0
40302,6_00_0
40303,3_00_0
40304,3_00_0
40305,3_00_0
40306,5_b6_1
40307,6_00_0
40308,6_00_0
40309,3_b8_1
40310,1_00_0
40312,3_00_0
40313,6_00_0
40315,4_00_0
40316,6_00_0
40317,6_00_0
40318,6_00_0
40319,3_00_0
40320,3_00_0
40321,1_00_0
40322,6_00_0
40323,3_00_0
40324,3_00_0
40325,5_b8_1
40326,1_00_0
40327,3_00_0
40328,3_00_0
40329,3_b3_1
40330,5_b7_1
40331,1_00_0
40332,6_00_0
40333,5_b7_1
40334,6_00_0
40335,3_b7_1
40336,6_00_0
40337,1_00_0
40338,6_00_0
40340,1_00_0
40341,2_a5_2
40342,2_a5_2
40343,3_b6_1
40344,3_00_0
40345,3_a9_3
40346,5_b7_1
40347,4_00_0
40348,1_00_0
40349,3_00_0
40351,1_00_0
40352,1_00_0
40353,3_00_0
40354,3_00_0
40356,6_a11_1
40357,1_00_0
40360,3_00_0
40361,4_00_0
40362,3_b6_1
40363,4_00_0
40364,3_a9_2
40366,3_b6_1
40367,3_b7_1
40368,6_00_0
40369,1_00_0
40370,3_b7_1
40371,3_b3_1
40373,4_00_0
40374,4_00_0
40375,1_00_0
40376,3_00_0
40377,3_b7_1
40378,6_00_0
40379,3_00_0
40380,4_00_0
40382,1_00_0
40383,5_b6_1
40385,3_00_0
40386,3_00_0
40388,6_00_0
40389,5_b8_1
40390,3_a9_2
40391,4_00_0
40392,2_00_0
40393,3_00_0
40394,4_00_0
40395,6_00_0
40396,6_00_0
40397,5_a7_2
40398,3_00_0
40399,3_b6_1
40400,3_a9_2
40401,1_00_0
40402,3_a9_1
40403,4_00_0
40405,4_00_0
40406,4_00_0
40407,6_00_0
40408,4_00_0
40409,3_a9_1
40410,6_a12_2
40412,2_a5_2
40413,3_00_0
40414,4_00_0
40415,2_a5_2
40416,1_00_0
40417,3_b7_1
40418,3_00_0
40419,3_a9_1
40420,4_00_0
40421,6_00_0
40423,5_b7_1
40424,6_00_0
40425,2_a5_2
40426,4_00_0
40427,6_00_0
40428,1_00_0
40429,3_00_0
40430,6_a11_1
40431,6_00_0
40432,3_b3_1
40433,4_00_0
40434,3_00_0
40435,4_00_0
40436,5_b8_1
40437,5_b7_1
40438,6_b4_1
40439,1_00_0
40440,1_00_0
40441,5_b6_1
40442,2_00_0
40443,4_00_0
40444,3_b3_1
40445,5_b8_1
40446,6_00_0
40447,6_00_0
40448,3_a9_1
40449,3_00_0
40450,4_00_0
40451,2_00_0
40452,4_00_0
40453,4_00_0
40454,3_a9_2
40455,3_b3_1
40456,3_a9_1
40457,4_00_0
40458,3_00_0
40459,6_00_0
40460,3_00_0
40461,6_00_0
40462,6_00_0
40463,6_a12_1
40464,3_b3_1
40465,1_00_0
40466,3_b3_1
40467,3_b6_1
40468,3_b8_1
40469,5_a7_2
40470,3_00_0
40472,5_b7_1
40473,2_a5_2
40474,1_00_0
40475,6_00_0
40476,6_00_0
40477,6_00_0
40478,1_00_0
40479,1_00_0
40480,6_00_0
40481,5_00_0
40482,6_00_0
40483,3_a9_2
40484,3_00_0
40487,1_00_0
40488,3_a9_2
40489,3_00_0
40491,4_00_0
40492,5_b6_1
40493,3_00_0
40494,2_a5_2
40495,6_00_0
40496,3_00_0
40497,4_00_0
40498,6_00_0
40499,5_b8_1
40500,3_00_0
40501,6_00_0
40502,5_b8_1
40503,1_00_0
40504,4_00_0
40506,3_a9_2
40507,6_00_0
40508,2_a5_2
40509,4_00_0
40510,2_a5_2
40511,3_00_0
40512,5_b6_1
40513,3_a9_2
40514,1_00_0
40515,4_00_0
40516,6_00_0
40517,4_00_0
40519,4_00_0
40520,3_b3_1
40522,1_00_0
40523,3_00_0
40524,2_a5_2
40525,5_a7_2
40526,1_00_0
40527,4_00_0
40528,3_b7_1
40529,3_00_0
40530,5_b8_1
40531,2_00_0
40532,1_00_0
40533,6_00_0
40534,6_00_0
40535,3_b3_1
40536,3_00_0
40537,1_00_0
40538,5_b6_1
40539,5_b6_1
40540,6_b5_1
40541,3_00_0
40542,3_a9_1
40543,4_00_0
40544,6_00_0
40545,1_00_0
40546,1_00_0
40547,4_00_0
40548,6_00_0
40549,3_00_0
40550,5_b8_1
40551,6_00_0
40552,6_00_0
40553,5_b7_1
40554,4_00_0
40555,4_00_0
40556,3_00_0
40557,6_00_0
40558,6_00_0
40559,3_00_0
40560,4_00_0
40561,6_00_0
40562,4_00_0
40563,1_00_0
40564,6_00_0
40565,5_b6_1
40566,3_00_0
40567,1_00_0
40568,2_a5_2
40569,1_00_0
40570,5_b6_1
40571,1_00_0
40572,6_00_0
40573,3_b7_1
40575,6_00_0
40576,3_00_0
40577,3_b6_1
40578,3_b3_1
40579,5_b7_1
40580,6_00_0
40581,6_00_0
40583,1_00_0
40585,3_a9_2
40586,3_b7_1
40587,3_a9_2
40588,3_a9_1
40589,5_b7_1
40590,3_a9_2
40591,1_00_0
40592,6_00_0
40593,2_00_0
40595,3_00_0
40598,3_00_0
40599,3_b3_1
40600,1_00_0
40601,3_b3_1
40602,1_00_0
40605,3_b7_1
40606,1_00_0
40607,3_00_0
40608,3_00_0
40609,1_00_0
40610,6_b4_3
40611,5_b7_1
40612,3_b6_1
40613,3_00_0
40614,3_00_0
40615,6_00_0
40616,3_00_0
40617,1_00_0
40618,6_00_0
40619,3_00_0
40620,5_b8_1
40621,6_00_0
40622,3_00_0
40623,3_b7_1
40625,3_00_0
40626,3_00_0
40627,5_b7_1
40628,4_00_0
40629,5_a7_2
40630,5_b7_1
40631,1_00_0
40632,3_00_0
40633,6_00_0
40634,5_b8_1
40636,6_00_0
40637,4_00_0
40638,3_a9_2
40639,6_00_0
40641,1_00_0
40642,3_00_0
40643,4_00_0
40644,4_00_0
40645,6_00_0
40646,4_00_0
40647,3_00_0
40648,3_00_0
40649,6_00_0
40651,5_b6_1
40652,1_00_0
40653,3_00_0
40654,3_b7_1
40655,5_b8_1
40656,4_00_0
40657,3_00_0
40658,1_00_0
40659,5_b6_1
40660,2_00_0
40661,2_a5_2
40662,4_00_0
40663,5_b7_1
40664,4_00_0
40665,3_00_0
40666,5_b6_1
40667,1_00_0
40668,3_b6_1
40669,3_a9_2
40670,2_a5_2
40671,1_00_0
40672,6_00_0
40673,3_a9_1
40674,5_b8_1
40675,5_b6_1
40676,3_00_0
40677,1_00_0
40678,2_00_0
40679,5_a7_2
40680,4_00_0
40681,3_b6_1
40682,6_00_0
40683,4_00_0
40684,5_b8_1
40685,3_a9_1
40686,3_b8_1
40687,4_00_0
40688,4_00_0
40689,6_00_0
40690,6_00_0
40691,4_00_0
40692,3_00_0
40693,3_00_0
40694,2_a5_2
40695,5_b8_1
40696,6_b4_1
40697,5_a7_2
40698,6_00_0
40699,3_00_0
40701,5_b7_1
40702,2_a5_2
40703,6_00_0
40704,6_00_0
40705,4_00_0
40707,4_00_0
40709,3_b7_1
40710,1_00_0
40711,2_00_0
40712,3_00_0
40713,3_a9_2
40714,4_00_0
40715,3_00_0
40716,6_00_0
40719,6_00_0
40721,3_00_0
40722,1_00_0
40723,6_00_0
40724,3_a9_2
40725,6_00_0
40726,6_00_0
40727,2_00_0
40728,4_00_0
40729,4_00_0
40730,4_00_0
40731,3_00_0
40732,4_00_0
40733,2_a5_2
40734,5_b8_1
40735,1_00_0
40736,3_00_0
40737,3_00_0
40738,3_b6_1
40739,6_00_0
40740,1_00_0
40741,3_00_0
40743,4_00_0
40744,3_00_0
40745,5_b7_1
40746,2_a5_2
40747,3_00_0
40748,3_b7_1
40749,3_00_0
40750,2_a5_2
40751,3_b3_1
40753,3_00_0
40754,3_a9_1
40755,1_00_0
40757,1_00_0
40758,3_b7_1
40759,3_00_0
40760,4_00_0
40761,3_00_0
40762,3_00_0
40763,3_00_0
40764,3_a9_1
40766,3_00_0
40767,3_00_0
40769,6_00_0
40770,6_00_0
40772,3_b8_1
40773,1_00_0
40774,3_00_0
40775,6_00_0
40776,3_00_0
40777,3_00_0
40778,4_00_0
40779,4_00_0
40780,4_00_0
40781,6_00_0
40782,6_a12_2
40783,4_00_0
40784,3_00_0
40785,3_a9_1
40786,3_00_0
40788,3_00_0
40789,6_00_0
40790,1_00_0
40791,3_00_0
40792,6_00_0
40793,1_00_0
40794,3_00_0
40795,1_00_0
40796,3_a9_1
40797,4_00_0
40798,3_00_0
40799,1_00_0
40800,1_00_0
40801,1_00_0
40802,3_00_0
40803,1_00_0
40805,6_00_0
40806,4_00_0
40808,6_00_0
40809,5_b8_1
40810,3_b8_1
40811,3_00_0
40812,1_00_0
40813,3_00_0
40814,3_00_0
40815,1_00_0
40817,2_a5_2
40818,3_b7_1
40819,6_00_0
40820,6_00_0
40822,3_b8_1
40823,3_00_0
40824,5_b7_1
40825,2_a5_2
40826,3_00_0
40827,4_00_0
40830,3_b7_1
40831,4_00_0
40832,3_b7_1
40833,3_00_0
40834,6_00_0
40835,6_00_0
40836,4_00_0
40837,1_00_0
40838,5_b7_1
40839,3_00_0
40840,1_00_0
40841,3_a9_1
40842,6_00_0
40843,2_a5_2
40844,4_00_0
40845,2_00_0
40846,6_00_0
40847,4_00_0
40848,3_00_0
40849,1_00_0
40850,5_a7_2
40852,6_a12_2
40853,2_a5_2
40854,4_00_0
40855,6_00_0
40856,3_b8_1
40857,6_00_0
40858,3_00_0
40859,3_b7_1
40860,3_00_0
40861,3_b8_1
40862,6_00_0
40863,3_b6_1
40864,3_a9_2
40866,3_00_0
40867,3_00_0
40868,3_b3_1
40870,3_00_0
40871,1_00_0
40872,3_b3_1
40873,6_00_0
40874,3_00_0
40875,6_00_0
40876,3_b6_1
40877,3_00_0
40878,4_00_0
40879,6_00_0
40880,4_00_0
40881,3_00_0
40882,1_00_0
40883,3_b7_1
40884,1_00_0
40885,5_a7_2
40886,4_00_0
40887,4_00_0
40888,3_b3_1
40889,6_00_0
40890,1_00_0
40891,3_00_0
40892,1_00_0
40893,5_b7_1
40894,3_00_0
40895,4_00_0
40896,2_a5_2
40897,3_b7_1
40898,1_00_0
40899,3_00_0
40900,3_a9_1
40901,3_b6_1
40902,3_00_0
40903,6_00_0
40905,3_b3_1
40906,1_00_0
40907,3_b7_1
40908,3_00_0
40909,4_00_0
40910,1_00_0
40911,5_b8_1
40912,3_a9_1
40913,3_a9_2
40914,6_00_0
40915,1_00_0
40916,6_00_0
40917,5_b8_1
40918,5_b8_1
40919,1_00_0
40920,3_a9_3
40921,2_00_0
40922,3_00_0
40923,3_b3_1
40924,6_00_0
40925,6_00_0
40926,1_00_0
40927,5_b8_1
40928,3_00_0
40929,3_00_0
40930,4_00_0
40931,3_b8_1
40932,3_00_0
40933,3_00_0
40934,2_a5_2
40935,1_00_0
40936,3_00_0
40937,5_a7_2
40938,3_a9_2
40939,1_00_0
40940,1_00_0
40941,6_a11_1
40942,4_00_0
40943,1_00_0
40944,6_00_0
40946,4_00_0
40948,5_b7_1
40949,1_00_0
40950,2_00_0
40951,6_00_0
40952,3_00_0
40953,5_b8_1
40954,4_00_0
40955,6_a12_2
40956,6_00_0
40957,2_a5_2
40959,3_00_0
40960,3_b7_1
40961,3_00_0
40962,4_00_0
40963,2_00_0
40964,4_00_0
40965,3_b7_1
40966,2_a5_2
40968,6_00_0
40969,3_b8_1
40970,3_00_0
40972,3_b7_1
40973,6_00_0
40974,3_b7_1
40975,3_00_0
40976,3_00_0
40977,6_a11_1
40978,5_a7_2
40979,1_00_0
40980,3_a9_2
40981,1_00_0
40982,4_00_0
40984,3_b8_1
40985,1_00_0
40987,6_b4_1
40988,3_00_0
40989,6_00_0
40990,3_b7_1
40991,3_a9_1
40992,5_b8_1
40994,3_00_0
40995,2_a5_2
40996,3_00_0
40997,2_00_0
40998,3_00_0
40999,1_00_0
41000,3_00_0
41001,1_00_0
41002,3_00_0
41003,6_a12_1
41004,6_00_0
41005,4_00_0
41006,4_00_0
41007,1_00_0
41008,5_b7_1
41009,3_00_0
41010,5_b8_1
41012,3_a9_2
41013,3_00_0
41015,6_a12_2
41016,1_00_0
41017,3_00_0
41018,3_b8_1
41019,3_00_0
41020,3_00_0
41021,5_b8_1
41022,3_b7_1
41023,1_00_0
41024,3_b7_1
41025,3_a9_2
41026,3_b7_1
41027,6_a11_1
41028,3_b6_1
41029,6_00_0
41030,6_00_0
41032,5_a7_2
41033,3_a9_1
41034,6_00_0
41035,1_00_0
41036,3_00_0
41038,1_00_0
41039,1_00_0
41040,3_00_0
41042,3_00_0
41043,1_00_0
41044,4_00_0
41045,6_00_0
41046,2_a5_2
41047,3_b6_1
41048,3_b7_1
41049,3_b6_1
41050,6_00_0
41051,2_00_0
41052,4_00_0
41053,3_b7_1
41054,3_b6_1
41055,4_00_0
41056,6_00_0
41057,4_00_0
41058,4_00_0
41059,6_00_0
41060,3_00_0
41061,2_00_0
41062,3_b6_1
41063,3_b6_1
41064,4_00_0
41065,6_00_0
41066,4_00_0
41067,3_00_0
41068,3_00_0
41069,6_00_0
41070,3_00_0
41071,3_00_0
41072,6_00_0
41073,1_00_0
41074,3_00_0
41075,1_00_0
41076,6_00_0
41077,3_a9_1
41079,6_00_0
41080,3_b6_1
41081,6_00_0
41082,6_00_0
41083,1_00_0
41084,3_a9_1
41085,3_00_0
41086,4_00_0
41087,4_00_0
41090,1_00_0
41091,6_00_0
41094,4_00_0
41095,3_a9_1
41096,1_00_0
41097,1_00_0
41098,3_00_0
41099,3_b8_1
41100,3_00_0
41101,3_00_0
41102,6_00_0
41103,3_00_0
41104,3_b6_1
41105,3_00_0
41106,1_00_0
41107,3_b6_1
41108,4_00_0
41109,1_00_0
41110,3_a9_2
41111,3_00_0
41112,4_00_0
41113,6_00_0
41114,5_b7_1
41115,3_a9_2
41117,3_b8_1
41118,3_b7_1
41119,3_b6_1
41120,6_a11_1
41121,1_00_0
41122,6_00_0
41124,1_00_0
41125,6_00_0
41126,2_a5_2
41128,6_b4_1
41131,3_b7_1
41132,6_00_0
41133,2_a5_2
41134,4_00_0
41135,6_00_0
41136,1_00_0
41137,1_00_0
41138,3_00_0
41139,3_00_0
41140,6_00_0
41141,3_00_0
41142,6_a12_2
41143,4_00_0
41144,6_00_0
41146,6_00_0
41147,3_b3_1
41148,3_b7_1
41149,5_b6_1
41150,3_b7_1
41151,3_a9_3
41152,3_b3_1
41153,5_b6_1
41154,6_00_0
41155,4_00_0
41156,3_00_0
41157,3_b6_1
41158,3_00_0
41159,3_a9_1
41160,6_00_0
41161,6_00_0
41162,3_a9_2
41163,1_00_0
41164,6_00_0
41165,6_00_0
41166,1_00_0
41167,1_00_0
41169,2_00_0
41170,4_00_0
41171,3_b6_1
41172,3_b8_1
41173,4_00_0
41174,3_00_0
41175,3_00_0
41176,2_a5_2
41177,3_b7_1
41178,4_00_0
41179,5_b6_1
41180,6_00_0
41181,1_00_0
41182,3_00_0
41183,2_00_0
41184,5_b6_1
41185,5_b6_1
41186,4_00_0
41187,6_00_0
41188,3_00_0
41189,1_00_0
41190,3_00_0
41191,6_00_0
41192,4_00_0
41193,4_00_0
41194,3_00_0
41195,3_00_0
41196,3_00_0
41197,4_00_0
41198,1_00_0
41199,4_00_0
41200,3_00_0
41201,3_00_0
41202,3_b6_1
41203,3_00_0
41205,5_00_0
41206,4_00_0
41208,3_00_0
41210,3_00_0
41211,4_00_0
41212,4_00_0
41213,6_00_0
41214,4_00_0
41215,3_a9_1
41216,4_00_0
41218,4_00_0
41219,3_00_0
41220,3_00_0
41221,4_00_0
41222,5_b6_1
41223,3_b3_1
41224,3_00_0
41225,6_00_0
41226,6_00_0
41227,6_a12_2
41228,4_00_0
41229,5_b7_1
41230,3_00_0
41231,5_00_0
41232,3_b8_1
41233,1_00_0
41234,6_00_0
41235,5_b7_1
41236,4_00_0
41238,4_00_0
41239,3_b8_1
41240,3_a9_1
41241,1_00_0
41242,3_a9_3
41243,6_a12_2
41244,3_b7_1
41245,2_a5_2
41246,5_b8_1
41247,6_00_0
41248,4_00_0
41250,3_b7_1
41251,4_00_0
41252,6_00_0
41253,1_00_0
41254,2_a5_2
41255,6_00_0
41256,6_00_0
41257,6_00_0
41258,3_a9_2
41259,3_b3_1
41260,1_00_0
41261,1_00_0
41262,3_00_0
41263,3_b7_1
41264,6_00_0
41265,6_00_0
41266,3_00_0
41267,1_00_0
41268,1_00_0
41269,2_a5_2
41270,1_00_0
41271,3_a9_2
41272,6_00_0
41273,1_00_0
41274,4_00_0
41275,1_00_0
41277,3_00_0
41279,3_b7_1
41280,3_a9_1
41281,6_00_0
41282,3_00_0
41283,6_00_0
41284,4_00_0
41285,5_b7_1
41286,6_00_0
41287,4_00_0
41288,6_00_0
41289,3_00_0
41291,6_00_0
41292,1_00_0
41294,4_00_0
41295,3_00_0
41296,4_00_0
41297,5_a7_2
41298,4_00_0
41299,5_00_0
41300,4_00_0
41301,4_00_0
41303,1_00_0
41306,3_a9_1
41307,3_a9_2
41308,6_00_0
41309,3_00_0
41311,3_00_0
41313,1_00_0
41314,1_00_0
41315,3_00_0
41316,6_00_0
41317,1_00_0
41318,3_00_0
41319,6_00_0
41320,3_00_0
41321,2_a5_2
41322,2_00_0
41323,3_a9_2
41324,3_b6_1
41325,5_b6_1
41326,5_a7_2
41327,6_00_0
41328,3_a9_1
41329,3_00_0
41330,3_00_0
41331,1_00_0
41332,4_00_0
41333,2_00_0
41334,5_b8_1
41335,4_00_0
41336,3_00_0
41337,6_00_0
41338,5_00_0
41339,5_b8_1
41340,1_00_0
41341,3_00_0
41342,2_a5_2
41343,5_b6_1
41345,3_00_0
41346,6_00_0
41347,2_00_0
41348,6_00_0
41349,1_00_0
41352,6_00_0
41353,3_00_0
41355,3_00_0
41356,1_00_0
41357,3_00_0
41358,5_b8_1
41359,2_a5_2
41360,1_00_0
41361,3_00_0
41362,5_00_0
41363,4_00_0
41364,6_00_0
41366,4_00_0
41368,2_00_0
41369,4_00_0
41371,4_00_0
41372,3_00_0
41373,1_00_0
41374,1_00_0
41375,1_00_0
41376,5_a7_2
41377,6_00_0
41378,1_00_0
41379,6_00_0
41380,1_00_0
41381,6_00_0
41382,2_a5_2
41383,6_00_0
41384,3_00_0
41385,3_b3_1
41386,3_00_0
41387,2_00_0
41388,4_00_0
41390,2_a5_2
41391,3_b6_1
41392,1_00_0
41393,3_00_0
41395,5_b8_1
41396,3_00_0
41397,3_b6_1
41399,3_00_0
41400,4_00_0
41401,2_a5_2
41402,6_00_0
41403,3_00_0
41404,3_b6_1
41405,2_a5_2
41406,3_00_0
41407,1_00_0
41408,2_00_0
41409,3_b3_1
41411,3_00_0
41412,1_00_0
41413,1_00_0
41414,4_00_0
41415,4_00_0
41416,6_00_0
41417,3_b3_1
41418,6_00_0
41419,3_00_0
41420,6_00_0
41421,3_00_0
41422,1_00_0
41424,3_b3_1
41425,3_b3_1
41426,6_00_0
41427,6_00_0
41428,5_a7_2
41429,1_00_0
41430,5_a7_2
41431,3_00_0
41432,3_b7_1
41433,1_00_0
41434,5_b7_1
41435,5_b6_1
41436,3_b3_1
41437,3_b6_1
41438,4_00_0
41441,6_00_0
41442,3_00_0
41444,1_00_0
41446,3_b7_1
41447,3_a9_1
41448,3_b8_1
41449,1_00_0
41450,1_00_0
41451,4_00_0
41453,3_a9_1
41454,3_00_0
41455,3_00_0
41457,6_00_0
41459,5_b6_1
41460,5_b6_1
41461,4_00_0
41462,4_00_0
41463,6_00_0
41464,6_00_0
41465,4_00_0
41466,6_00_0
41467,1_00_0
41468,4_00_0
41469,5_b7_1
41470,3_a9_2
41472,3_00_0
41473,6_00_0
41474,3_b6_1
41475,3_00_0
41476,3_00_0
41477,6_00_0
41478,1_00_0
41479,3_00_0
41480,3_00_0
41481,5_b8_1
41482,1_00_0
41483,4_00_0
41484,3_00_0
41485,3_00_0
41486,1_00_0
41487,4_00_0
41488,3_a9_1
41489,2_a5_2
41490,1_00_0
41491,5_b8_1
41492,4_00_0
41493,4_00_0
41494,6_00_0
41495,1_00_0
41496,6_00_0
41497,5_b6_1
41498,1_00_0
41499,3_b6_1
41500,4_00_0
41501,4_00_0
41503,3_a9_2
41504,3_00_0
41505,4_00_0
41506,5_b6_1
41507,3_00_0
41508,3_00_0
41509,6_00_0
41511,4_00_0
41512,3_00_0
41513,2_a5_2
41514,6_00_0
41515,4_00_0
41516,2_00_0
41517,3_b6_1
41520,6_00_0
41521,4_00_0
41522,1_00_0
41523,1_00_0
41524,3_00_0
41525,1_00_0
41526,3_b3_1
41527,6_00_0
41528,6_00_0
41529,4_00_0
41530,5_a7_2
41532,4_00_0
41533,4_00_0
41535,3_00_0
41536,6_b4_3
41537,5_b7_1
41538,6_00_0
41540,6_00_0
41541,1_00_0
41542,1_00_0
41543,6_00_0
41544,3_00_0
41545,4_00_0
41546,4_00_0
41548,3_00_0
41549,4_00_0
41550,1_00_0
41551,6_00_0
41552,6_00_0
41554,2_00_0
41555,1_00_0
41558,3_00_0
41559,4_00_0
41560,6_00_0
41561,5_b6_1
41562,5_b8_1
41563,3_a9_1
41564,6_00_0
41565,4_00_0
41566,3_b8_1
41567,4_00_0
41569,3_b6_1
41570,1_00_0
41571,3_b8_1
41572,6_a11_1
41573,6_00_0
41574,3_00_0
41576,3_00_0
41577,1_00_0
41578,2_a5_2
41580,3_a9_1
41581,3_00_0
41582,3_00_0
41583,4_00_0
41584,3_00_0
41585,2_00_0
41586,6_00_0
41587,3_00_0
41588,4_00_0
41589,1_00_0
41590,2_a5_2
41591,3_00_0
41592,4_00_0
41593,4_00_0
41594,5_b6_1
41595,3_00_0
41597,3_00_0
41598,4_00_0
41599,2_00_0
41600,6_00_0
41601,3_a9_2
41602,6_00_0
41603,3_b7_1
41604,6_00_0
41605,6_00_0
41606,3_00_0
41607,3_a9_1
41608,1_00_0
41609,2_a5_2
41610,4_00_0
41611,2_a5_2
41612,5_b8_1
41613,3_b6_1
41614,3_a9_1
41615,2_00_0
41616,3_00_0
41619,3_00_0
41620,3_b8_1
41621,6_00_0
41622,3_00_0
41624,6_00_0
41627,5_b7_1
41628,3_00_0
41629,3_00_0
41630,3_00_0
41631,3_00_0
41632,4_00_0
41633,4_00_0
41634,4_00_0
41635,3_00_0
41636,3_00_0
41637,6_00_0
41638,3_a9_1
41640,3_00_0
41641,4_00_0
41642,6_00_0
41643,1_00_0
41644,5_b8_1
41646,4_00_0
41647,1_00_0
41648,3_00_0
41649,1_00_0
41650,4_00_0
41651,3_a9_2
41653,1_00_0
41654,3_00_0
41655,5_b8_1
41656,3_00_0
41657,6_00_0
41659,4_00_0
41660,2_a5_2
41661,1_00_0
41662,1_00_0
41663,3_00_0
41664,3_00_0
41665,3_00_0
41666,1_00_0
41667,5_b7_1
41668,1_00_0
41669,3_00_0
41670,3_b3_1
41671,1_00_0
41672,1_00_0
41673,3_00_0
41674,3_b8_1
41675,3_a9_2
41676,3_b6_1
41677,1_00_0
41678,2_a5_2
41679,4_00_0
41681,5_b6_1
41683,6_00_0
41684,1_00_0
41685,3_b6_1
41687,6_00_0
41689,1_00_0
41690,5_a7_2
41691,6_a11_1
41692,5_a7_2
41693,6_00_0
41694,4_00_0
41696,4_00_0
41697,5_b8_1
41698,4_00_0
41699,1_00_0
41700,3_00_0
41701,6_00_0
41702,1_00_0
41703,2_00_0
41706,6_00_0
41707,2_a5_2
41708,5_a7_2
41709,3_b3_1
41710,6_00_0
41711,3_b7_1
41712,6_00_0
41713,3_00_0
41714,3_00_0
41715,1_00_0
41716,5_b7_1
41717,3_00_0
41718,3_b6_1
41719,3_b7_1
41720,4_00_0
41721,3_00_0
41722,1_00_0
41723,3_a9_2
41724,5_b8_1
41725,2_a5_2
41726,1_00_0
41727,5_b8_1
41728,6_00_0
41729,4_00_0
41730,5_b6_1
41731,4_00_0
41732,4_00_0
41734,2_00_0
41735,6_00_0
41736,3_00_0
41737,4_00_0
41738,3_00_0
41739,3_b3_1
41740,3_b3_1
41741,3_00_0
41742,1_00_0
41743,3_00_0
41744,6_a12_2
41745,1_00_0
41746,6_00_0
41747,4_00_0
41748,3_00_0
41749,5_b7_1
41750,4_00_0
41751,2_00_0
41752,1_00_0
41753,3_00_0
41754,3_00_0
41755,6_00_0
41756,3_00_0
41757,3_00_0
41758,4_00_0
41759,4_00_0
41760,1_00_0
41761,6_00_0
41762,1_00_0
41763,4_00_0
41765,2_00_0
41766,1_00_0
41767,5_b7_1
41768,4_00_0
41769,6_00_0
41770,5_b8_1
41771,3_b6_1
41772,1_00_0
41773,5_b7_1
41774,4_00_0
41775,3_00_0
41776,6_b4_1
41777,6_00_0
41779,6_00_0
41780,3_00_0
41781,1_00_0
41782,1_00_0
41783,3_b6_1
41784,6_00_0
41785,3_b7_1
41787,3_00_0
41788,1_00_0
41789,3_b7_1
41790,3_b7_1
41791,3_00_0
41792,3_00_0
41793,1_00_0
41794,1_00_0
41796,4_00_0
41798,3_b3_1
41799,4_00_0
41800,3_a9_1
41801,6_a11_1
41802,4_00_0
41803,1_00_0
41804,3_a9_1
41805,3_00_0
41806,3_00_0
41808,3_b7_1
41810,3_a9_2
41811,3_00_0
41812,1_00_0
41813,4_00_0
41815,3_00_0
41816,3_00_0
41817,6_00_0
41818,3_00_0
41819,1_00_0
41820,1_00_0
41822,4_00_0
41823,3_00_0
41824,4_00_0
41825,2_a5_2
41826,3_b6_1
41827,6_00_0
41828,3_00_0
41829,5_a7_2
41830,1_00_0
41831,5_b7_1
41833,6_00_0
41834,6_00_0
41835,2_a5_2
41836,2_00_0
41837,3_00_0
41838,1_00_0
41839,4_00_0
41840,5_b8_1
41841,6_00_0
41842,3_00_0
41844,1_00_0
41845,3_00_0
41847,2_a5_2
41848,4_00_0
41849,6_00_0
41850,4_00_0
41851,4_00_0
41852,3_00_0
41853,6_00_0
41854,6_a12_2
41855,3_00_0
41856,1_00_0
41858,5_00_0
41859,3_b7_1
41861,3_00_0
41862,4_00_0
41863,6_a11_1
41864,3_00_0
41865,4_00_0
41866,3_00_0
41868,3_00_0
41869,3_00_0
41870,2_a5_2
41871,1_00_0
41872,3_00_0
41873,5_b7_1
41874,3_a9_2
41875,4_00_0
41876,5_b6_1
41877,1_00_0
41878,4_00_0
41879,6_b4_1
41880,2_a5_2
41884,6_00_0
41885,3_b7_1
41886,3_a9_2
41887,1_00_0
41888,4_00_0
41889,1_00_0
41890,1_00_0
41891,3_a9_1
41892,5_b6_1
41894,3_a9_2
41895,6_00_0
41896,3_00_0
41897,3_b7_1
41899,6_00_0
41900,4_00_0
41901,3_b8_1
41902,3_00_0
41904,5_b7_1
41905,1_00_0
41906,5_b6_1
41907,3_b6_1
41908,1_00_0
41909,3_00_0
41910,5_b8_1
41911,3_b3_1
41912,4_00_0
41913,3_00_0
41914,3_00_0
41915,1_00_0
41916,3_b3_1
41917,4_00_0
41918,1_00_0
41919,1_00_0
41920,4_00_0
41921,2_a5_2
41922,6_00_0
41924,3_b6_1
41925,3_a9_1
41926,4_00_0
41927,1_00_0
41928,1_00_0
41929,3_00_0
41930,3_b6_1
41931,5_b6_1
41932,2_00_0
41933,4_00_0
41934,5_a7_2
41935,5_00_0
41936,6_00_0
41937,6_00_0
41938,1_00_0
41939,3_00_0
41940,1_00_0
41941,3_b7_1
41942,6_00_0
41943,3_00_0
41944,1_00_0
41945,6_00_0
41946,6_00_0
41947,3_00_0
41948,4_00_0
41949,4_00_0
41950,6_00_0
41951,5_a7_2
41952,6_00_0
41953,3_a9_1
41954,6_00_0
41955,6_a12_2
41956,1_00_0
41957,3_a9_1
41958,5_b8_1
41959,1_00_0
41960,3_00_0
41961,3_00_0
41962,4_00_0
41964,5_b6_1
41965,3_b6_1
41966,1_00_0
41967,4_00_0
41969,1_00_0
41970,2_a5_2
41971,3_00_0
41973,3_b6_1
41974,1_00_0
41975,3_00_0
41976,3_00_0
41977,6_00_0
41978,3_b8_1
41979,5_b8_1
41980,5_b7_1
41981,2_a5_2
41982,3_00_0
41983,3_a9_1
41984,6_00_0
41985,3_a9_2
41986,3_00_0
41988,4_00_0
41989,3_b6_1
41990,3_00_0
41991,3_00_0
41992,1_00_0
41993,3_a9_1
41995,6_00_0
41996,6_00_0
41997,4_00_0
41998,3_00_0
41999,3_b8_1
42000,6_00_0
42001,3_b7_1
42002,6_00_0
42004,4_00_0
42005,3_b3_1
42006,1_00_0
42007,4_00_0
42008,1_00_0
42009,6_00_0
42010,4_00_0
42011,3_a9_2
42012,1_00_0
42014,4_00_0
42015,2_a5_2
42016,3_00_0
42017,4_00_0
42018,3_a9_2
42019,3_00_0
42020,6_00_0
42021,3_b8_1
42022,6_00_0
42023,1_00_0
42024,6_00_0
42025,3_b3_1
42027,3_00_0
42028,5_b7_1
42029,4_00_0
42030,5_b6_1
42031,4_00_0
42032,3_a9_2
42033,3_a9_1
42034,5_b7_1
42035,4_00_0
42036,6_00_0
42037,3_00_0
42038,3_b3_1
42039,3_00_0
42040,5_a7_2
42041,3_00_0
42042,5_b7_1
42043,3_00_0
42044,1_00_0
42045,4_00_0
42046,3_00_0
42047,4_00_0
42048,1_00_0
42049,3_00_0
42050,4_00_0
42051,3_b3_1
42052,3_00_0
42053,4_00_0
42054,3_00_0
42055,3_00_0
42056,6_00_0
42057,1_00_0
42058,1_00_0
42059,5_b8_1
42062,4_00_0
42063,1_00_0
42064,2_a5_2
42065,4_00_0
42067,3_00_0
42068,3_a9_2
42069,6_00_0
42070,3_00_0
42071,6_00_0
42072,3_b8_1
42073,6_00_0
42074,3_00_0
42076,6_00_0
42077,4_00_0
42078,6_00_0
42079,3_a9_2
42080,3_00_0
42081,6_00_0
42082,3_a9_2
42083,4_00_0
42084,4_00_0
42085,4_00_0
42086,1_00_0
42087,6_b5_1
42088,6_a11_1
42089,5_00_0
42090,1_00_0
42091,3_a9_1
42092,4_00_0
42093,3_a9_1
42094,5_b7_1
42095,4_00_0
42096,1_00_0
42097,6_00_0
42098,6_00_0
42099,1_00_0
42100,3_00_0
42101,5_b6_1
42102,3_00_0
42103,3_a9_2
42104,1_00_0
42105,3_00_0
42106,1_00_0
42108,3_00_0
42109,3_00_0
42110,5_b7_1
42111,2_00_0
42112,3_00_0
42113,4_00_0
42114,3_a9_1
42115,3_00_0
42116,6_00_0
42117,4_00_0
42118,6_00_0
42121,3_a9_2
42122,1_00_0
42123,1_00_0
42125,6_00_0
42126,5_b8_1
42127,6_00_0
42128,6_00_0
42129,3_00_0
42130,3_a9_1
42131,3_b3_1
42132,4_00_0
42133,1_00_0
42135,1_00_0
42136,4_00_0
42137,6_a12_1
42138,6_b4_3
42139,6_a12_2
42140,1_00_0
42141,3_b3_1
42144,1_00_0
42145,3_00_0
42146,2_a5_2
42147,2_a5_2
42148,6_00_0
42149,5_b7_1
42150,4_00_0
42152,3_00_0
42153,4_00_0
42154,4_00_0
42155,3_b7_1
42156,2_a5_2
42157,3_a9_1
42158,6_b4_3
42160,4_00_0
42161,6_00_0
42162,6_00_0
42163,1_00_0
42165,4_00_0
42166,3_00_0
42167,3_00_0
42168,6_00_0
42169,1_00_0
42170,6_00_0
42171,3_00_0
42172,3_00_0
42173,5_b7_1
42174,3_b8_1
42175,3_00_0
42176,5_a7_2
42177,3_a9_1
42178,1_00_0
42179,5_b7_1
42180,3_a9_2
42181,4_00_0
42182,2_00_0
42183,1_00_0
42184,1_00_0
42185,4_00_0
42186,6_00_0
42187,6_00_0
42188,1_00_0
42189,3_b6_1
42190,4_00_0
42191,4_00_0
42192,3_00_0
42193,4_00_0
42194,3_b6_1
42195,3_00_0
42196,3_00_0
42197,5_a7_2
42198,6_a12_1
42199,5_b8_1
42200,4_00_0
42201,4_00_0
42202,3_00_0
42203,6_00_0
42204,3_00_0
42205,5_b6_1
42206,4_00_0
42207,4_00_0
42208,6_00_0
42209,2_00_0
42210,6_00_0
42211,3_b7_1
42212,5_b8_1
42214,5_b6_1
42215,3_b3_1
42216,3_00_0
42218,4_00_0
42219,3_b8_1
42220,4_00_0
42221,1_00_0
42222,3_00_0
42223,4_00_0
42224,1_00_0
42225,5_b7_1
42226,6_00_0
42228,4_00_0
42229,4_00_0
42230,6_00_0
42231,6_00_0
42232,1_00_0
42233,1_00_0
42234,3_00_0
42235,1_00_0
42236,3_00_0
42238,2_a5_2
42239,2_a5_2
42240,5_b8_1
42241,3_b3_1
42242,3_a9_1
42243,6_00_0
42244,6_a12_1
42246,4_00_0
42247,3_b8_1
42248,3_00_0
42249,2_00_0
42251,6_00_0
42252,5_a7_2
42253,3_00_0
42254,3_00_0
42255,4_00_0
42256,6_a11_1
42257,4_00_0
42258,1_00_0
42259,3_00_0
42260,1_00_0
42262,3_b8_1
42263,6_b4_1
42264,5_b6_1
42265,3_00_0
42266,1_00_0
42267,3_00_0
42268,1_00_0
42269,3_00_0
42270,3_00_0
42271,5_b8_1
42272,6_00_0
42273,3_00_0
42275,2_00_0
42276,4_00_0
42277,3_a9_1
42278,6_00_0
42279,1_00_0
42280,3_00_0
42281,4_00_0
42282,6_00_0
42283,3_00_0
42284,6_a11_1
42285,3_b8_1
42286,4_00_0
42288,3_00_0
42289,4_00_0
42290,4_00_0
42291,3_00_0
42292,1_00_0
42293,1_00_0
42294,3_b6_1
42295,4_00_0
42296,6_00_0
42297,6_00_0
42298,6_00_0
42299,3_a9_1
42300,3_00_0
42301,1_00_0
42302,1_00_0
42303,6_00_0
42304,6_00_0
42305,4_00_0
42306,3_a9_1
42307,4_00_0
42308,1_00_0
42309,3_b8_1
42310,1_00_0
42311,3_b7_1
42312,1_00_0
42313,6_00_0
42314,3_a9_1
42315,3_b7_1
42316,3_00_0
42317,4_00_0
42318,1_00_0
42319,1_00_0
42320,4_00_0
42321,5_b8_1
42322,3_00_0
42323,1_00_0
42324,1_00_0
42325,6_00_0
42326,3_00_0
42327,6_00_0
42328,3_b3_1
42329,3_00_0
42331,1_00_0
42332,3_00_0
42334,3_00_0
42335,1_00_0
42336,3_b6_1
42337,4_00_0
42338,6_00_0
42339,5_00_0
42340,6_00_0
42341,4_00_0
42342,1_00_0
42343,4_00_0
42344,3_a9_1
42346,5_b6_1
42347,3_00_0
42348,3_00_0
42349,3_b7_1
42350,3_b7_1
42351,3_00_0
42352,4_00_0
42353,4_00_0
42354,1_00_0
42355,4_00_0
42357,6_a12_1
42358,1_00_0
42359,3_00_0
42361,1_00_0
42362,3_00_0
42363,4_00_0
42364,3_b7_1
42365,3_00_0
42366,2_a5_2
42367,3_00_0
42369,3_00_0
42370,3_b8_1
42372,5_00_0
42373,6_00_0
42374,5_b8_1
42375,6_00_0
42377,4_00_0
42378,4_00_0
42379,5_a7_2
42380,3_a9_2
42381,3_b3_1
42383,3_b3_1
42384,3_00_0
42385,1_00_0
42386,5_00_0
42387,5_b8_1
42388,3_00_0
42390,3_00_0
42391,3_a9_2
42392,1_00_0
42393,6_00_0
42394,4_00_0
42395,3_b3_1
42396,4_00_0
42397,6_00_0
42398,4_00_0
42399,5_b8_1
42400,3_a9_1
42402,3_00_0
42403,1_00_0
42404,4_00_0
42405,6_00_0
42406,2_00_0
42407,6_a11_1
42408,4_00_0
42410,3_b7_1
42411,4_00_0
42412,1_00_0
42413,3_a9_1
42414,6_00_0
42415,4_00_0
42416,4_00_0
42417,3_00_0
42418,3_b8_1
42419,6_a12_2
42420,6_00_0
42421,3_00_0
42422,3_00_0
42424,3_00_0
42425,1_00_0
42426,4_00_0
42427,4_00_0
42428,6_00_0
42429,6_00_0
42430,1_00_0
42431,6_00_0
42432,1_00_0
42434,3_00_0
42435,6_b4_3
42436,4_00_0
42437,6_b4_1
42438,5_b6_1
42439,3_b8_1
42440,5_b6_1
42441,5_b7_1
42442,4_00_0
42444,5_b7_1
42445,3_00_0
42446,4_00_0
42447,5_b7_1
42448,3_b6_1
42449,5_b8_1
42450,5_b7_1
42451,5_b7_1
42452,6_00_0
42453,3_00_0
42454,6_00_0
42455,3_00_0
42456,4_00_0
42457,3_00_0
42458,6_00_0
42459,3_00_0
42460,6_00_0
42461,6_00_0
42462,3_00_0
42463,3_00_0
42464,3_00_0
42465,4_00_0
42466,6_00_0
42467,2_00_0
42468,3_a9_2
42469,1_00_0
42470,2_00_0
42471,3_00_0
42472,5_b7_1
42473,6_00_0
42474,3_00_0
42475,1_00_0
42476,3_00_0
42477,3_00_0
42478,4_00_0
42479,1_00_0
42480,3_00_0
42481,6_00_0
42482,5_b7_1
42483,3_b8_1
42484,3_00_0
42485,3_a9_2
42486,3_00_0
42487,3_00_0
42488,1_00_0
42489,3_00_0
42490,3_00_0
42491,1_00_0
42492,4_00_0
42493,3_00_0
42495,3_b6_1
42496,3_a9_1
42497,6_00_0
42498,3_00_0
42499,5_b8_1
42500,3_a9_2
42501,6_00_0
42502,4_00_0
42503,3_a9_1
42504,4_00_0
42505,4_00_0
42506,6_00_0
42507,2_a5_2
42508,6_b4_3
42509,5_b7_1
42510,6_00_0
42511,6_00_0
42512,6_00_0
42513,3_00_0
42514,3_a9_1
42515,1_00_0
42517,3_00_0
42518,1_00_0
42519,4_00_0
42520,5_a7_2
42521,3_00_0
42522,3_00_0
42523,3_00_0
42524,3_b7_1
42525,5_b8_1
42526,6_00_0
42527,3_00_0
42529,6_a11_1
42530,5_b8_1
42532,3_a9_2
42533,4_00_0
42535,1_00_0
42536,3_b6_1
42537,5_00_0
42538,6_00_0
42539,5_a7_2
42540,3_00_0
42541,3_b3_1
42543,5_b6_1
42544,6_00_0
42545,5_b8_1
42546,6_00_0
42547,3_b3_1
42548,6_b4_1
42550,1_00_0
42551,3_00_0
42552,3_b7_1
42553,5_b7_1
42554,6_00_0
42555,3_00_0
42556,4_00_0
42557,4_00_0
42558,1_00_0
42559,3_a9_1
42561,3_a9_2
42562,1_00_0
42563,3_00_0
42564,4_00_0
42565,1_00_0
42566,5_b6_1
42567,6_00_0
42568,2_a5_2
42569,4_00_0
42570,3_00_0
42571,1_00_0
42572,1_00_0
42573,6_00_0
42574,3_00_0
42575,4_00_0
42576,5_b8_1
42577,4_00_0
42578,3_00_0
42579,4_00_0
42581,3_b7_1
42582,6_00_0
42583,6_00_0
42584,3_a9_1
42585,3_b6_1
42586,1_00_0
42587,6_00_0
42588,4_00_0
42589,5_b8_1
42590,3_b6_1
42591,1_00_0
42592,6_a12_2
42593,3_00_0
42594,6_00_0
42596,5_b6_1
42597,4_00_0
42598,4_00_0
42600,3_00_0
42601,2_00_0
42602,6_00_0
42603,1_00_0
42604,5_b7_1
42605,6_00_0
42607,1_00_0
42608,5_b8_1
42609,3_a9_2
42610,6_00_0
42612,5_b6_1
42613,6_00_0
42614,2_00_0
42615,5_b7_1
42616,5_00_0
42617,3_a9_1
42618,4_00_0
42621,3_00_0
42622,5_b7_1
42623,3_00_0
42624,3_00_0
42625,4_00_0
42626,3_00_0
42628,6_00_0
42629,3_a9_2
42630,1_00_0
42631,4_00_0
42632,3_a9_1
42633,6_00_0
42634,1_00_0
42635,6_00_0
42636,4_00_0
42638,1_00_0
42639,6_00_0
42640,4_00_0
42641,3_00_0
42642,6_a12_1
42643,3_00_0
42644,3_00_0
42645,5_b7_1
42646,5_b7_1
42648,3_00_0
42649,3_00_0
42650,5_b6_1
42653,3_00_0
42654,5_b6_1
42655,3_00_0
42657,2_a5_2
42658,6_00_0
42659,6_00_0
42660,5_b8_1
42661,6_00_0
42662,5_b6_1
42663,3_b3_1
42664,1_00_0
42665,6_00_0
42666,6_a12_2
42667,6_00_0
42668,4_00_0
42669,3_00_0
42670,1_00_0
42671,3_00_0
42673,3_00_0
42674,3_b6_1
42676,4_00_0
42677,1_00_0
42678,3_00_0
42679,4_00_0
42680,3_a9_1
42681,4_00_0
42682,3_a9_1
42683,3_00_0
42684,1_00_0
42685,3_00_0
42686,4_00_0
42687,3_b3_1
42688,4_00_0
42689,4_00_0
42690,3_00_0
42691,3_b7_1
42692,4_00_0
42693,1_00_0
42694,3_00_0
42695,1_00_0
42696,3_a9_2
42697,3_00_0
42698,2_00_0
42699,3_00_0
42700,3_b6_1
42701,4_00_0
42702,3_00_0
42703,5_b7_1
42704,4_00_0
42705,3_00_0
42706,5_a7_2
42707,3_00_0
42708,3_b6_1
42709,3_00_0
42710,5_b6_1
42712,3_b8_1
42713,4_00_0
42714,1_00_0
42715,4_00_0
42716,5_b8_1
42717,5_b8_1
42719,4_00_0
42720,3_a9_1
42721,3_b6_1
42722,1_00_0
42723,3_00_0
42724,2_00_0
42726,3_b8_1
42727,4_00_0
42728,1_00_0
42730,3_a9_2
42731,3_b3_1
42732,3_00_0
42733,4_00_0
42734,4_00_0
42735,2_a5_2
42736,4_00_0
42737,4_00_0
42738,3_b3_1
42739,3_00_0
42740,3_a9_1
42741,3_00_0
42742,2_a5_2
42743,3_00_0
42744,5_b7_1
42745,5_b8_1
42746,3_00_0
42749,3_00_0
42750,1_00_0
42751,3_00_0
42752,1_00_0
42753,5_b6_1
42754,5_b7_1
42756,3_00_0
42757,3_b6_1
42758,5_00_0
42759,1_00_0
42760,4_00_0
42762,3_00_0
42763,1_00_0
42764,6_00_0
42765,4_00_0
42766,4_00_0
42767,1_00_0
42768,3_00_0
42769,5_b8_1
42770,3_a9_2
42771,5_00_0
42772,3_00_0
42773,5_b7_1
42776,5_b6_1
42777,5_b8_1
42778,4_00_0
42780,5_b7_1
42781,4_00_0
42783,4_00_0
42784,6_00_0
42785,3_00_0
42786,3_00_0
42789,6_00_0
42790,6_00_0
42792,6_00_0
42793,3_b6_1
42794,6_00_0
42796,2_00_0
42798,4_00_0
42799,1_00_0
42800,6_00_0
42801,3_b7_1
42802,4_00_0
42803,3_00_0
42804,4_00_0
42805,3_b8_1
42806,4_00_0
42807,5_b6_1
42808,4_00_0
42809,3_00_0
42810,3_b7_1
42811,1_00_0
42812,6_00_0
42813,3_00_0
42814,3_00_0
42815,3_b3_1
42816,5_b7_1
42817,4_00_0
42819,6_a11_1
42820,5_b8_1
42821,5_b6_1
42823,3_a9_2
42824,2_00_0
42825,5_b7_1
42826,5_b7_1
42827,1_00_0
42828,1_00_0
42829,4_00_0
42830,1_00_0
42831,3_00_0
42832,3_00_0
42833,5_a7_2
42834,3_b3_1
42835,3_00_0
42836,1_00_0
42837,2_a5_2
42838,2_00_0
42839,5_b6_1
42840,3_a9_2
42841,3_a9_2
42842,6_00_0
42843,6_00_0
42844,3_b7_1
42845,3_a9_1
42846,6_00_0
42847,6_a11_1
42848,5_b7_1
42849,1_00_0
42850,1_00_0
42851,5_b6_1
42852,3_00_0
42853,3_a9_2
42854,3_00_0
42855,6_00_0
42856,4_00_0
42857,2_a5_2
42858,3_b3_1
42859,1_00_0
42860,5_b8_1
42861,6_00_0
42862,3_b3_1
42863,3_00_0
42864,1_00_0
42865,3_00_0
42866,2_a5_2
42867,3_00_0
42868,4_00_0
42869,3_00_0
42870,4_00_0
42872,6_00_0
42873,6_00_0
42874,4_00_0
42875,6_00_0
42876,3_00_0
42877,5_b6_1
42878,3_00_0
42879,3_00_0
42880,1_00_0
42882,4_00_0
42883,3_b3_1
42884,4_00_0
42885,3_b3_1
42886,5_b6_1
42887,5_a7_2
42888,3_00_0
42889,3_00_0
42890,3_00_0
42891,3_b8_1
42892,5_a7_2
42893,3_00_0
42894,4_00_0
42895,3_00_0
42896,3_00_0
42897,6_00_0
42898,4_00_0
42899,4_00_0
42900,4_00_0
42901,1_00_0
42902,6_00_0
42903,6_a11_1
42904,6_00_0
42905,3_00_0
42906,4_00_0
42907,4_00_0
42908,3_00_0
42909,1_00_0
42910,3_00_0
42911,3_00_0
42912,1_00_0
42913,6_00_0
42915,3_00_0
42917,3_a9_1
42918,3_b8_1
42919,3_00_0
42920,4_00_0
42921,1_00_0
42922,1_00_0
42923,3_a9_1
42924,6_00_0
42925,3_00_0
42927,3_00_0
42928,5_a7_2
42929,3_00_0
42930,2_00_0
42931,4_00_0
42932,3_00_0
42933,1_00_0
42934,3_00_0
42935,4_00_0
42936,6_00_0
42937,3_00_0
42938,3_00_0
42939,1_00_0
42940,4_00_0
42941,6_a11_1
42942,4_00_0
42943,4_00_0
42945,3_a9_2
42946,5_b6_1
42948,3_00_0
42949,4_00_0
42950,3_00_0
42951,6_00_0
42952,6_00_0
42953,2_a5_2
42954,6_00_0
42955,6_00_0
42956,3_b6_1
42957,2_00_0
42958,4_00_0
42959,5_b8_1
42960,3_b3_1
42961,4_00_0
42962,3_b7_1
42963,2_a5_2
42964,3_b3_1
42965,1_00_0
42966,5_b7_1
42968,3_a9_1
42969,5_00_0
42970,3_00_0
42971,6_00_0
42972,1_00_0
42973,6_00_0
42975,3_a9_1
42976,6_00_0
42977,3_00_0
42978,3_00_0
42979,4_00_0
42980,6_00_0
42981,6_00_0
42983,6_a11_1
42984,4_00_0
42986,1_00_0
42987,3_a9_2
42988,4_00_0
42990,4_00_0
42991,1_00_0
42992,4_00_0
42993,5_b8_1
42994,5_b6_1
42995,4_00_0
42996,3_b6_1
42997,3_a9_1
42998,5_b6_1
42999,3_00_0
43000,3_00_0
43001,3_00_0
43002,3_b6_1
43003,5_b8_1
43004,3_00_0
43005,3_b6_1
43006,3_b8_1
43007,6_00_0
43008,6_00_0
43009,3_00_0
43010,4_00_0
43011,6_00_0
43012,3_a9_1
43013,1_00_0
43014,6_00_0
43015,3_00_0
43016,3_00_0
43017,4_00_0
43018,1_00_0
43019,3_00_0
43021,4_00_0
43022,6_00_0
43023,5_b6_1
43024,6_00_0
43026,4_00_0
43027,1_00_0
43029,5_b6_1
43030,1_00_0
43031,3_00_0
43032,2_a5_2
43033,6_00_0
43034,3_a9_3
43035,2_a5_2
43036,4_00_0
43037,3_a9_3
43038,3_a9_2
43039,6_00_0
43040,1_00_0
43041,3_a9_1
43042,1_00_0
43043,3_00_0
43046,3_b6_1
43047,3_a9_1
43048,6_00_0
43049,5_b8_1
43051,3_b7_1
43052,5_00_0
43053,1_00_0
43054,3_00_0
43055,5_00_0
43056,6_00_0
43057,3_00_0
43058,3_00_0
43059,6_00_0
43060,6_00_0
43061,4_00_0
43062,6_00_0
43063,2_a5_2
43064,1_00_0
43065,3_00_0
43066,3_00_0
43067,5_b8_1
43068,3_a9_2
43069,6_00_0
43070,3_00_0
43071,6_a11_1
43072,3_00_0
43073,3_b3_1
43074,4_00_0
43075,3_b3_1
43079,4_00_0
43080,6_00_0
43082,3_b3_1
43083,3_00_0
43084,5_b8_1
43087,3_b6_1
43090,3_a9_1
43091,4_00_0
43092,3_b3_1
43093,1_00_0
43094,4_00_0
43095,4_00_0
43096,2_a5_2
43097,6_00_0
43098,3_00_0
43099,3_b3_1
43100,6_00_0
43101,1_00_0
43102,3_b7_1
43103,3_00_0
43104,6_b4_3
43105,3_00_0
43106,1_00_0
43107,6_00_0
43109,1_00_0
43110,5_a7_2
43111,3_00_0
43112,1_00_0
43114,3_00_0
43115,2_00_0
43116,1_00_0
43117,5_a7_2
43118,2_a5_2
43119,5_b6_1
43120,4_00_0
43121,4_00_0
43122,3_a9_1
43123,3_00_0
43124,4_00_0
43125,3_00_0
43127,4_00_0
43128,3_00_0
43129,3_00_0
43130,4_00_0
43131,5_b8_1
43132,3_b8_1
43134,3_00_0
43135,6_00_0
43136,4_00_0
43137,1_00_0
43138,4_00_0
43139,1_00_0
43140,1_00_0
43141,6_00_0
43142,1_00_0
43143,1_00_0
43144,6_00_0
43145,5_b7_1
43146,3_00_0
43147,5_b6_1
43148,3_b8_1
43149,4_00_0
43150,3_b6_1
43151,6_00_0
43152,1_00_0
43153,1_00_0
43154,6_00_0
43155,3_a9_2
43156,3_00_0
43158,4_00_0
43159,2_00_0
43160,3_00_0
43161,3_b8_1
43162,2_a5_2
43163,1_00_0
43164,2_a5_2
43165,5_b6_1
43166,3_00_0
43167,1_00_0
43170,1_00_0
43171,1_00_0
43172,6_00_0
43174,3_a9_2
43175,6_00_0
43176,3_00_0
43177,4_00_0
43178,1_00_0
43179,1_00_0
43180,6_00_0
43181,3_b7_1
43182,6_00_0
43183,2_a5_2
43184,4_00_0
43185,3_00_0
43186,4_00_0
43187,5_b6_1
43188,3_00_0
43189,3_b8_1
43190,3_00_0
43191,3_00_0
43192,1_00_0
43193,6_00_0
43194,1_00_0
43195,5_00_0
43196,3_b6_1
43197,3_00_0
43198,4_00_0
43200,3_00_0
43201,3_a9_2
43203,4_00_0
43204,6_00_0
43205,3_b3_1
43206,1_00_0
43207,6_00_0
43208,1_00_0
43209,3_00_0
43210,1_00_0
43211,3_00_0
43212,4_00_0
43213,4_00_0
43215,3_b7_1
43216,4_00_0
43217,3_b6_1
43218,1_00_0
43219,3_00_0
43220,2_a5_2
43221,5_b6_1
43222,3_00_0
43225,5_00_0
43226,3_00_0
43227,6_00_0
43228,6_00_0
43232,4_00_0
43233,1_00_0
43234,6_00_0
43235,4_00_0
43236,4_00_0
43237,6_00_0
43238,4_00_0
43239,6_a12_2
43240,6_00_0
43241,3_b3_1
43242,2_a5_2
43243,3_b7_1
43244,3_00_0
43245,6_00_0
43246,3_00_0
43247,1_00_0
43248,3_00_0
43249,5_b8_1
43250,1_00_0
43253,6_00_0
43254,3_00_0
43255,5_b8_1
43256,2_00_0
43257,6_b5_1
43258,3_00_0
43259,6_b5_1
43260,6_00_0
43261,3_00_0
43262,3_a9_2
43263,1_00_0
43264,3_00_0
43265,4_00_0
43266,3_b3_1
43267,6_00_0
43268,3_b7_1
43269,1_00_0
43270,3_b7_1
43271,3_b8_1
43272,3_00_0
43273,6_00_0
43274,3_00_0
43275,3_00_0
43276,6_00_0
43277,1_00_0
43278,3_00_0
43279,5_a7_2
43280,4_00_0
43281,3_00_0
43282,3_a9_2
43283,6_00_0
43284,4_00_0
43285,3_00_0
43286,1_00_0
43287,1_00_0
43288,2_00_0
43289,3_a9_3
43290,3_b6_1
43291,3_00_0
43292,5_b7_1
43293,3_00_0
43294,3_b8_1
43296,5_a7_2
43297,4_00_0
43298,2_00_0
43299,4_00_0
43300,3_a9_1
43301,3_b6_1
43302,3_b3_1
43303,2_a5_2
43304,6_b4_3
43305,3_00_0
43306,6_00_0
43307,4_00_0
43308,5_b7_1
43309,6_00_0
43310,6_00_0
43311,4_00_0
43312,5_b7_1
43313,3_b8_1
43314,4_00_0
43315,4_00_0
43316,4_00_0
43317,3_00_0
43318,4_00_0
43319,3_b8_1
43320,3_00_0
43321,5_b7_1
43322,3_b7_1
43323,4_00_0
43324,4_00_0
43325,3_b8_1
43326,1_00_0
43327,1_00_0
43328,1_00_0
43329,5_b8_1
43330,4_00_0
43332,3_a9_2
43333,2_00_0
43334,4_00_0
43335,5_b7_1
43336,1_00_0
43337,3_b8_1
43338,5_a7_2
43339,6_00_0
43340,6_a12_2
43341,3_a9_2
43342,6_00_0
43343,1_00_0
43344,3_00_0
43345,2_a5_2
43346,4_00_0
43347,2_00_0
43349,3_00_0
43350,6_b5_1
43351,1_00_0
43352,3_b3_1
43353,1_00_0
43354,1_00_0
43355,1_00_0
43356,5_b8_1
43357,3_b6_1
43358,6_00_0
43359,1_00_0
43360,2_a5_2
43361,4_00_0
43362,1_00_0
43364,1_00_0
43366,1_00_0
43367,3_00_0
43368,3_a9_2
43369,3_b6_1
43370,6_00_0
43371,6_00_0
43372,4_00_0
43373,2_a5_2
43374,5_00_0
43375,3_00_0
43376,6_00_0
43377,5_b7_1
43378,4_00_0
43379,4_00_0
43380,6_b4_1
43381,4_00_0
43382,6_00_0
43383,6_00_0
43384,4_00_0
43385,4_00_0
43386,3_00_0
43387,3_00_0
43388,1_00_0
43389,6_00_0
43390,3_00_0
43391,5_b7_1
43392,3_00_0
43393,4_00_0
43394,1_00_0
43395,1_00_0
43396,6_00_0
43397,4_00_0
43398,1_00_0
43399,3_a9_2
43400,3_00_0
43401,1_00_0
43402,5_b7_1
43403,1_00_0
43404,1_00_0
43405,3_00_0
43406,3_00_0
43407,3_00_0
43408,1_00_0
43409,3_a9_1
43410,5_b6_1
43411,6_00_0
43413,3_00_0
43414,6_00_0
43415,3_00_0
43416,6_00_0
43417,3_a9_2
43419,4_00_0
43420,1_00_0
43421,3_00_0
43422,4_00_0
43425,1_00_0
43426,3_b8_1
43427,4_00_0
43428,6_00_0
43429,3_b3_1
43430,6_b4_3
43431,3_b8_1
43432,6_00_0
43433,4_00_0
43434,4_00_0
43435,6_00_0
43436,3_00_0
43437,3_00_0
43438,3_b7_1
43439,4_00_0
43441,3_00_0
43442,3_00_0
43443,4_00_0
43444,6_00_0
43445,6_00_0
43446,3_b6_1
43447,5_b7_1
43448,6_00_0
43449,3_b7_1
43450,3_00_0
43451,6_00_0
43453,1_00_0
43455,4_00_0
43456,3_b3_1
43457,1_00_0
43458,6_00_0
43459,5_00_0
43461,2_a5_2
43462,4_00_0
43463,5_b8_1
43464,6_00_0
43466,5_b7_1
43467,4_00_0
43468,4_00_0
43469,6_00_0
43471,6_00_0
43472,3_00_0
43473,6_a12_2
43474,6_00_0
43475,2_00_0
43476,4_00_0
43477,4_00_0
43478,3_00_0
43479,1_00_0
43480,3_a9_1
43481,3_b6_1
43482,4_00_0
43483,4_00_0
43484,3_b6_1
43485,3_00_0
43486,5_a7_2
43487,4_00_0
43488,3_00_0
43489,4_00_0
43490,1_00_0
43491,3_00_0
43492,6_00_0
43494,6_00_0
43495,4_00_0
43496,6_00_0
43499,4_00_0
43500,4_00_0
43501,6_00_0
43502,4_00_0
43503,3_00_0
43505,5_a7_2
43506,6_00_0
43507,4_00_0
43508,3_00_0
43509,3_b7_1
43510,6_00_0
43511,5_b6_1
43512,3_b3_1
43513,3_b6_1
43514,6_a12_2
43515,6_00_0
43516,6_00_0
43517,6_00_0
43518,3_b8_1
43519,3_a9_1
43520,6_00_0
43521,5_b8_1
43522,1_00_0
43523,6_00_0
43524,6_a11_1
43526,6_00_0
43530,4_00_0
43531,3_00_0
43532,4_00_0
43533,3_00_0
43534,6_00_0
43535,4_00_0
43537,4_00_0
43539,4_00_0
43540,6_a12_2
43541,6_a11_1
43542,1_00_0
43543,2_00_0
43544,3_a9_2
43545,3_a9_2
43546,3_00_0
43547,4_00_0
43548,6_00_0
43550,3_00_0
43552,3_b3_1
43553,4_00_0
43554,6_00_0
43555,6_00_0
43556,3_a9_1
43557,6_00_0
43558,5_a7_2
43559,5_b6_1
43560,3_00_0
43561,1_00_0
43562,4_00_0
43563,3_00_0
43564,3_b3_1
43565,2_a5_2
43566,3_00_0
43568,4_00_0
43569,3_b8_1
43570,4_00_0
43571,1_00_0
43572,1_00_0
43573,1_00_0
43575,3_00_0
43576,6_a11_1
43577,1_00_0
43578,1_00_0
43579,4_00_0
43580,2_a5_2
43581,5_b6_1
43582,6_00_0
43584,3_00_0
43585,3_b7_1
43586,3_00_0
43588,3_a9_1
43589,3_b6_1
43590,6_00_0
43591,3_00_0
43592,3_b3_1
43593,3_00_0
43594,3_00_0
43595,5_00_0
43596,5_b7_1
43597,3_b8_1
43598,1_00_0
43599,1_00_0
43600,1_00_0
43601,5_b7_1
43602,3_00_0
43603,3_b3_1
43604,1_00_0
43607,4_00_0
43608,3_b6_1
43609,2_a5_2
43611,3_b3_1
43612,3_00_0
43613,3_b6_1
43614,3_b3_1
43615,3_b6_1
43616,3_a9_2
43617,4_00_0
43618,6_00_0
43619,6_00_0
43621,3_a9_1
43622,6_00_0
43623,3_00_0
43624,6_00_0
43626,3_00_0
43627,1_00_0
43628,4_00_0
43629,2_00_0
43630,2_a5_2
43631,3_00_0
43632,1_00_0
43633,1_00_0
43634,3_a9_2
43635,4_00_0
43636,4_00_0
43637,5_b8_1
43638,4_00_0
43640,1_00_0
43641,3_00_0
43642,4_00_0
43643,1_00_0
43644,3_b3_1
43645,4_00_0
43646,4_00_0
43647,4_00_0
43648,3_00_0
43649,3_a9_1
43650,3_00_0
43651,2_00_0
43652,4_00_0
43653,6_00_0
43654,3_b3_1
43655,6_00_0
43656,5_b7_1
43657,3_b7_1
43658,5_b7_1
43659,1_00_0
43660,2_a5_2
43661,2_00_0
43662,3_00_0
43663,3_a9_2
43664,6_00_0
43666,3_a9_2
43667,5_b7_1
43668,4_00_0
43669,6_00_0
43670,4_00_0
43671,3_a9_2
43672,2_a5_2
43673,4_00_0
43674,4_00_0
43675,6_00_0
43676,4_00_0
43677,3_b6_1
43678,3_00_0
43679,1_00_0
43680,2_a5_2
43681,4_00_0
43682,1_00_0
43683,5_b7_1
43685,3_00_0
43686,3_00_0
43687,3_00_0
43688,6_00_0
43689,4_00_0
43690,6_a11_1
43691,3_00_0
43692,1_00_0
43693,6_00_0
43694,6_00_0
43695,5_b8_1
43696,1_00_0
43697,3_00_0
43698,3_b7_1
43699,3_a9_2
43700,3_a9_2
43701,3_00_0
43702,6_a11_1
43703,2_a5_2
43704,3_00_0
43705,5_b8_1
43706,4_00_0
43707,2_a5_2
43708,3_00_0
43709,3_00_0
43710,1_00_0
43711,3_00_0
43714,1_00_0
43715,3_00_0
43716,3_a9_2
43717,6_00_0
43718,1_00_0
43719,4_00_0
43720,3_00_0
43721,3_00_0
43722,1_00_0
43724,6_00_0
43725,4_00_0
43727,6_00_0
43728,3_00_0
43729,3_a9_2
43730,6_00_0
43731,1_00_0
43732,3_00_0
43733,3_00_0
43735,5_a7_2
43736,6_a12_2
43737,4_00_0
43738,1_00_0
43739,4_00_0
43740,3_00_0
43741,4_00_0
43742,6_00_0
43743,3_00_0
43744,3_00_0
43746,3_00_0
43748,4_00_0
43749,1_00_0
43750,3_00_0
43751,6_00_0
43752,3_b6_1
43753,4_00_0
43754,6_00_0
43756,6_00_0
43757,6_b4_3
43758,1_00_0
43759,1_00_0
43760,3_00_0
43762,1_00_0
43763,2_a5_2
43764,6_00_0
43766,1_00_0
43768,3_00_0
43769,3_00_0
43770,6_00_0
43771,3_b8_1
43772,3_a9_2
43773,6_00_0
43774,3_00_0
43775,3_b6_1
43776,3_00_0
43777,3_a9_2
43780,6_00_0
43781,5_b6_1
43782,5_b6_1
43784,4_00_0
43785,3_00_0
43787,1_00_0
43788,3_00_0
43789,4_00_0
43790,6_00_0
43791,6_a11_1
43792,3_00_0
43793,3_b6_1
43794,4_00_0
43795,5_b6_1
43796,1_00_0
43797,5_b6_1
43798,3_00_0
43799,3_b7_1
43800,6_00_0
43802,6_00_0
43803,3_b7_1
43804,1_00_0
43805,6_00_0
43806,3_00_0
43807,3_00_0
43808,4_00_0
43809,2_00_0
43810,3_b7_1
43811,4_00_0
43812,3_b6_1
43814,3_b6_1
43815,4_00_0
43817,3_b3_1
43818,6_00_0
43820,5_b6_1
43821,1_00_0
43824,2_a5_2
43825,3_a9_2
43826,4_00_0
43827,5_b7_1
43828,1_00_0
43829,3_b7_1
43830,3_00_0
43831,2_a5_2
43833,6_00_0
43834,6_a11_1
43835,6_a11_1
43836,3_00_0
43837,6_b4_1
43838,1_00_0
43839,3_00_0
43840,3_00_0
43841,6_00_0
43842,3_00_0
43843,3_b3_1
43844,4_00_0
43845,4_00_0
43846,2_a5_2
43847,3_00_0
43849,4_00_0
43850,3_00_0
43851,3_a9_1
43852,1_00_0
43853,6_00_0
43854,3_00_0
43855,4_00_0
43856,3_00_0
43857,6_00_0
43858,1_00_0
43859,6_a12_2
43861,3_00_0
43862,3_b6_1
43863,5_b6_1
43864,2_00_0
43865,5_b8_1
43866,3_00_0
43867,3_00_0
43868,3_a9_3
43869,6_00_0
43870,5_b6_1
43871,3_00_0
43872,6_00_0
43873,1_00_0
43874,2_a5_2
43875,3_00_0
43877,3_00_0
43878,1_00_0
43879,1_00_0
43880,3_b8_1
43881,5_b8_1
43882,6_00_0
43883,6_00_0
43884,3_00_0
43885,3_00_0
43886,1_00_0
43887,5_b8_1
43888,6_00_0
43889,3_00_0
43890,3_a9_1
43891,4_00_0
43892,6_a11_1
43893,6_00_0
43894,3_00_0
43895,4_00_0
43896,3_a9_2
43897,3_00_0
43898,4_00_0
43899,3_00_0
43900,6_00_0
43902,6_00_0
43903,3_00_0
43904,4_00_0
43905,6_00_0
43906,4_00_0
43907,3_b6_1
43908,3_00_0
43909,6_00_0
43910,3_00_0
43911,6_00_0
43912,3_b6_1
43913,1_00_0
43915,1_00_0
43916,5_b6_1
43918,3_b8_1
43919,2_00_0
43920,3_b6_1
43921,1_00_0
43922,5_b6_1
43923,3_00_0
43924,3_00_0
43926,3_b7_1
43927,3_a9_2
43928,3_b6_1
43930,5_b7_1
43931,3_b6_1
43932,3_b7_1
43933,4_00_0
43934,3_00_0
43935,3_a9_1
43936,5_b6_1
43938,5_a7_2
43939,3_b7_1
43940,1_00_0
43941,4_00_0
43942,3_00_0
43944,5_b6_1
43945,1_00_0
43946,1_00_0
43947,5_b6_1
43948,4_00_0
43949,3_b7_1
43950,3_b3_1
43951,1_00_0
43952,6_00_0
43953,5_a7_2
43954,3_b3_1
43955,2_00_0
43956,6_00_0
43957,4_00_0
43958,5_b8_1
43959,3_a9_1
43960,3_00_0
43961,6_a11_1
43962,1_00_0
43963,6_00_0
43964,1_00_0
43965,3_b7_1
43966,3_00_0
43967,3_b6_1
43968,3_b7_1
43969,4_00_0
43970,3_00_0
43971,1_00_0
43972,3_b7_1
43973,6_00_0
43974,3_00_0
43975,5_b8_1
43976,2_a5_2
43977,3_00_0
43978,3_00_0
43979,3_a9_2
43980,4_00_0
43981,4_00_0
43982,6_00_0
43983,3_b8_1
43984,1_00_0
43985,3_b6_1
43986,3_00_0
43988,3_00_0
43989,5_b8_1
43990,1_00_0
43991,3_00_0
43992,4_00_0
43994,6_b4_1
43995,1_00_0
43996,5_a7_2
43997,3_00_0
43998,6_00_0
43999,3_b6_1
44000,3_00_0
44002,3_b3_1
44003,4_00_0
44004,5_a7_2
44005,6_00_0
44006,4_00_0
44007,3_00_0
44008,2_a5_2
44010,3_b3_1
44011,3_00_0
44012,3_a9_3
44013,1_00_0
44014,4_00_0
44015,4_00_0
44016,3_a9_1
44017,3_00_0
44018,4_00_0
44020,3_00_0
44022,3_00_0
44023,6_00_0
44024,6_00_0
44025,4_00_0
44026,3_a9_1
44027,1_00_0
44028,3_00_0
44029,1_00_0
44030,3_00_0
44031,4_00_0
44032,3_b6_1
44033,1_00_0
44034,6_b4_1
44036,1_00_0
44037,2_a5_2
44038,3_00_0
44039,1_00_0
44040,6_00_0
44041,1_00_0
44042,6_00_0
44043,5_b8_1
44044,3_00_0
44045,3_b8_1
44046,1_00_0
44047,3_00_0
44048,3_a9_1
44049,3_b8_1
44050,4_00_0
44051,1_00_0
44052,5_00_0
44053,3_a9_2
44054,5_b6_1
44055,3_00_0
44056,2_00_0
44057,3_00_0
44058,5_00_0
44060,6_00_0
44062,3_b6_1
44063,3_00_0
44064,5_b8_1
44065,5_b8_1
44066,3_b3_1
44067,2_00_0
44068,6_00_0
44069,1_00_0
44070,3_a9_1
44071,3_a9_1
44072,2_00_0
44073,3_00_0
44074,4_00_0
44075,6_00_0
44076,4_00_0
44077,4_00_0
44078,3_00_0
44079,4_00_0
44080,3_b6_1
44081,4_00_0
44082,5_b8_1
44083,3_b6_1
44084,3_b3_1
44085,4_00_0
44086,3_00_0
44087,3_00_0
44088,4_00_0
44089,3_00_0
44090,1_00_0
44092,1_00_0
44093,3_00_0
44094,4_00_0
44095,4_00_0
44096,4_00_0
44097,2_00_0
44099,4_00_0
44100,3_00_0
44101,4_00_0
44102,3_00_0
44103,2_00_0
44104,3_b7_1
44105,3_00_0
44106,3_00_0
44107,3_00_0
44108,3_00_0
44109,4_00_0
44110,1_00_0
44111,1_00_0
44112,3_a9_2
44113,4_00_0
44114,1_00_0
44115,6_00_0
44116,4_00_0
44117,4_00_0
44119,6_a12_2
44120,5_a7_2
44121,6_a11_1
44122,6_00_0
44123,3_00_0
44124,6_a12_2
44125,3_00_0
44126,5_b7_1
44127,6_00_0
44128,1_00_0
44130,3_00_0
44131,1_00_0
44132,3_a9_1
44133,3_00_0
44134,3_b7_1
44136,3_a9_1
44137,3_a9_2
44138,4_00_0
44139,1_00_0
44140,1_00_0
44141,3_00_0
44142,6_00_0
44143,1_00_0
44144,3_00_0
44145,3_00_0
44146,3_b7_1
44147,3_00_0
44148,1_00_0
44149,4_00_0
44150,3_b3_1
44151,2_a5_2
44152,4_00_0
44153,4_00_0
44154,3_00_0
44155,4_00_0
44156,4_00_0
44157,3_b3_1
44158,4_00_0
44159,5_00_0
44160,3_00_0
44161,1_00_0
44162,1_00_0
44163,6_b4_3
44164,6_00_0
44165,1_00_0
44166,6_00_0
44167,2_a5_2
44168,4_00_0
44169,1_00_0
44170,6_00_0
44171,4_00_0
44172,4_00_0
44173,1_00_0
44175,6_00_0
44176,2_00_0
44177,3_a9_1
44178,4_00_0
44179,3_b7_1
44180,2_00_0
44182,3_a9_2
44184,4_00_0
44187,1_00_0
44189,6_a11_2
44190,6_00_0
44191,1_00_0
44192,3_00_0
44193,6_00_0
44194,3_00_0
44195,3_a9_1
44196,5_b6_1
44197,3_00_0
44198,3_00_0
44199,4_00_0
44201,4_00_0
44202,3_b8_1
44203,4_00_0
44204,5_a7_2
44205,3_b7_1
44207,4_00_0
44208,3_a9_3
44209,3_00_0
44210,3_00_0
44211,1_00_0
44212,3_b3_1
44213,5_b8_1
44214,1_00_0
44215,4_00_0
44216,3_b8_1
44217,4_00_0
44218,3_00_0
44219,4_00_0
44220,2_a5_2
44222,5_b6_1
44223,3_a9_1
44224,1_00_0
44225,5_b8_1
44226,2_a5_2
44227,4_00_0
44228,1_00_0
44229,4_00_0
44230,6_00_0
44231,5_b7_1
44232,3_00_0
44234,3_b7_1
44235,3_00_0
44237,4_00_0
44238,6_a12_2
44239,6_00_0
44240,3_b6_1
44241,3_00_0
44242,5_b6_1
44243,5_b8_1
44244,6_00_0
44245,6_00_0
44246,1_00_0
44247,3_a9_2
44248,3_b7_1
44249,4_00_0
44250,1_00_0
44251,6_a12_1
44252,2_a5_2
44254,3_00_0
44255,3_00_0
44257,3_00_0
44258,5_b7_1
44259,4_00_0
44261,3_b7_1
44262,3_00_0
44263,2_a5_2
44264,3_00_0
44265,4_00_0
44266,2_00_0
44267,3_00_0
44268,3_00_0
44269,6_00_0
44270,6_00_0
44271,3_b6_1
44272,3_b3_1
44273,3_b3_1
44274,3_b3_1
44275,1_00_0
44277,3_00_0
44278,4_00_0
44279,6_00_0
44280,4_00_0
44281,3_00_0
44282,3_00_0
44283,4_00_0
44284,6_00_0
44285,3_00_0
44286,6_00_0
44287,3_b8_1
44288,3_a9_1
44289,4_00_0
44290,3_00_0
44291,3_00_0
44292,3_00_0
44294,4_00_0
44295,3_b3_1
44296,1_00_0
44297,3_00_0
44298,1_00_0
44299,3_00_0
44300,4_00_0
44301,5_b7_1
44302,1_00_0
44303,1_00_0
44306,1_00_0
44307,6_00_0
44308,4_00_0
44309,6_00_0
44310,6_00_0
44311,4_00_0
44312,3_00_0
44313,1_00_0
44314,5_b7_1
44315,6_00_0
44316,3_b6_1
44317,3_00_0
44318,6_00_0
44319,6_b4_3
44321,2_a5_2
44322,1_00_0
44323,1_00_0
44324,5_b6_1
44325,6_00_0
44326,3_00_0
44327,3_00_0
44328,6_00_0
44329,3_b6_1
44330,5_b8_1
44331,6_00_0
44332,6_00_0
44333,5_b7_1
44334,5_b6_1
44335,1_00_0
44336,3_00_0
44337,3_00_0
44339,3_00_0
44340,3_b6_1
44341,3_00_0
44342,3_00_0
44343,1_00_0
44344,3_a9_1
44345,3_a9_1
44346,3_00_0
44347,1_00_0
44348,3_00_0
44349,5_b6_1
44350,5_b6_1
44351,3_a9_1
44352,6_00_0
44355,6_00_0
44357,3_a9_3
44358,3_a9_2
44359,4_00_0
44360,4_00_0
44361,6_a11_1
44362,3_b8_1
44363,1_00_0
44364,3_00_0
44365,4_00_0
44366,3_a9_1
44367,5_b7_1
44368,2_a5_2
44369,2_a5_2
44370,3_b6_1
44371,1_00_0
44372,5_b7_1
44373,6_00_0
44374,6_00_0
44376,3_b8_1
44377,3_00_0
44378,1_00_0
44379,1_00_0
44380,6_00_0
44381,4_00_0
44382,4_00_0
44383,3_b7_1
44384,3_b8_1
44386,4_00_0
44387,4_00_0
44388,3_00_0
44389,2_a5_2
44390,1_00_0
44391,2_a5_2
44392,3_b3_1
44393,3_00_0
44394,5_b6_1
44395,1_00_0
44396,3_00_0
44397,5_b6_1
44398,6_00_0
44399,5_00_0
44400,3_b7_1
44401,3_00_0
44402,3_00_0
44403,3_b3_1
44404,1_00_0
44405,5_a7_2
44406,6_b4_1
44407,1_00_0
44408,5_00_0
44409,6_00_0
44410,1_00_0
44411,6_00_0
44412,3_00_0
44413,3_00_0
44414,6_00_0
44415,1_00_0
44417,1_00_0
44418,3_b8_1
44419,5_b7_1
44420,4_00_0
44421,4_00_0
44422,3_a9_1
44423,3_00_0
44426,4_00_0
44427,1_00_0
44428,6_00_0
44429,5_00_0
44430,6_00_0
44431,3_a9_1
44432,2_00_0
44433,1_00_0
44434,4_00_0
44435,4_00_0
44436,3_00_0
44437,6_00_0
44438,4_00_0
44439,6_00_0
44440,3_a9_1
44441,4_00_0
44444,3_00_0
44445,6_00_0
44446,2_a5_2
44447,5_b6_1
44449,5_b7_1
44450,3_00_0
44451,6_a12_2
44452,6_00_0
44453,3_00_0
44454,6_00_0
44456,4_00_0
44457,3_00_0
44458,6_00_0
44459,5_b6_1
44460,2_00_0
44461,3_00_0
44462,3_a9_2
44464,3_00_0
44465,1_00_0
44466,1_00_0
44467,3_b6_1
44468,6_00_0
44469,6_00_0
44470,4_00_0
44471,3_00_0
44472,6_00_0
44473,3_a9_3
44474,3_b3_1
44475,3_00_0
44476,6_00_0
44477,3_b6_1
44478,3_00_0
44480,4_00_0
44481,6_00_0
44482,6_a11_1
44483,4_00_0
44485,3_a9_2
44486,4_00_0
44487,5_b8_1
44488,1_00_0
44489,4_00_0
44491,2_a5_2
44492,3_a9_2
44493,6_00_0
44494,3_00_0
44495,2_a5_2
44496,5_b8_1
44497,3_00_0
44498,4_00_0
44499,6_00_0
44500,5_b7_1
44501,5_b6_1
44502,1_00_0
44504,6_b4_3
44505,3_00_0
44506,1_00_0
44507,3_a9_2
44508,4_00_0
44509,4_00_0
44510,5_b6_1
44511,6_00_0
44512,3_00_0
44513,5_b6_1
44514,4_00_0
44515,3_00_0
44516,3_00_0
44517,2_a5_2
44518,3_00_0
44519,6_00_0
44520,4_00_0
44521,6_00_0
44523,3_00_0
44524,4_00_0
44527,3_00_0
44529,3_a9_2
44530,4_00_0
44532,4_00_0
44533,5_b8_1
44534,4_00_0
44535,4_00_0
44536,3_00_0
44537,4_00_0
44538,6_00_0
44540,3_00_0
44543,1_00_0
44544,3_00_0
44545,3_00_0
44546,1_00_0
44547,6_00_0
44548,3_b3_1
44551,3_00_0
44552,3_b3_1
44553,5_b8_1
44554,3_00_0
44555,6_00_0
44556,6_00_0
44557,5_a7_2
44559,3_00_0
44560,4_00_0
44563,3_00_0
44564,1_00_0
44566,3_00_0
44567,3_00_0
44568,5_00_0
44570,6_00_0
44571,4_00_0
44572,1_00_0
44573,6_a11_1
44574,3_00_0
44575,1_00_0
44576,3_b6_1
44577,6_b4_1
44578,3_b6_1
44579,1_00_0
44580,4_00_0
44581,3_a9_3
44582,6_00_0
44583,6_00_0
44584,3_a9_2
44585,3_a9_1
44586,4_00_0
44587,4_00_0
44588,1_00_0
44589,3_a9_1
44590,3_b7_1
44591,1_00_0
44593,3_b3_1
44594,6_00_0
44595,3_00_0
44596,4_00_0
44597,3_b8_1
44598,2_a5_2
44599,6_00_0
44601,3_b3_1
44602,6_00_0
44603,3_00_0
44604,3_00_0
44605,6_00_0
44606,1_00_0
44607,1_00_0
44608,3_a9_1
44609,6_00_0
44610,6_00_0
44611,3_b7_1
44612,1_00_0
44613,3_b7_1
44614,6_00_0
44615,3_00_0
44616,3_a9_2
44617,3_00_0
44618,4_00_0
44619,1_00_0
44620,1_00_0
44621,6_00_0
44622,1_00_0
44623,3_00_0
44625,3_00_0
44626,1_00_0
44627,3_00_0
44628,3_00_0
44629,6_00_0
44630,2_a5_2
44631,4_00_0
44633,3_b3_1
44634,3_00_0
44635,6_00_0
44636,1_00_0
44637,3_00_0
44638,3_a9_2
44640,1_00_0
44641,5_b8_1
44642,4_00_0
44643,3_00_0
44645,3_b3_1
44646,3_00_0
44647,6_00_0
44648,4_00_0
44649,3_00_0
44650,5_a7_2
44651,2_a5_2
44652,1_00_0
44653,2_00_0
44654,2_00_0
44655,3_00_0
44656,3_00_0
44657,3_a9_1
44659,1_00_0
44660,3_a9_1
44661,1_00_0
44662,3_00_0
44663,6_a12_2
44664,6_a12_2
44665,1_00_0
44666,3_00_0
44667,1_00_0
44668,4_00_0
44669,4_00_0
44670,6_00_0
44671,5_b6_1
44673,4_00_0
44674,3_b7_1
44676,3_b7_1
44677,2_a5_2
44678,1_00_0
44679,3_b3_1
44680,6_00_0
44681,6_00_0
44682,1_00_0
44683,6_00_0
44684,6_00_0
44686,6_00_0
44687,6_00_0
44689,3_00_0
44690,3_00_0
44691,1_00_0
44694,6_00_0
44695,6_00_0
44696,3_00_0
44697,6_00_0
44698,5_b7_1
44699,5_b6_1
44700,4_00_0
44701,5_a7_2
44702,6_a12_1
44703,3_00_0
44704,4_00_0
44705,3_00_0
44706,3_00_0
44707,2_00_0
44708,3_00_0
44709,3_b3_1
44710,5_b8_1
44711,1_00_0
44712,6_00_0
44714,6_00_0
44715,1_00_0
44716,4_00_0
44717,6_00_0
44718,3_00_0
44719,3_00_0
44720,6_00_0
44721,6_00_0
44722,4_00_0
44723,6_00_0
44724,6_00_0
44726,1_00_0
44727,3_b6_1
44728,1_00_0
44729,3_00_0
44730,6_00_0
44731,6_00_0
44732,4_00_0
44734,5_b7_1
44735,3_b7_1
44736,3_00_0
44737,3_b7_1
44739,1_00_0
44740,1_00_0
44741,6_00_0
44742,4_00_0
44743,5_b7_1
44744,2_a5_2
44745,3_00_0
44746,1_00_0
44747,3_00_0
44748,6_a11_1
44749,4_00_0
44750,6_b5_1
44751,1_00_0
44752,3_00_0
44753,2_a5_2
44754,6_a12_2
44755,6_00_0
44756,4_00_0
44757,3_00_0
44759,3_00_0
44761,6_00_0
44762,3_00_0
44763,6_a12_2
44765,6_00_0
44766,3_b7_1
44767,1_00_0
44768,3_00_0
44769,3_00_0
44770,3_a9_2
44771,6_00_0
44772,3_00_0
44773,3_00_0
44774,4_00_0
44775,6_a11_1
44776,6_00_0
44777,6_00_0
44778,5_b6_1
44779,2_00_0
44780,5_b7_1
44781,6_00_0
44782,3_a9_2
44783,2_00_0
44784,1_00_0
44785,3_00_0
44786,1_00_0
44787,4_00_0
44788,6_a11_1
44789,4_00_0
44790,2_00_0
44791,1_00_0
44792,6_a11_2
44793,3_00_0
44794,3_00_0
44795,1_00_0
44796,4_00_0
44797,4_00_0
44798,2_00_0
44799,1_00_0
44800,6_00_0
44801,1_00_0
44803,5_b7_1
44804,4_00_0
44805,1_00_0
44806,3_b8_1
44807,4_00_0
44808,3_b8_1
44809,3_a9_1
44810,4_00_0
44811,4_00_0
44812,3_00_0
44813,5_b7_1
44814,3_b3_1
44815,3_b6_1
44816,5_b7_1
44817,4_00_0
44818,6_00_0
44819,6_00_0
44820,5_a7_2
44821,4_00_0
44822,1_00_0
44823,3_00_0
44824,5_a7_2
44825,6_00_0
44826,1_00_0
44827,3_00_0
44829,3_b3_1
44830,5_b8_1
44831,5_a7_2
44833,2_a5_2
44834,6_00_0
44835,3_b8_1
44836,6_b4_1
44838,3_00_0
44840,6_00_0
44841,3_b6_1
44842,3_00_0
44843,3_b6_1
44844,2_a5_2
44845,6_a11_2
44846,3_b8_1
44847,2_a5_2
44849,6_00_0
44850,1_00_0
44851,4_00_0
44852,5_b8_1
44853,3_00_0
44854,6_00_0
44855,3_b8_1
44856,4_00_0
44857,6_00_0
44858,3_a9_1
44859,6_00_0
44860,4_00_0
44861,3_b6_1
44862,1_00_0
44863,4_00_0
44864,5_b6_1
44865,2_00_0
44866,2_a5_2
44867,1_00_0
44868,3_00_0
44869,6_00_0
44870,1_00_0
44871,4_00_0
44872,6_a12_2
44873,3_00_0
44875,1_00_0
44876,3_00_0
44877,4_00_0
44878,6_00_0
44879,6_00_0
44880,3_00_0
44881,4_00_0
44882,4_00_0
44883,2_a5_2
44884,4_00_0
44885,3_a9_1
44886,3_b6_1
44887,4_00_0
44888,3_b8_1
44889,4_00_0
44890,6_a11_1
44891,4_00_0
44892,6_00_0
44893,3_00_0
44894,6_a12_2
44895,3_00_0
44896,2_a5_2
44897,3_b3_1
44898,3_00_0
44899,3_b7_1
44900,3_00_0
44901,6_00_0
44902,6_00_0
44903,1_00_0
44904,3_b7_1
44905,1_00_0
44906,5_b6_1
44907,3_b3_1
44908,1_00_0
44909,6_b4_1
44910,3_00_0
44911,4_00_0
44912,3_00_0
44913,6_00_0
44915,3_00_0
44916,1_00_0
44917,3_a9_1
44918,6_00_0
44919,4_00_0
44920,3_00_0
44921,3_00_0
44923,5_b7_1
44924,2_00_0
44925,3_a9_2
44926,6_00_0
44927,3_00_0
44928,4_00_0
44929,3_00_0
44930,3_00_0
44931,4_00_0
44932,5_b8_1
44933,3_a9_2
44934,4_00_0
44935,5_b8_1
44936,1_00_0
44937,6_00_0
44938,3_00_0
44939,6_a11_1
44940,3_b3_1
44941,4_00_0
44942,4_00_0
44943,1_00_0
44945,5_b6_1
44946,5_b7_1
44947,3_00_0
44948,4_00_0
44949,4_00_0
44950,3_00_0
44951,5_00_0
44952,3_00_0
44953,2_00_0
44955,6_00_0
44956,3_b8_1
44957,4_00_0
44958,3_a9_2
44961,3_00_0
44962,2_00_0
44963,2_a5_2
44964,6_00_0
44965,6_00_0
44966,6_00_0
44967,4_00_0
44971,5_b8_1
44972,3_00_0
44973,6_b5_1
44974,1_00_0
44975,3_00_0
44976,4_00_0
44977,1_00_0
44978,3_00_0
44979,1_00_0
44981,5_b8_1
44982,1_00_0
44983,1_00_0
44984,4_00_0
44985,4_00_0
44986,3_00_0
44987,5_a7_2
44988,3_b7_1
44989,1_00_0
44990,4_00_0
44991,5_b7_1
44992,3_a9_1
44994,5_00_0
44995,1_00_0
44996,3_00_0
44997,4_00_0
44998,5_b8_1
44999,1_00_0
45000,3_00_0
45001,6_00_0
45003,5_00_0
45004,3_00_0
45005,3_b6_1
45006,3_00_0
45007,4_00_0
45008,5_00_0
45009,5_b7_1
45010,6_a11_1
45012,6_a11_2
45013,1_00_0
45014,3_b6_1
45015,1_00_0
45016,2_00_0
45017,6_00_0
45018,5_b7_1
45019,3_00_0
45020,3_00_0
45021,3_00_0
45022,6_00_0
45023,1_00_0
45024,6_00_0
45025,4_00_0
45026,1_00_0
45027,4_00_0
45029,3_b8_1
45030,3_00_0
45031,4_00_0
45032,5_b6_1
45033,5_b8_1
45034,4_00_0
45035,4_00_0
45036,6_00_0
45037,5_b7_1
45038,6_a11_1
45039,3_b8_1
45040,6_00_0
45042,3_00_0
45043,6_00_0
45044,3_b6_1
45045,3_00_0
45047,1_00_0
45048,5_b8_1
45049,3_00_0
45050,3_00_0
45051,6_00_0
45053,3_00_0
45054,1_00_0
45055,5_a7_2
45056,6_00_0
45057,4_00_0
45058,1_00_0
45059,3_00_0
45060,3_00_0
45061,4_00_0
45062,3_00_0
45063,6_00_0
45064,4_00_0
45065,6_00_0
45066,3_00_0
45068,3_a9_2
45069,5_b7_1
45070,6_a11_2
45072,3_00_0
45073,4_00_0
45074,5_b8_1
45076,3_00_0
45077,6_00_0
45078,6_00_0
45080,3_00_0
45082,3_a9_1
45083,3_b6_1
45084,5_b8_1
45085,6_a12_2
45086,4_00_0
45087,2_a5_2
45088,5_b6_1
45089,4_00_0
45091,6_00_0
45092,3_b6_1
45093,6_00_0
45095,3_00_0
45096,3_a9_2
45097,3_00_0
45098,3_00_0
45100,6_00_0
45101,2_00_0
45102,4_00_0
45104,6_00_0
45105,4_00_0
45106,4_00_0
45108,2_a5_2
45109,6_00_0
45110,3_b8_1
45111,1_00_0
45112,4_00_0
45113,3_00_0
45114,3_b6_1
45115,3_00_0
45116,4_00_0
45117,2_a5_2
45118,3_b7_1
45121,3_00_0
45122,4_00_0
45123,4_00_0
45124,1_00_0
45125,6_00_0
45126,3_00_0
45127,6_00_0
45128,3_00_0
45129,4_00_0
45130,1_00_0
45132,6_00_0
45133,2_00_0
45134,6_00_0
45135,3_00_0
45136,3_00_0
45137,6_00_0
45138,3_a9_2
45139,3_00_0
45140,5_a7_2
45142,3_00_0
45143,4_00_0
45144,3_00_0
45145,5_b7_1
45147,6_00_0
45148,2_a5_2
45149,3_00_0
45150,5_b8_1
45151,3_b3_1
45152,4_00_0
45153,4_00_0
45154,4_00_0
45155,3_b3_1
45156,5_b6_1
45158,2_00_0
45159,3_00_0
45160,3_00_0
45161,3_00_0
45162,4_00_0
45164,4_00_0
45165,3_a9_1
45166,1_00_0
45167,3_00_0
45168,6_00_0
45169,1_00_0
45170,4_00_0
45171,6_00_0
45172,6_00_0
45173,1_00_0
45175,3_00_0
45177,3_00_0
45178,3_00_0
45179,3_00_0
45181,6_00_0
45182,6_00_0
45183,3_00_0
45184,6_00_0
45185,3_a9_1
45186,5_b6_1
45187,4_00_0
45188,5_b6_1
45189,3_00_0
45191,1_00_0
45192,6_00_0
45193,3_00_0
45194,4_00_0
45195,1_00_0
45196,3_b8_1
45197,3_00_0
45198,4_00_0
45199,4_00_0
45200,1_00_0
45201,6_00_0
45202,3_00_0
45203,3_b6_1
45204,4_00_0
45205,1_00_0
45206,5_b8_1
45207,3_00_0
45208,3_00_0
45209,3_a9_3
45210,3_b8_1
45211,3_b3_1
45212,6_00_0
45213,3_b6_1
45214,3_a9_1
45215,3_00_0
45216,5_b8_1
45217,1_00_0
45218,5_b6_1
45219,6_00_0
45220,6_b4_3
45221,4_00_0
45222,4_00_0
45223,1_00_0
45224,1_00_0
45225,3_00_0
45226,6_00_0
45227,3_00_0
45228,3_00_0
45229,4_00_0
45230,3_b7_1
45231,4_00_0
45232,4_00_0
45233,6_00_0
45234,3_00_0
45235,6_00_0
45236,4_00_0
45237,4_00_0
45238,3_00_0
45239,6_00_0
45241,4_00_0
45242,3_b3_1
45243,1_00_0
45244,3_a9_2
45245,1_00_0
45246,3_00_0
45247,6_00_0
45248,3_00_0
45249,3_00_0
45250,3_a9_2
45251,4_00_0
45252,4_00_0
45253,1_00_0
45254,4_00_0
45255,3_b7_1
45256,2_00_0
45257,1_00_0
45258,4_00_0
45261,2_a5_2
45262,5_b7_1
45263,6_a11_1
45264,4_00_0
45266,4_00_0
45267,4_00_0
45269,3_a9_1
45270,6_00_0
45271,1_00_0
45272,1_00_0
45273,2_00_0
45274,4_00_0
45276,6_00_0
45277,1_00_0
45278,5_b7_1
45279,4_00_0
45280,3_00_0
45281,1_00_0
45282,5_b7_1
45283,6_00_0
45284,2_00_0
45285,4_00_0
45286,4_00_0
45287,1_00_0
45288,3_00_0
45290,2_00_0
45291,5_b7_1
45292,5_b7_1
45293,5_00_0
45294,1_00_0
45295,1_00_0
45296,3_00_0
45297,6_00_0
45298,4_00_0
45299,4_00_0
45300,1_00_0
45301,6_00_0
45302,6_00_0
45303,2_00_0
45304,3_00_0
45305,3_b7_1
45306,5_b7_1
45307,4_00_0
45308,4_00_0
45309,1_00_0
45311,3_b7_1
45312,4_00_0
45313,2_a5_2
45314,2_a5_2
45315,2_a5_2
45316,3_00_0
45317,4_00_0
45318,3_00_0
45319,5_a7_2
45320,3_b6_1
45322,6_00_0
45323,3_00_0
45324,3_b8_1
45325,3_b6_1
45326,3_a9_2
45327,3_b8_1
45328,3_b3_1
45329,1_00_0
45330,5_b6_1
45331,4_00_0
45332,3_00_0
45333,3_a9_1
45334,4_00_0
45335,3_a9_2
45336,4_00_0
45337,6_00_0
45338,5_a7_2
45339,3_b7_1
45340,3_00_0
45341,3_b8_1
45342,4_00_0
45343,3_b3_1
45344,3_00_0
45345,6_a11_1
45346,5_b7_1
45347,5_b8_1
45348,3_00_0
45349,3_00_0
45350,4_00_0
45351,1_00_0
45352,3_b7_1
45353,1_00_0
45355,3_b6_1
45356,1_00_0
45357,2_a5_2
45358,3_b6_1
45359,5_a7_2
45360,3_00_0
45361,5_b8_1
45362,1_00_0
45363,6_00_0
45364,1_00_0
45365,4_00_0
45366,3_00_0
45367,4_00_0
45368,4_00_0
45369,4_00_0
45370,6_00_0
45371,3_a9_1
45372,5_b7_1
45373,3_b6_1
45374,4_00_0
45376,3_a9_2
45377,4_00_0
45378,5_b8_1
45379,1_00_0
45380,3_b7_1
45381,6_00_0
45382,4_00_0
45383,3_a9_1
45384,6_00_0
45385,5_00_0
45386,3_00_0
45387,6_00_0
45388,1_00_0
45389,4_00_0
45390,6_00_0
45391,4_00_0
45392,3_a9_1
45393,4_00_0
45394,1_00_0
45395,4_00_0
45396,6_00_0
45397,3_a9_1
45398,3_00_0
45399,3_00_0
45400,5_b8_1
45401,3_00_0
45402,4_00_0
45403,5_b7_1
45404,4_00_0
45405,5_b7_1
45406,1_00_0
45407,6_00_0
45408,6_00_0
45409,1_00_0
45410,4_00_0
45411,3_00_0
45412,6_00_0
45413,5_b7_1
45414,4_00_0
45416,3_a9_2
45417,3_a9_1
45418,3_b8_1
45419,1_00_0
45420,3_b8_1
45421,3_00_0
45423,5_a7_2
45424,1_00_0
45425,6_00_0
45426,4_00_0
45427,1_00_0
45428,3_00_0
45429,3_a9_1
45430,3_00_0
45431,3_00_0
45432,4_00_0
45433,5_b7_1
45434,3_00_0
45436,5_b6_1
45437,3_00_0
45438,3_b8_1
45439,1_00_0
45440,4_00_0
45441,5_b8_1
45442,5_b6_1
45443,3_00_0
45444,3_b7_1
45445,1_00_0
45446,1_00_0
45447,3_b6_1
45448,4_00_0
45449,4_00_0
45450,3_00_0
45451,5_00_0
45453,3_00_0
45454,1_00_0
45455,3_00_0
45456,5_b6_1
45458,3_00_0
45459,1_00_0
45460,6_00_0
45461,3_b7_1
45462,6_00_0
45463,3_b6_1
45464,3_a9_1
45465,6_00_0
45466,1_00_0
45467,1_00_0
45468,3_00_0
45469,5_b6_1
45470,3_00_0
45471,3_00_0
45472,4_00_0
45473,5_a7_2
45474,4_00_0
45478,6_00_0
45479,5_b7_1
45480,5_00_0
45481,6_00_0
45482,3_a9_2
45483,6_a12_2
45484,1_00_0
45485,3_00_0
45486,3_00_0
45487,1_00_0
45488,3_a9_1
45489,6_00_0
45490,3_00_0
45491,2_00_0
45492,3_00_0
45493,6_a11_1
45494,6_00_0
45495,1_00_0
45497,2_a5_2
45498,1_00_0
45499,3_00_0
45500,6_00_0
45501,3_00_0
45502,3_b3_1
45503,4_00_0
45504,2_a5_2
45506,3_a9_2
45507,3_00_0
45508,1_00_0
45509,2_a5_2
45511,1_00_0
45512,4_00_0
45513,6_00_0
45514,5_b8_1
45515,3_00_0
45516,4_00_0
45517,4_00_0
45518,4_00_0
45519,4_00_0
45520,6_00_0
45521,4_00_0
45522,3_00_0
45524,1_00_0
45525,1_00_0
45526,6_00_0
45527,1_00_0
45528,1_00_0
45529,5_b8_1
45530,5_a7_2
45531,1_00_0
45532,1_00_0
45533,3_b7_1
45534,4_00_0
45535,1_00_0
45536,3_a9_1
45537,5_b6_1
45538,5_b7_1
45539,1_00_0
45540,3_b6_1
45541,5_a7_2
45542,3_00_0
45543,4_00_0
45544,3_00_0
45545,4_00_0
45546,6_a11_2
45547,1_00_0
45548,3_b3_1
45549,2_a5_2
45550,4_00_0
45551,3_00_0
45552,1_00_0
45553,1_00_0
45554,3_b7_1
45555,4_00_0
45556,6_00_0
45557,4_00_0
45558,1_00_0
45559,4_00_0
45560,2_00_0
45561,6_00_0
45562,4_00_0
45563,3_b6_1
45564,3_00_0
45565,3_00_0
45566,4_00_0
45568,6_00_0
45569,6_00_0
45570,3_00_0
45571,5_b7_1
45572,6_00_0
45573,5_a7_2
45574,1_00_0
45575,3_00_0
45576,3_a9_2
45577,1_00_0
45578,6_00_0
45579,1_00_0
45580,5_b8_1
45581,4_00_0
45582,6_00_0
45583,3_00_0
45584,6_00_0
45585,2_a5_2
45586,5_b6_1
45588,4_00_0
45589,6_00_0
45591,6_00_0
45592,6_00_0
45593,3_00_0
45594,2_00_0
45595,3_00_0
45596,3_00_0
45598,5_b8_1
45599,4_00_0
45600,4_00_0
45601,1_00_0
45602,4_00_0
45603,3_b3_1
45604,3_b6_1
45605,3_00_0
45606,4_00_0
45607,3_b3_1
45608,3_00_0
45609,6_00_0
45610,6_00_0
45612,3_00_0
45613,6_a11_1
45614,3_00_0
45615,4_00_0
45616,4_00_0
45617,4_00_0
45618,4_00_0
45619,5_a7_2
45620,1_00_0
45621,5_b8_1
45622,3_00_0
45624,3_00_0
45626,5_a7_2
45627,3_00_0
45628,4_00_0
45629,3_00_0
45630,5_b7_1
45631,4_00_0
45632,4_00_0
45633,6_00_0
45634,3_a9_1
45635,3_00_0
45636,3_00_0
45637,3_00_0
45638,4_00_0
45639,3_a9_1
45640,1_00_0
45641,4_00_0
45642,4_00_0
45643,1_00_0
45644,6_00_0
45645,3_00_0
45646,3_b6_1
45647,3_b6_1
45648,6_00_0
45649,3_00_0
45650,2_00_0
45651,3_b3_1
45652,6_00_0
45654,5_b8_1
45655,3_00_0
45657,6_00_0
45658,6_00_0
45659,1_00_0
45660,6_a11_1
45661,4_00_0
45662,3_00_0
45663,4_00_0
45664,3_00_0
45665,3_b8_1
45666,3_00_0
45667,3_00_0
45668,5_b7_1
45669,4_00_0
45670,3_00_0
45671,3_a9_2
45672,6_00_0
45673,5_b8_1
45674,4_00_0
45675,3_00_0
45676,3_b6_1
45677,4_00_0
45678,3_b6_1
45679,2_a5_2
45680,5_b7_1
45681,3_00_0
45682,3_a9_1
45683,3_a9_1
45684,3_00_0
45685,3_00_0
45686,3_b7_1
45687,3_00_0
45688,6_00_0
45690,3_00_0
45691,3_a9_2
45692,1_00_0
45693,3_00_0
45694,4_00_0
45695,5_a7_2
45696,4_00_0
45697,4_00_0
45698,2_a5_2
45699,6_00_0
45700,3_a9_2
45701,4_00_0
45702,3_00_0
45703,3_00_0
45704,3_00_0
45705,3_a9_2
45706,4_00_0
45707,3_00_0
45708,6_00_0
45709,4_00_0
45710,3_00_0
45711,4_00_0
45713,3_b7_1
45714,5_b6_1
45715,4_00_0
45716,1_00_0
45717,6_00_0
45718,4_00_0
45720,5_b8_1
45721,3_00_0
45722,5_b6_1
45723,3_b6_1
45724,2_00_0
45725,5_b7_1
45726,1_00_0
45727,3_b3_1
45729,2_a5_2
45731,4_00_0
45732,2_a5_2
45733,3_a9_1
45734,1_00_0
45735,4_00_0
45736,3_b6_1
45737,4_00_0
45738,4_00_0
45739,5_b7_1
45740,3_b3_1
45741,1_00_0
45742,3_b6_1
45743,6_00_0
45744,5_b8_1
45745,2_a5_2
45746,6_b4_1
45747,6_00_0
45748,6_b4_1
45749,6_00_0
45750,3_00_0
45751,5_a7_2
45752,2_00_0
45754,3_00_0
45755,3_00_0
45756,1_00_0
45757,4_00_0
45758,3_00_0
45759,6_00_0
45761,3_a9_3
45762,6_00_0
45763,3_00_0
45764,1_00_0
45765,2_a5_2
45766,5_b7_1
45768,4_00_0
45769,3_a9_1
45770,3_00_0
45771,5_b7_1
45772,5_a7_2
45773,1_00_0
45774,5_b8_1
45775,5_b7_1
45776,1_00_0
45777,4_00_0
45778,3_00_0
45779,6_00_0
45780,6_00_0
45782,4_00_0
45783,3_a9_2
45784,3_b8_1
45785,4_00_0
45786,3_b3_1
45787,1_00_0
45788,3_a9_2
45789,6_00_0
45790,3_00_0
45793,3_a9_2
45794,4_00_0
45795,3_00_0
45796,5_b8_1
45797,3_00_0
45798,1_00_0
45799,4_00_0
45800,1_00_0
45801,3_00_0
45802,2_a5_2
45803,3_00_0
45804,4_00_0
45805,3_b8_1
45806,5_00_0
45807,3_00_0
45808,5_b6_1
45809,3_00_0
45810,3_00_0
45811,3_00_0
45812,1_00_0
45813,3_00_0
45814,3_00_0
45815,5_b8_1
45816,6_00_0
45817,6_00_0
45818,1_00_0
45819,2_a5_2
45820,5_b8_1
45821,6_00_0
45822,1_00_0
45823,3_b3_1
45825,5_b6_1
45826,6_00_0
45827,4_00_0
45828,3_00_0
45829,3_00_0
45830,4_00_0
45831,3_00_0
45832,3_a9_3
45833,3_00_0
45834,3_00_0
45835,6_a12_2
45836,3_00_0
45838,6_00_0
45839,3_00_0
45841,3_b6_1
45842,4_00_0
45843,1_00_0
45845,2_a5_2
45846,3_b3_1
45847,4_00_0
45848,3_00_0
45849,5_b7_1
45850,3_00_0
45851,1_00_0
45852,4_00_0
45853,3_00_0
45854,5_b6_1
45856,1_00_0
45858,5_b8_1
45859,2_a5_2
45860,5_b6_1
45861,5_a7_2
45862,6_00_0
45863,5_b7_1
45864,6_b4_3
45865,3_00_0
45866,4_00_0
45867,1_00_0
45868,1_00_0
45869,2_a5_2
45870,5_b7_1
45871,3_a9_2
45872,1_00_0
45873,4_00_0
45874,4_00_0
45875,4_00_0
45876,3_00_0
45877,6_a11_1
45878,1_00_0
45879,2_a5_2
45880,3_00_0
45881,3_00_0
45882,3_00_0
45883,6_00_0
45884,5_b7_1
45885,3_b7_1
45886,1_00_0
45888,6_a12_2
45889,3_00_0
45890,4_00_0
45891,6_00_0
45892,6_a11_1
45894,6_00_0
45895,3_b8_1
45896,3_b7_1
45897,3_00_0
45898,5_00_0
45900,6_a12_1
45901,3_b6_1
45902,1_00_0
45903,3_00_0
45904,2_00_0
45905,5_00_0
45906,6_00_0
45907,3_b7_1
45908,3_a9_1
45909,3_b7_1
45910,3_00_0
45911,6_00_0
45912,3_00_0
45913,6_00_0
45914,1_00_0
45915,5_00_0
45916,4_00_0
45917,1_00_0
45918,1_00_0
45919,4_00_0
45920,3_00_0
45921,6_00_0
45922,3_00_0
45923,3_00_0
45924,1_00_0
45925,6_00_0
45926,6_00_0
45927,3_00_0
45930,1_00_0
45931,3_00_0
45932,2_00_0
45933,4_00_0
45934,3_00_0
45935,4_00_0
45936,4_00_0
45937,6_00_0
45939,5_a7_2
45940,6_00_0
45941,4_00_0
45942,3_00_0
45943,1_00_0
45944,1_00_0
45945,4_00_0
45946,3_b7_1
45947,3_00_0
45948,3_b3_1
45949,3_b3_1
45950,6_a12_1
45952,4_00_0
45953,4_00_0
45954,3_00_0
45955,4_00_0
45956,3_b6_1
45957,4_00_0
45958,3_00_0
45960,4_00_0
45961,1_00_0
45963,1_00_0
45964,3_00_0
45965,1_00_0
45966,3_a9_1
45967,3_00_0
45968,3_00_0
45970,3_00_0
45971,3_00_0
45972,3_00_0
45973,1_00_0
45974,2_a5_2
45975,4_00_0
45976,3_00_0
45977,6_00_0
45978,5_b7_1
45979,3_00_0
45981,2_00_0
45982,3_a9_2
45983,3_00_0
45984,3_00_0
45985,1_00_0
45986,6_00_0
45987,3_00_0
45988,4_00_0
45989,1_00_0
45990,4_00_0
45991,3_00_0
45993,4_00_0
45994,3_00_0
45995,6_00_0
45996,1_00_0
45997,3_00_0
45998,5_b8_1
45999,4_00_0
46000,3_a9_2
46001,3_00_0
46002,1_00_0
46003,5_a7_2
46005,4_00_0
46006,5_00_0
46007,4_00_0
46008,3_00_0
46009,4_00_0
46010,6_00_0
46011,5_a7_2
46012,4_00_0
46013,3_00_0
46014,5_00_0
46015,2_a5_2
46016,3_00_0
46017,6_a11_1
46018,3_00_0
46020,3_00_0
46021,6_00_0
46022,3_00_0
46023,1_00_0
46025,5_a7_2
46026,3_00_0
46027,6_00_0
46028,5_b6_1
46029,1_00_0
46030,5_b8_1
46031,4_00_0
46032,5_a7_2
46033,3_00_0
46034,5_b6_1
46035,3_b6_1
46036,3_00_0
46037,2_00_0
46038,3_a9_2
46039,5_b8_1
46040,3_a9_1
46041,6_00_0
46042,2_a5_2
46044,5_b7_1
46045,3_b3_1
46046,6_00_0
46047,6_00_0
46048,3_a9_1
46049,1_00_0
46050,6_00_0
46051,3_00_0
46052,5_b8_1
46053,3_00_0
46055,3_a9_1
46058,3_00_0
46059,6_00_0
46060,1_00_0
46061,1_00_0
46062,5_b7_1
46064,1_00_0
46065,3_00_0
46066,3_00_0
46067,6_00_0
46068,5_a7_2
46069,3_b7_1
46070,3_b8_1
46071,3_00_0
46072,1_00_0
46074,3_a9_1
46075,3_00_0
46076,3_00_0
46078,1_00_0
46079,3_00_0
46080,3_00_0
46081,4_00_0
46082,4_00_0
46083,3_00_0
46084,6_00_0
46085,3_00_0
46086,2_a5_2
46087,1_00_0
46088,5_b6_1
46089,6_00_0
46090,3_a9_1
46091,3_00_0
46092,3_00_0
46093,5_b6_1
46094,3_b6_1
46095,4_00_0
46096,4_00_0
46097,6_00_0
46098,4_00_0
46099,3_00_0
46100,1_00_0
46101,3_00_0
46102,1_00_0
46103,4_00_0
46104,4_00_0
46105,3_00_0
46106,3_00_0
46107,2_00_0
46108,3_00_0
46109,6_00_0
46110,5_b6_1
46112,5_b6_1
46114,3_a9_2
46115,3_00_0
46116,4_00_0
46117,3_b8_1
46118,3_00_0
46119,3_b8_1
46120,1_00_0
46121,3_00_0
46122,1_00_0
46123,5_00_0
46125,4_00_0
46126,6_00_0
46128,1_00_0
46129,6_00_0
46130,3_00_0
46131,1_00_0
46132,4_00_0
46133,6_a12_2
46134,1_00_0
46135,5_b6_1
46136,6_00_0
46137,1_00_0
46138,3_00_0
46139,3_b3_1
46140,4_00_0
46144,6_00_0
46145,3_b6_1
46146,2_00_0
46149,1_00_0
46150,6_00_0
46151,3_00_0
46152,5_b6_1
46153,4_00_0
46154,4_00_0
46156,3_b3_1
46157,3_00_0
46158,6_b5_1
46159,3_00_0
46160,5_a7_2
46161,4_00_0
46162,2_a5_2
46164,5_b7_1
46165,5_b6_1
46166,2_a5_2
46168,3_00_0
46169,1_00_0
46171,3_a9_1
46172,3_00_0
46173,3_00_0
46174,3_b7_1
46175,2_00_0
46176,2_a5_2
46177,6_00_0
46178,3_00_0
46179,4_00_0
46180,4_00_0
46181,3_00_0
46182,4_00_0
46183,4_00_0
46184,2_a5_2
46185,4_00_0
46186,3_00_0
46187,6_00_0
46188,3_a9_1
46190,6_00_0
46191,6_00_0
46192,4_00_0
46193,4_00_0
46194,3_a9_1
46195,1_00_0
46196,6_00_0
46197,3_b6_1
46198,4_00_0
46199,1_00_0
46200,1_00_0
46201,3_00_0
46202,4_00_0
46203,4_00_0
46205,5_00_0
46206,5_a7_2
46207,5_b8_1
46208,3_00_0
46209,3_00_0
46210,3_00_0
46211,5_b6_1
46212,3_00_0
46213,3_00_0
46214,5_b7_1
46215,3_00_0
46216,3_b8_1
46217,5_00_0
46218,3_b3_1
46219,3_a9_2
46220,6_00_0
46221,4_00_0
46222,5_b8_1
46223,3_00_0
46224,3_b6_1
46225,3_00_0
46226,3_a9_1
46227,1_00_0
46228,3_00_0
46229,6_00_0
46230,6_00_0
46231,4_00_0
46232,3_00_0
46233,6_00_0
46236,3_b7_1
46237,5_a7_2
46238,6_00_0
46239,4_00_0
46240,5_a7_2
46241,5_b7_1
46242,5_b8_1
46244,3_b7_1
46245,3_00_0
46246,6_a12_2
46247,1_00_0
46248,2_00_0
46249,4_00_0
46250,6_a12_2
46251,5_b8_1
46252,6_00_0
46253,5_b8_1
46254,6_00_0
46255,1_00_0
46256,3_00_0
46257,5_b6_1
46258,5_b7_1
46259,6_00_0
46260,4_00_0
46261,3_00_0
46262,3_00_0
46263,3_a9_1
46264,3_b6_1
46265,4_00_0
46266,3_b6_1
46267,5_b8_1
46268,6_00_0
46269,3_00_0
46270,3_b6_1
46272,3_00_0
46273,1_00_0
46274,3_b3_1
46275,2_a5_2
46276,1_00_0
46277,6_00_0
46278,6_00_0
46279,4_00_0
46280,6_00_0
46281,4_00_0
46282,6_00_0
46283,6_00_0
46284,3_00_0
46285,4_00_0
46286,5_b7_1
46287,1_00_0
46288,6_00_0
46289,6_00_0
46290,4_00_0
46291,3_00_0
46292,4_00_0
46293,4_00_0
46294,3_00_0
46295,4_00_0
46296,3_a9_2
46297,3_a9_2
46298,5_b8_1
46299,4_00_0
46300,2_a5_2
46301,4_00_0
46302,3_b7_1
46304,4_00_0
46305,5_b6_1
46306,3_b6_1
46307,1_00_0
46308,1_00_0
46309,1_00_0
46310,3_a9_1
46311,3_00_0
46312,4_00_0
46313,6_b4_1
46314,4_00_0
46315,3_b8_1
46316,4_00_0
46317,3_00_0
46318,3_a9_1
46319,1_00_0
46320,5_b8_1
46321,1_00_0
46322,4_00_0
46323,6_00_0
46324,3_00_0
46325,1_00_0
46326,1_00_0
46327,3_00_0
46328,1_00_0
46329,3_00_0
46330,1_00_0
46331,6_00_0
46332,4_00_0
46333,1_00_0
46334,4_00_0
46335,4_00_0
46336,3_a9_1
46337,6_00_0
46338,1_00_0
46339,6_b4_1
46340,5_b6_1
46341,6_00_0
46342,4_00_0
46343,3_b7_1
46344,1_00_0
46345,4_00_0
46347,5_b7_1
46349,3_00_0
46350,1_00_0
46351,3_00_0
46352,1_00_0
46353,3_00_0
46354,1_00_0
46355,5_b8_1
46356,3_00_0
46357,2_a5_2
46358,3_00_0
46359,2_00_0
46360,6_00_0
46361,4_00_0
46362,1_00_0
46363,4_00_0
46364,3_00_0
46366,6_00_0
46367,6_00_0
46369,3_a9_1
46370,1_00_0
46371,3_b8_1
46372,3_00_0
46373,6_a12_2
46374,1_00_0
46375,3_a9_1
46376,3_b7_1
46377,6_a12_2
46378,5_b6_1
46379,1_00_0
46380,3_b8_1
46381,6_a12_2
46382,6_a11_2
46384,2_a5_2
46385,3_00_0
46387,3_b7_1
46388,1_00_0
46389,2_00_0
46391,4_00_0
46392,4_00_0
46393,2_a5_2
46394,5_b7_1
46395,3_00_0
46396,3_a9_1
46398,3_00_0
46399,6_00_0
46400,3_00_0
46401,1_00_0
46402,6_00_0
46403,6_00_0
46404,3_00_0
46405,6_00_0
46406,1_00_0
46407,3_00_0
46408,3_00_0
46409,3_00_0
46410,2_a5_2
46411,3_00_0
46412,2_a5_2
46413,4_00_0
46414,6_00_0
46415,3_a9_1
46416,1_00_0
46417,6_00_0
46418,4_00_0
46419,3_b8_1
46420,5_00_0
46421,3_a9_1
46422,4_00_0
46423,3_a9_1
46424,1_00_0
46425,3_00_0
46426,3_b6_1
46427,1_00_0
46428,4_00_0
46429,6_b4_1
46430,4_00_0
46431,3_00_0
46432,3_00_0
46433,3_00_0
46434,2_a5_2
46436,3_a9_1
46437,6_00_0
46438,3_00_0
46439,1_00_0
46440,1_00_0
46441,4_00_0
46442,5_a7_2
46443,4_00_0
46444,3_00_0
46445,3_00_0
46446,1_00_0
46447,3_00_0
46450,3_00_0
46451,3_00_0
46452,1_00_0
46453,4_00_0
46454,5_b8_1
46456,6_00_0
46457,1_00_0
46459,2_00_0
46460,3_00_0
46461,4_00_0
46462,3_b7_1
46463,4_00_0
46464,6_00_0
46465,5_b8_1
46466,3_00_0
46467,2_a5_2
46468,2_a5_2
46469,6_00_0
46470,4_00_0
46471,6_00_0
46472,6_00_0
46473,4_00_0
46474,5_b6_1
46475,2_00_0
46476,6_00_0
46477,3_b7_1
46478,3_a9_2
46479,3_00_0
46480,6_b4_3
46481,3_a9_1
46482,4_00_0
46483,5_b6_1
46484,3_00_0
46485,1_00_0
46486,4_00_0
46487,4_00_0
46488,3_a9_1
46489,3_b8_1
46490,3_00_0
46491,6_a11_1
46492,5_00_0
46493,4_00_0
46494,6_00_0
46495,6_00_0
46496,4_00_0
46497,5_b7_1
46498,5_b6_1
46499,3_00_0
46502,5_b8_1
46503,3_00_0
46505,3_00_0
46506,3_b3_1
46507,3_00_0
46508,3_b3_1
46509,4_00_0
46510,1_00_0
46511,6_b5_1
46512,4_00_0
46513,3_00_0
46515,3_a9_2
46516,3_b6_1
46517,1_00_0
46518,1_00_0
46519,3_b7_1
46520,3_a9_2
46521,6_00_0
46522,4_00_0
46523,4_00_0
46524,1_00_0
46525,4_00_0
46526,3_b8_1
46527,3_00_0
46528,4_00_0
46529,4_00_0
46530,1_00_0
46531,5_b8_1
46532,6_00_0
46533,6_00_0
46534,3_00_0
46535,5_b8_1
46536,3_00_0
46537,3_00_0
46538,4_00_0
46539,6_00_0
46540,6_00_0
46541,1_00_0
46542,3_b7_1
46543,4_00_0
46544,3_a9_2
46545,3_b6_1
46546,3_a9_2
46547,5_b6_1
46548,6_a11_1
46549,6_00_0
46550,3_00_0
46551,3_00_0
46552,2_00_0
46553,3_b7_1
46554,6_00_0
46555,4_00_0
46557,4_00_0
46558,4_00_0
46560,3_00_0
46561,3_00_0
46563,1_00_0
46564,3_00_0
46565,6_b4_1
46566,3_00_0
46568,1_00_0
46569,1_00_0
46570,1_00_0
46571,1_00_0
46572,6_00_0
46573,4_00_0
46574,3_b7_1
46575,3_00_0
46576,4_00_0
46577,5_00_0
46578,3_00_0
46579,5_b7_1
46580,5_b6_1
46581,3_b3_1
46583,3_00_0
46584,1_00_0
46585,6_00_0
46586,1_00_0
46587,5_00_0
46588,3_00_0
46589,6_00_0
46590,4_00_0
46591,6_00_0
46592,4_00_0
46593,6_00_0
46594,3_b3_1
46595,5_b7_1
46596,1_00_0
46597,1_00_0
46598,6_00_0
46599,5_a7_2
46600,5_b7_1
46601,3_b6_1
46602,4_00_0
46603,3_b8_1
46605,1_00_0
46606,6_00_0
46607,3_00_0
46608,6_00_0
46609,6_00_0
46610,3_00_0
46612,3_a9_2
46614,1_00_0
46616,3_b7_1
46617,3_b3_1
46618,6_00_0
46619,1_00_0
46620,3_a9_1
46621,4_00_0
46622,5_b6_1
46623,3_00_0
46624,3_b7_1
46625,3_00_0
46626,3_00_0
46628,4_00_0
46629,3_00_0
46630,6_00_0
46631,5_b7_1
46632,3_00_0
46633,1_00_0
46634,6_00_0
46635,4_00_0
46636,2_a5_2
46638,3_b6_1
46639,3_a9_1
46640,4_00_0
46641,3_a9_2
46642,1_00_0
46643,5_b6_1
46644,4_00_0
46646,1_00_0
46647,2_a5_2
46648,1_00_0
46649,4_00_0
46650,1_00_0
46651,4_00_0
46652,1_00_0
46653,3_00_0
46654,3_00_0
46655,3_b6_1
46656,4_00_0
46657,2_a5_2
46658,3_00_0
46659,6_00_0
46660,1_00_0
46661,6_00_0
46662,3_00_0
46664,1_00_0
46665,3_00_0
46666,3_b3_1
46667,3_00_0
46668,3_00_0
46669,5_b7_1
46670,3_00_0
46671,5_b7_1
46672,3_00_0
46673,3_a9_2
46675,3_00_0
46676,5_b7_1
46677,4_00_0
46678,3_b6_1
46679,4_00_0
46680,3_00_0
46682,1_00_0
46683,5_a7_2
46684,1_00_0
46685,4_00_0
46686,3_00_0
46687,1_00_0
46688,3_a9_1
46689,1_00_0
46690,4_00_0
46691,3_00_0
46692,4_00_0
46693,3_b6_1
46694,3_b3_1
46697,3_00_0
46698,3_b8_1
46699,6_00_0
46700,3_00_0
46702,4_00_0
46704,3_b3_1
46705,1_00_0
46706,3_00_0
46707,2_00_0
46708,3_a9_1
46709,3_a9_2
46710,4_00_0
46711,3_00_0
46712,4_00_0
46713,1_00_0
46714,4_00_0
46715,6_00_0
46716,4_00_0
46717,6_00_0
46718,3_a9_2
46719,3_00_0
46720,4_00_0
46721,1_00_0
46722,4_00_0
46725,4_00_0
46726,6_00_0
46727,4_00_0
46728,6_a12_2
46730,1_00_0
46731,4_00_0
46732,4_00_0
46733,3_a9_1
46734,1_00_0
46736,2_a5_2
46737,3_a9_1
46738,5_b6_1
46739,1_00_0
46740,4_00_0
46741,1_00_0
46742,1_00_0
46743,4_00_0
46744,1_00_0
46745,3_b8_1
46746,5_a7_2
46747,4_00_0
46748,4_00_0
46750,3_a9_1
46751,2_a5_2
46752,3_a9_1
46753,1_00_0
46754,4_00_0
46755,2_a5_2
46757,5_b8_1
46758,6_00_0
46759,6_00_0
46760,3_b6_1
46761,3_00_0
46762,1_00_0
46763,2_00_0
46764,3_00_0
46765,3_00_0
46766,4_00_0
46767,3_00_0
46768,1_00_0
46770,4_00_0
46771,3_00_0
46772,6_a11_1
46773,5_b7_1
46774,5_b8_1
46775,6_00_0
46776,4_00_0
46777,3_00_0
46778,4_00_0
46779,5_00_0
46780,3_00_0
46781,6_00_0
46782,3_a9_1
46783,3_00_0
46784,1_00_0
46785,1_00_0
46786,6_00_0
46787,6_00_0
46788,4_00_0
46789,3_00_0
46790,3_b7_1
46791,5_b6_1
46792,6_00_0
46793,3_00_0
46794,3_00_0
46796,3_00_0
46797,1_00_0
46798,3_00_0
46799,4_00_0
46800,3_00_0
46801,5_b6_1
46803,1_00_0
46804,5_a7_2
46805,6_00_0
46807,1_00_0
46808,3_00_0
46809,2_a5_2
46810,3_b3_1
46811,1_00_0
46812,3_00_0
46813,1_00_0
46814,2_a5_2
46815,3_a9_2
46816,3_a9_1
46817,1_00_0
46818,5_b6_1
46820,4_00_0
46821,5_a7_2
46822,3_b7_1
46823,6_00_0
46825,6_00_0
46826,4_00_0
46827,3_b8_1
46828,6_00_0
46829,6_00_0
46830,3_00_0
46831,6_00_0
46833,1_00_0
46834,1_00_0
46835,6_00_0
46836,4_00_0
46837,5_b7_1
46838,2_00_0
46839,5_b6_1
46840,2_00_0
46841,4_00_0
46842,3_00_0
46843,1_00_0
46844,3_a9_1
46845,3_00_0
46846,1_00_0
46847,2_a5_2
46848,6_a12_1
46849,1_00_0
46850,3_00_0
46851,3_b6_1
46852,6_00_0
46853,2_00_0
46856,2_a5_2
46857,2_00_0
46858,6_00_0
46860,3_b6_1
46861,6_b4_3
46862,4_00_0
46863,3_00_0
46866,4_00_0
46867,1_00_0
46868,4_00_0
46869,2_a5_2
46870,4_00_0
46871,3_a9_1
46872,6_00_0
46874,5_b8_1
46875,5_b8_1
46877,5_00_0
46879,3_00_0
46880,1_00_0
46881,3_00_0
46882,3_00_0
46884,3_00_0
46885,3_00_0
46886,1_00_0
46887,3_00_0
46888,5_b8_1
46889,3_00_0
46890,6_00_0
46892,6_00_0
46893,3_a9_2
46894,1_00_0
46895,3_00_0
46896,5_b8_1
46897,1_00_0
46898,3_00_0
46899,4_00_0
46900,3_00_0
46901,3_b8_1
46902,4_00_0
46903,3_b8_1
46904,6_00_0
46905,3_00_0
46906,4_00_0
46907,3_b6_1
46908,6_00_0
46909,3_00_0
46910,3_00_0
46911,5_00_0
46912,5_b7_1
46913,4_00_0
46915,1_00_0
46916,4_00_0
46917,3_a9_3
46918,3_00_0
46919,2_a5_2
46920,3_00_0
46921,3_b3_1
46922,3_00_0
46923,1_00_0
46924,1_00_0
46927,1_00_0
46928,3_a9_1
46929,3_00_0
46930,3_00_0
46932,3_00_0
46933,1_00_0
46934,1_00_0
46935,4_00_0
46936,4_00_0
46937,4_00_0
46938,1_00_0
46939,2_a5_2
46940,4_00_0
46941,6_00_0
46943,3_00_0
46944,3_b8_1
46945,1_00_0
46946,1_00_0
46947,6_00_0
46948,3_a9_1
46949,3_a9_1
46950,4_00_0
46951,3_b6_1
46952,3_00_0
46953,3_b6_1
46954,4_00_0
46955,3_b6_1
46956,6_00_0
46957,3_b3_1
46958,4_00_0
46959,5_b6_1
46960,1_00_0
46962,6_00_0
46963,4_00_0
46964,1_00_0
46965,3_a9_2
46966,6_00_0
46967,6_b4_1
46969,6_00_0
46970,6_00_0
46971,6_00_0
46972,1_00_0
46973,3_00_0
46974,3_b6_1
46975,3_00_0
46976,3_00_0
46977,6_00_0
46979,4_00_0
46980,3_b7_1
46981,6_00_0
46982,4_00_0
46983,3_00_0
46984,4_00_0
46986,6_00_0
46987,4_00_0
46988,3_b8_1
46989,6_00_0
46990,3_b7_1
46991,5_b8_1
46992,3_b6_1
46993,1_00_0
46994,6_00_0
46995,6_00_0
46996,3_00_0
46997,1_00_0
46998,6_00_0
46999,4_00_0
47000,3_00_0
47001,2_a5_2
47002,6_00_0
47003,3_b7_1
47004,3_b8_1
47005,6_00_0
47006,3_00_0
47007,3_a9_2
47008,4_00_0
47009,6_00_0
47010,6_00_0
47011,3_00_0
47014,6_00_0
47015,3_00_0
47016,1_00_0
47017,3_00_0
47018,2_00_0
47019,3_00_0
47020,3_00_0
47021,1_00_0
47022,1_00_0
47023,1_00_0
47024,6_a11_1
47027,4_00_0
47028,3_00_0
47029,5_b8_1
47030,2_00_0
47031,3_00_0
47032,3_00_0
47033,2_00_0
47034,4_00_0
47035,6_00_0
47036,6_00_0
47037,3_b7_1
47038,3_00_0
47040,5_b6_1
47041,1_00_0
47042,5_b8_1
47043,4_00_0
47044,3_00_0
47045,2_00_0
47046,4_00_0
47047,3_00_0
47048,6_00_0
47049,3_b6_1
47050,4_00_0
47051,3_00_0
47052,6_00_0
47053,4_00_0
47054,3_a9_1
47055,4_00_0
47056,1_00_0
47058,6_00_0
47059,6_00_0
47060,3_00_0
47062,3_00_0
47064,1_00_0
47065,1_00_0
47066,3_b7_1
47067,3_b6_1
47068,4_00_0
47069,5_b7_1
47070,6_a12_2
47071,3_00_0
47072,3_00_0
47073,5_b8_1
47074,3_00_0
47076,3_b6_1
47077,6_00_0
47078,3_b3_1
47079,3_00_0
47080,1_00_0
47081,3_00_0
47082,3_b8_1
47083,3_00_0
47084,1_00_0
47085,4_00_0
47086,3_b8_1
47087,1_00_0
47088,6_00_0
47089,3_00_0
47091,3_a9_1
47092,3_b7_1
47093,3_b7_1
47094,4_00_0
47095,3_a9_2
47096,6_00_0
47097,4_00_0
47098,6_00_0
47100,6_a11_1
47101,6_00_0
47102,6_00_0
47103,3_00_0
47104,3_b8_1
47105,5_b7_1
47106,6_a12_2
47107,5_a7_2
47108,3_00_0
47109,5_b6_1
47110,6_00_0
47112,2_00_0
47113,1_00_0
47115,4_00_0
47117,3_00_0
47118,1_00_0
47119,3_00_0
47121,3_00_0
47122,2_00_0
47123,6_00_0
47124,1_00_0
47125,5_b7_1
47126,3_00_0
47127,3_00_0
47128,5_b8_1
47129,3_b6_1
47130,3_b6_1
47131,6_00_0
47132,3_a9_2
47133,6_a11_1
47134,1_00_0
47135,1_00_0
47136,3_00_0
47137,5_b8_1
47139,4_00_0
47140,6_00_0
47141,5_b8_1
47142,1_00_0
47143,4_00_0
47144,6_a11_1
47145,4_00_0
47146,4_00_0
47147,2_a5_2
47148,1_00_0
47149,5_b7_1
47150,3_00_0
47151,3_00_0
47154,3_a9_2
47155,3_b3_1
47156,3_00_0
47157,3_00_0
47158,4_00_0
47159,1_00_0
47161,3_a9_2
47163,4_00_0
47164,3_b6_1
47165,3_b6_1
47166,3_b6_1
47167,4_00_0
47168,1_00_0
47169,1_00_0
47170,3_00_0
47171,3_b6_1
47172,3_00_0
47173,5_00_0
47174,3_00_0
47176,1_00_0
47177,5_b6_1
47180,3_b3_1
47181,3_00_0
47182,1_00_0
47183,5_b7_1
47184,6_00_0
47186,4_00_0
47187,3_00_0
47188,4_00_0
47189,1_00_0
47190,5_b6_1
47191,6_00_0
47193,4_00_0
47194,3_00_0
47195,4_00_0
47197,3_00_0
47198,3_b6_1
47199,3_a9_2
47200,1_00_0
47201,1_00_0
47202,5_b6_1
47203,5_b7_1
47204,4_00_0
47205,3_b7_1
47206,4_00_0
47207,1_00_0
47208,3_00_0
47209,4_00_0
47210,4_00_0
47211,1_00_0
47212,5_b6_1
47213,6_00_0
47214,2_a5_2
47216,3_00_0
47217,6_00_0
47218,6_00_0
47219,6_00_0
47220,1_00_0
47222,4_00_0
47223,5_b6_1
47224,3_00_0
47225,3_00_0
47226,3_a9_2
47227,6_00_0
47228,4_00_0
47229,3_b3_1
47230,3_a9_1
47231,2_00_0
47232,3_00_0
47233,3_b8_1
47235,2_a5_2
47236,1_00_0
47237,3_b3_1
47238,4_00_0
47239,1_00_0
47240,4_00_0
47241,6_00_0
47242,3_00_0
47243,2_00_0
47244,6_00_0
47245,4_00_0
47246,4_00_0
47247,6_00_0
47248,4_00_0
47249,3_00_0
47250,4_00_0
47251,3_a9_2
47252,3_00_0
47253,4_00_0
47254,6_00_0
47256,6_00_0
47257,3_00_0
47258,5_00_0
47259,3_00_0
47260,1_00_0
47261,4_00_0
47262,3_00_0
47263,6_a11_1
47264,6_00_0
47265,4_00_0
47267,2_a5_2
47268,2_a5_2
47269,4_00_0
47270,3_b7_1
47271,3_00_0
47272,4_00_0
47273,3_00_0
47275,3_b8_1
47276,3_00_0
47277,3_00_0
47279,6_00_0
47280,3_00_0
47281,6_00_0
47282,4_00_0
47283,3_00_0
47284,2_a5_2
47285,4_00_0
47287,3_00_0
47288,4_00_0
47289,3_a9_1
47290,3_00_0
47291,6_b4_1
47292,4_00_0
47294,3_a9_1
47295,3_00_0
47296,1_00_0
47297,3_00_0
47298,6_00_0
47299,3_b7_1
47300,3_a9_1
47301,3_00_0
47302,3_00_0
47303,3_00_0
47304,3_00_0
47305,1_00_0
47306,3_b3_1
47307,4_00_0
47308,1_00_0
47309,3_00_0
47310,4_00_0
47311,3_00_0
47312,4_00_0
47313,3_b3_1
47314,6_00_0
47315,3_00_0
47316,1_00_0
47317,3_00_0
47318,6_00_0
47320,5_b7_1
47321,4_00_0
47322,6_00_0
47323,2_a5_2
47324,6_00_0
47325,3_a9_2
47326,1_00_0
47329,1_00_0
47331,4_00_0
47333,1_00_0
47334,5_00_0
47335,3_00_0
47336,3_00_0
47337,1_00_0
47338,6_00_0
47340,1_00_0
47341,3_00_0
47342,3_00_0
47343,1_00_0
47344,4_00_0
47345,2_00_0
47347,6_00_0
47348,4_00_0
47349,4_00_0
47350,1_00_0
47351,2_00_0
47352,6_00_0
47353,3_00_0
47354,6_b4_3
47355,5_b7_1
47356,2_a5_2
47357,1_00_0
47358,1_00_0
47359,6_00_0
47360,4_00_0
47361,1_00_0
47362,6_a11_1
47363,3_00_0
47364,3_00_0
47365,3_a9_1
47366,2_a5_2
47367,2_a5_2
47368,6_00_0
47369,3_00_0
47370,3_a9_2
47371,6_00_0
47372,4_00_0
47373,3_b8_1
47374,3_b7_1
47375,6_a11_1
47376,3_a9_2
47377,3_00_0
47378,3_00_0
47379,4_00_0
47380,4_00_0
47381,3_00_0
47382,6_00_0
47383,4_00_0
47384,3_00_0
47385,3_00_0
47386,2_00_0
47387,4_00_0
47388,2_00_0
47389,5_a7_2
47390,6_00_0
47391,5_b8_1
47392,4_00_0
47393,5_00_0
47394,1_00_0
47395,2_00_0
47396,3_b6_1
47398,1_00_0
47399,1_00_0
47400,3_b3_1
47401,6_00_0
47402,3_a9_1
47403,6_00_0
47404,4_00_0
47406,2_00_0
47407,4_00_0
47408,5_b8_1
47409,2_a5_2
47411,5_b7_1
47412,3_00_0
47413,3_00_0
47414,3_a9_3
47415,5_00_0
47416,5_b7_1
47417,6_00_0
47418,1_00_0
47419,5_b7_1
47420,1_00_0
47421,3_00_0
47423,3_00_0
47424,2_00_0
47425,4_00_0
47426,4_00_0
47427,3_b8_1
47428,3_b8_1
47429,3_00_0
47430,3_00_0
47431,3_b7_1
47432,5_b8_1
47433,3_b8_1
47434,2_00_0
47435,4_00_0
47436,6_00_0
47437,3_00_0
47438,6_00_0
47439,3_00_0
47440,2_00_0
47441,3_00_0
47442,6_00_0
47443,5_b7_1
47444,6_00_0
47445,3_00_0
47446,4_00_0
47447,4_00_0
47448,5_b6_1
47449,3_00_0
47450,3_00_0
47452,6_00_0
47453,1_00_0
47454,3_00_0
47455,4_00_0
47456,3_b7_1
47457,1_00_0
47458,4_00_0
47459,4_00_0
47460,6_00_0
47461,3_b6_1
47462,1_00_0
47463,3_a9_2
47464,1_00_0
47465,6_b4_3
47466,4_00_0
47467,2_00_0
47468,6_00_0
47469,3_00_0
47470,3_a9_1
47471,3_b8_1
47472,6_00_0
47473,3_00_0
47474,2_a5_2
47475,6_00_0
47476,3_00_0
47477,3_b3_1
47479,4_00_0
47480,1_00_0
47481,3_00_0
47482,4_00_0
47483,6_00_0
47484,3_b7_1
47485,4_00_0
47486,3_00_0
47487,2_a5_2
47488,5_b7_1
47489,5_b6_1
47490,3_b3_1
47491,3_b7_1
47492,6_00_0
47493,3_00_0
47494,1_00_0
47495,5_a7_2
47496,5_b7_1
47497,4_00_0
47498,3_00_0
47499,3_b6_1
47500,3_a9_3
47501,2_00_0
47502,6_00_0
47503,1_00_0
47504,4_00_0
47505,3_00_0
47506,6_00_0
47507,5_b7_1
47508,5_b6_1
47509,4_00_0
47510,4_00_0
47511,4_00_0
47512,3_b6_1
47513,2_a5_2
47514,3_00_0
47515,6_00_0
47516,3_00_0
47517,3_00_0
47518,3_a9_1
47519,3_b7_1
47520,3_00_0
47521,3_a9_1
47522,3_00_0
47523,2_a5_2
47524,1_00_0
47525,3_00_0
47527,1_00_0
47528,6_00_0
47529,1_00_0
47531,1_00_0
47532,6_00_0
47533,4_00_0
47534,3_00_0
47536,5_a7_2
47537,3_00_0
47539,3_b6_1
47540,3_a9_2
47541,4_00_0
47542,5_a7_2
47543,5_b7_1
47544,3_a9_2
47545,3_00_0
47546,6_00_0
47547,3_b7_1
47548,6_00_0
47550,3_00_0
47551,3_00_0
47553,5_a7_2
47554,3_a9_1
47555,6_a12_2
47556,4_00_0
47557,3_00_0
47558,4_00_0
47559,3_00_0
47561,4_00_0
47562,1_00_0
47563,3_00_0
47564,1_00_0
47565,1_00_0
47566,6_a11_1
47567,6_00_0
47568,1_00_0
47569,5_b6_1
47570,5_b6_1
47571,3_00_0
47572,1_00_0
47574,4_00_0
47575,6_00_0
47576,6_a11_1
47577,3_b6_1
47578,3_00_0
47579,4_00_0
47580,3_00_0
47582,5_b6_1
47583,1_00_0
47584,6_00_0
47585,6_00_0
47586,6_00_0
47587,4_00_0
47588,5_b6_1
47589,1_00_0
47590,6_00_0
47591,6_00_0
47592,6_00_0
47593,3_b7_1
47594,5_b8_1
47597,3_00_0
47598,6_00_0
47599,5_b8_1
47600,3_00_0
47601,5_b6_1
47602,3_00_0
47603,6_00_0
47604,4_00_0
47605,3_00_0
47607,1_00_0
47608,1_00_0
47609,3_00_0
47610,4_00_0
47611,3_00_0
47612,3_a9_1
47613,3_00_0
47614,4_00_0
47615,3_00_0
47616,6_00_0
47617,3_00_0
47618,3_b8_1
47620,6_00_0
47621,3_00_0
47623,4_00_0
47625,3_00_0
47626,6_00_0
47627,5_b6_1
47628,4_00_0
47629,3_00_0
47630,6_00_0
47631,3_b3_1
47632,3_a9_1
47633,6_00_0
47634,1_00_0
47635,6_00_0
47636,1_00_0
47637,6_00_0
47638,3_a9_2
47639,1_00_0
47640,1_00_0
47641,5_b6_1
47642,3_00_0
47643,1_00_0
47644,5_b7_1
47645,3_a9_2
47646,3_a9_1
47647,4_00_0
47648,6_00_0
47649,1_00_0
47650,4_00_0
47651,6_00_0
47652,4_00_0
47653,4_00_0
47654,4_00_0
47655,4_00_0
47656,5_b6_1
47657,1_00_0
47658,3_00_0
47659,3_00_0
47660,3_00_0
47661,5_00_0
47662,6_00_0
47663,4_00_0
47664,2_00_0
47666,4_00_0
47667,3_00_0
47668,2_a5_2
47669,3_00_0
47670,6_00_0
47672,5_00_0
47673,6_b4_1
47674,1_00_0
47675,6_00_0
47677,6_00_0
47678,5_b6_1
47679,4_00_0
47680,4_00_0
47681,3_b3_1
47682,3_00_0
47683,3_00_0
47684,3_00_0
47686,1_00_0
47687,3_00_0
47688,1_00_0
47689,6_00_0
47690,3_a9_1
47691,4_00_0
47692,4_00_0
47693,6_00_0
47694,3_00_0
47695,3_b7_1
47697,3_00_0
47699,5_b7_1
47700,4_00_0
47701,3_b7_1
47702,3_a9_2
47703,3_b7_1
47704,1_00_0
47705,3_b8_1
47706,3_b7_1
47707,3_a9_2
47708,1_00_0
47709,3_00_0
47710,1_00_0
47711,5_b6_1
47712,3_a9_2
47713,6_00_0
47714,3_b3_1
47715,6_a12_2
47716,2_a5_2
47718,6_00_0
47719,6_b5_1
47720,4_00_0
47721,1_00_0
47722,6_00_0
47723,4_00_0
47724,6_00_0
47725,3_b6_1
47726,3_b3_1
47727,5_b8_1
47728,3_b8_1
47729,3_b7_1
47730,1_00_0
47732,4_00_0
47733,2_00_0
47734,1_00_0
47735,3_00_0
47736,6_00_0
47737,6_00_0
47738,6_00_0
47739,3_00_0
47740,1_00_0
47743,6_00_0
47744,4_00_0
47746,6_00_0
47747,1_00_0
47748,6_00_0
47749,4_00_0
47750,3_b7_1
47751,4_00_0
47752,1_00_0
47753,5_b7_1
47754,4_00_0
47755,1_00_0
47756,6_00_0
47757,6_00_0
47758,1_00_0
47759,3_a9_1
47760,4_00_0
47761,3_00_0
47763,1_00_0
47765,6_00_0
47766,4_00_0
47767,4_00_0
47769,1_00_0
47770,1_00_0
47771,6_00_0
47772,5_b7_1
47773,6_00_0
47774,5_00_0
47776,4_00_0
47777,6_00_0
47778,3_00_0
47779,3_b6_1
47780,1_00_0
47781,3_b6_1
47782,1_00_0
47783,1_00_0
47785,6_a12_2
47786,3_00_0
47787,5_b7_1
47789,4_00_0
47790,6_00_0
47791,6_00_0
47792,3_b3_1
47793,6_00_0
47794,3_b8_1
47795,5_00_0
47796,3_00_0
47797,1_00_0
47798,4_00_0
47799,6_00_0
47800,1_00_0
47801,1_00_0
47802,1_00_0
47803,3_00_0
47804,3_00_0
47805,3_00_0
47806,5_b6_1
47807,3_b8_1
47809,3_b7_1
47810,3_00_0
47812,3_a9_1
47813,3_b6_1
47814,6_00_0
47815,3_00_0
47816,3_a9_3
47817,3_00_0
47818,6_00_0
47819,3_00_0
47821,1_00_0
47822,3_00_0
47823,6_00_0
47824,3_00_0
47825,3_00_0
47826,1_00_0
47827,3_a9_1
47828,6_00_0
47830,4_00_0
47831,5_b6_1
47832,4_00_0
47833,6_00_0
47834,4_00_0
47835,6_00_0
47836,3_00_0
47837,6_00_0
47838,1_00_0
47839,4_00_0
47840,1_00_0
47841,3_00_0
47842,1_00_0
47843,5_b7_1
47844,3_00_0
47845,5_b6_1
47846,6_a12_2
47847,6_a11_1
47848,3_00_0
47849,3_00_0
47850,2_00_0
47851,1_00_0
47852,3_b7_1
47853,3_00_0
47854,3_00_0
47855,2_a5_2
47856,3_00_0
47857,5_b7_1
47858,1_00_0
47859,1_00_0
47861,3_00_0
47863,6_00_0
47864,1_00_0
47865,3_b6_1
47866,1_00_0
47867,6_00_0
47868,3_00_0
47869,3_00_0
47870,3_00_0
47871,3_00_0
47872,6_00_0
47873,3_00_0
47874,4_00_0
47875,5_b7_1
47876,4_00_0
47877,5_b6_1
47878,6_b5_1
47879,3_00_0
47880,1_00_0
47881,1_00_0
47883,3_b7_1
47884,1_00_0
47885,1_00_0
47886,6_00_0
47887,2_00_0
47889,1_00_0
47890,3_a9_1
47891,2_00_0
47892,3_a9_1
47893,3_00_0
47895,3_00_0
47896,1_00_0
47897,6_00_0
47898,6_00_0
47899,3_b6_1
47900,4_00_0
47901,3_a9_2
47902,3_00_0
47903,3_00_0
47904,3_00_0
47906,3_b8_1
47907,3_b7_1
47908,1_00_0
47910,5_b7_1
47911,4_00_0
47912,1_00_0
47913,3_a9_2
47914,1_00_0
47915,5_b8_1
47917,3_00_0
47918,3_a9_2
47919,1_00_0
47920,6_00_0
47921,3_00_0
47922,3_b6_1
47923,4_00_0
47924,2_a5_2
47925,4_00_0
47926,4_00_0
47927,3_00_0
47928,5_a7_2
47929,3_00_0
47931,6_00_0
47932,2_a5_2
47935,3_00_0
47936,1_00_0
47937,4_00_0
47938,3_b8_1
47939,3_00_0
47940,4_00_0
47941,5_b8_1
47942,5_00_0
47943,1_00_0
47944,1_00_0
47945,5_00_0
47946,4_00_0
47948,4_00_0
47949,1_00_0
47950,3_00_0
47951,4_00_0
47952,1_00_0
47953,1_00_0
47954,5_b6_1
47955,3_b3_1
47957,4_00_0
47958,4_00_0
47960,1_00_0
47961,3_a9_1
47962,4_00_0
47963,4_00_0
47964,3_00_0
47965,4_00_0
47966,1_00_0
47967,5_b7_1
47968,3_a9_2
47969,3_00_0
47970,4_00_0
47971,5_b8_1
47972,1_00_0
47974,1_00_0
47975,3_00_0
47976,3_00_0
47977,1_00_0
47978,3_00_0
47979,1_00_0
47980,6_00_0
47981,3_00_0
47982,3_00_0
47983,1_00_0
47984,1_00_0
47985,3_00_0
47986,3_00_0
47987,5_b7_1
47988,3_00_0
47990,3_a9_2
47991,3_a9_1
47992,1_00_0
47993,3_00_0
47994,3_b3_1
47996,1_00_0
47997,6_00_0
47998,1_00_0
47999,3_a9_1
48000,3_00_0
48001,3_b7_1
48002,3_b8_1
48003,3_a9_1
48004,4_00_0
48005,1_00_0
48006,4_00_0
48007,1_00_0
48008,6_00_0
48009,3_a9_1
48010,3_00_0
48011,1_00_0
48012,5_00_0
48013,1_00_0
48015,4_00_0
48016,5_b7_1
48017,3_a9_1
48019,4_00_0
48020,3_b7_1
48021,6_00_0
48022,1_00_0
48023,3_b6_1
48024,6_00_0
48025,3_b8_1
48026,5_00_0
48027,6_00_0
48028,6_00_0
48029,1_00_0
48030,1_00_0
48031,4_00_0
48032,3_00_0
48033,3_b7_1
48034,2_00_0
48035,3_b3_1
48036,6_00_0
48040,1_00_0
48041,6_00_0
48042,5_a7_2
48043,3_b6_1
48044,1_00_0
48045,3_a9_2
48046,3_00_0
48047,4_00_0
48048,6_00_0
48049,6_00_0
48050,1_00_0
48051,3_a9_2
48053,4_00_0
48054,1_00_0
48055,4_00_0
48056,5_b7_1
48057,1_00_0
48058,4_00_0
48059,5_a7_2
48060,6_00_0
48061,2_00_0
48062,3_00_0
48063,3_00_0
48064,4_00_0
48065,6_00_0
48066,6_a12_2
48067,5_00_0
48068,4_00_0
48069,6_00_0
48070,1_00_0
48072,3_a9_2
48073,2_a5_2
48074,3_b3_1
48075,1_00_0
48076,5_b7_1
48077,6_00_0
48078,4_00_0
48079,5_b6_1
48080,4_00_0
48082,3_00_0
48083,3_a9_1
48084,3_00_0
48086,5_a7_2
48087,1_00_0
48088,1_00_0
48090,6_00_0
48091,3_b3_1
48092,3_00_0
48093,3_00_0
48094,5_b8_1
48096,1_00_0
48098,3_00_0
48099,5_b6_1
48100,3_00_0
48101,3_b8_1
48102,3_00_0
48103,6_00_0
48104,6_00_0
48105,1_00_0
48106,5_b8_1
48107,5_b7_1
48108,6_a11_1
48109,6_00_0
48110,6_00_0
48111,3_a9_2
48112,4_00_0
48113,1_00_0
48114,1_00_0
48115,6_00_0
48116,6_00_0
48117,4_00_0
48118,3_b7_1
48120,3_00_0
48121,6_a12_2
48122,3_00_0
48123,4_00_0
48124,6_a11_1
48125,6_00_0
48126,4_00_0
48127,5_a7_2
48128,3_00_0
48129,3_b8_1
48130,3_00_0
48131,4_00_0
48132,2_a5_2
48134,4_00_0
48135,6_00_0
48136,1_00_0
48137,3_00_0
48138,5_b6_1
48139,3_a9_2
48140,4_00_0
48141,4_00_0
48142,3_00_0
48143,4_00_0
48144,3_b3_1
48145,4_00_0
48146,5_b7_1
48147,5_a7_2
48148,3_b6_1
48149,4_00_0
48150,1_00_0
48152,4_00_0
48153,6_00_0
48154,3_00_0
48155,3_b3_1
48156,6_00_0
48157,4_00_0
48158,6_00_0
48159,3_b7_1
48160,3_00_0
48161,2_a5_2
48162,4_00_0
48163,3_a9_1
48164,3_00_0
48165,3_00_0
48166,3_00_0
48167,3_00_0
48168,3_a9_2
48169,3_00_0
48170,6_00_0
48171,3_b8_1
48172,6_00_0
48173,3_b3_1
48174,3_00_0
48175,1_00_0
48176,3_b8_1
48177,4_00_0
48178,5_00_0
48179,3_b8_1
48181,3_00_0
48182,4_00_0
48183,4_00_0
48184,3_00_0
48185,3_00_0
48186,3_b3_1
48188,3_b8_1
48189,5_b7_1
48190,3_00_0
48191,3_a9_1
48192,1_00_0
48193,3_b8_1
48194,4_00_0
48195,5_b7_1
48196,6_00_0
48197,3_00_0
48198,3_a9_2
48199,3_00_0
48200,4_00_0
48201,3_00_0
48202,4_00_0
48203,3_00_0
48204,4_00_0
48205,1_00_0
48206,3_b8_1
48210,4_00_0
48211,3_00_0
48213,6_00_0
48215,2_00_0
48216,3_00_0
48217,4_00_0
48219,3_b3_1
48220,3_a9_1
48221,1_00_0
48222,6_00_0
48223,6_b5_1
48224,1_00_0
48225,2_00_0
48226,1_00_0
48227,4_00_0
48228,3_b7_1
48229,3_b3_1
48230,4_00_0
48231,4_00_0
48232,1_00_0
48233,3_b3_1
48234,5_b8_1
48235,4_00_0
48236,6_b4_1
48237,4_00_0
48238,2_00_0
48239,3_00_0
48240,1_00_0
48241,4_00_0
48242,4_00_0
48243,3_00_0
48244,3_b7_1
48245,4_00_0
48246,1_00_0
48247,5_a7_2
48249,3_a9_1
48250,6_00_0
48251,5_b6_1
48253,1_00_0
48254,6_00_0
48255,3_a9_1
48257,3_00_0
48258,6_a12_2
48259,3_00_0
48260,3_a9_2
48261,4_00_0
48262,3_00_0
48263,3_a9_2
48264,4_00_0
48265,6_00_0
48268,6_00_0
48269,6_00_0
48270,5_b8_1
48271,6_a12_2
48272,5_b7_1
48273,2_a5_2
48274,1_00_0
48275,3_b3_1
48276,3_00_0
48277,6_b4_1
48278,3_a9_1
48279,3_a9_2
48280,3_b8_1
48281,5_b7_1
48282,3_00_0
48283,2_a5_2
48284,1_00_0
48286,2_a5_2
48287,5_b6_1
48288,3_00_0
48289,6_00_0
48290,5_b6_1
48291,5_a7_2
48292,6_00_0
48293,6_00_0
48294,3_a9_2
48295,5_00_0
48296,4_00_0
48297,3_b3_1
48299,6_00_0
48300,2_a5_2
48301,5_b7_1
48302,1_00_0
48304,4_00_0
48305,6_00_0
48306,5_b6_1
48307,1_00_0
48308,4_00_0
48309,3_b3_1
48310,4_00_0
48311,5_b6_1
48312,4_00_0
48313,3_b3_1
48314,3_b8_1
48315,2_00_0
48316,3_00_0
48317,3_00_0
48318,5_00_0
48319,6_00_0
48320,3_00_0
48321,2_a5_2
48322,3_00_0
48323,5_00_0
48324,3_a9_1
48325,4_00_0
48326,6_a11_1
48327,3_00_0
48329,3_a9_2
48330,1_00_0
48331,3_a9_2
48332,3_00_0
48333,2_a5_2
48334,6_00_0
48335,3_00_0
48336,6_00_0
48337,4_00_0
48338,1_00_0
48339,5_b7_1
48341,3_b7_1
48342,3_00_0
48343,1_00_0
48344,3_a9_2
48345,3_00_0
48346,6_a12_1
48347,2_a5_2
48348,3_00_0
48350,3_00_0
48351,6_00_0
48352,3_00_0
48353,3_b3_1
48354,1_00_0
48355,1_00_0
48356,5_b6_1
48357,3_a9_1
48358,4_00_0
48359,3_00_0
48360,6_a11_1
48361,3_b6_1
48362,3_00_0
48363,3_b8_1
48364,3_00_0
48366,5_b7_1
48367,3_00_0
48368,3_b3_1
48369,1_00_0
48370,3_a9_3
48371,3_00_0
48372,6_00_0
48373,1_00_0
48374,5_b7_1
48375,1_00_0
48376,3_b6_1
48377,4_00_0
48379,3_00_0
48380,6_00_0
48381,4_00_0
48382,6_00_0
48383,3_00_0
48384,3_00_0
48385,6_00_0
48386,5_b6_1
48387,4_00_0
48388,3_00_0
48389,5_b8_1
48390,1_00_0
48391,3_00_0
48393,3_00_0
48394,3_a9_1
48395,5_00_0
48396,6_00_0
48397,1_00_0
48398,4_00_0
48399,2_00_0
48401,4_00_0
48402,3_00_0
48403,3_b3_1
48404,5_a7_2
48405,3_00_0
48406,6_00_0
48407,1_00_0
48408,4_00_0
48409,3_00_0
48410,1_00_0
48411,1_00_0
48412,3_00_0
48413,1_00_0
48414,4_00_0
48415,4_00_0
48416,2_a5_2
48417,3_a9_3
48418,3_b3_1
48419,6_00_0
48420,3_b7_1
48421,3_00_0
48422,6_00_0
48423,5_b7_1
48424,4_00_0
48425,4_00_0
48426,4_00_0
48427,5_b6_1
48428,3_00_0
48429,6_00_0
48430,3_b8_1
48431,4_00_0
48432,4_00_0
48433,6_b5_1
48434,5_b6_1
48435,6_00_0
48436,3_00_0
48438,4_00_0
48439,4_00_0
48440,4_00_0
48441,1_00_0
48442,1_00_0
48444,3_a9_1
48445,3_a9_2
48446,6_00_0
48447,3_b8_1
48448,3_00_0
48449,3_b6_1
48450,4_00_0
48451,3_00_0
48453,3_00_0
48454,6_00_0
48455,6_00_0
48456,3_b3_1
48458,1_00_0
48459,3_00_0
48460,3_00_0
48461,3_b6_1
48463,2_a5_2
48464,6_00_0
48466,4_00_0
48467,4_00_0
48468,5_b7_1
48469,6_00_0
48470,3_00_0
48471,3_a9_1
48472,3_a9_3
48473,5_a7_2
48474,6_00_0
48475,4_00_0
48477,5_b7_1
48478,3_00_0
48479,4_00_0
48480,4_00_0
48481,3_00_0
48482,3_a9_2
48483,1_00_0
48484,2_a5_2
48486,6_a11_1
48487,4_00_0
48488,4_00_0
48489,4_00_0
48491,2_00_0
48492,6_00_0
48493,3_00_0
48494,6_00_0
48495,1_00_0
48496,2_a5_2
48497,6_00_0
48498,3_b3_1
48499,3_00_0
48500,2_00_0
48502,4_00_0
48503,4_00_0
48504,3_00_0
48505,5_b8_1
48506,6_00_0
48507,3_b6_1
48509,3_00_0
48510,3_00_0
48511,6_00_0
48512,5_b6_1
48513,3_b6_1
48514,4_00_0
48515,5_b6_1
48517,6_00_0
48518,3_b6_1
48519,4_00_0
48520,3_00_0
48521,3_00_0
48522,1_00_0
48523,3_00_0
48524,3_b3_1
48526,2_a5_2
48528,6_00_0
48529,3_00_0
48530,4_00_0
48532,3_00_0
48533,4_00_0
48534,4_00_0
48535,3_a9_2
48536,4_00_0
48537,1_00_0
48538,3_00_0
48539,6_00_0
48540,6_00_0
48541,3_00_0
48542,1_00_0
48543,4_00_0
48544,6_00_0
48546,6_00_0
48547,3_00_0
48548,3_b8_1
48549,1_00_0
48550,5_b6_1
48551,1_00_0
48552,3_00_0
48553,5_b8_1
48554,3_00_0
48555,4_00_0
48557,6_00_0
48558,2_00_0
48559,5_b7_1
48561,4_00_0
48562,5_b7_1
48563,4_00_0
48564,3_b7_1
48565,5_b7_1
48566,2_a5_2
48567,3_a9_2
48568,5_b7_1
48569,3_b3_1
48570,3_b3_1
48571,5_a7_2
48572,4_00_0
48573,3_b8_1
48574,1_00_0
48575,2_a5_2
48576,6_00_0
48577,3_00_0
48578,1_00_0
48579,4_00_0
48580,3_a9_1
48582,4_00_0
48583,4_00_0
48584,1_00_0
48585,5_b6_1
48586,6_00_0
48588,3_a9_2
48589,3_b8_1
48590,3_00_0
48591,1_00_0
48592,3_00_0
48593,3_00_0
48594,3_00_0
48596,5_00_0
48597,2_a5_2
48598,4_00_0
48599,5_b7_1
48600,3_00_0
48602,3_00_0
48603,4_00_0
48605,3_00_0
48606,3_00_0
48607,3_b3_1
48608,6_00_0
48609,1_00_0
48610,5_00_0
48611,4_00_0
48612,3_00_0
48613,3_00_0
48614,1_00_0
48615,5_a7_2
48616,3_b6_1
48617,3_a9_1
48618,6_00_0
48621,5_a7_2
48622,4_00_0
48624,3_00_0
48625,6_00_0
48626,4_00_0
48628,3_a9_1
48629,4_00_0
48630,3_00_0
48631,4_00_0
48632,3_00_0
48633,4_00_0
48634,6_00_0
48635,5_b7_1
48636,6_a12_1
48637,1_00_0
48638,3_b6_1
48639,1_00_0
48641,4_00_0
48642,6_00_0
48643,1_00_0
48644,6_00_0
48645,5_00_0
48646,4_00_0
48647,3_00_0
48648,1_00_0
48649,3_b3_1
48650,6_00_0
48651,1_00_0
48652,4_00_0
48653,4_00_0
48655,6_00_0
48656,5_00_0
48657,3_00_0
48658,3_a9_2
48659,6_00_0
48660,4_00_0
48661,6_00_0
48662,2_00_0
48663,3_a9_1
48664,3_a9_2
48665,3_a9_1
48667,4_00_0
48668,6_00_0
48670,1_00_0
48673,6_00_0
48674,4_00_0
48675,3_a9_2
48676,3_00_0
48677,3_00_0
48678,4_00_0
48680,1_00_0
48681,5_b6_1
48682,2_a5_2
48683,3_b7_1
48684,3_b8_1
48685,6_00_0
48686,5_b7_1
48687,1_00_0
48688,4_00_0
48690,5_b8_1
48691,5_b7_1
48692,1_00_0
48693,2_00_0
48694,3_a9_2
48695,3_00_0
48696,5_b7_1
48697,3_b6_1
48698,3_00_0
48699,4_00_0
48701,6_a12_2
48702,1_00_0
48703,5_a7_2
48704,6_00_0
48705,1_00_0
48706,6_00_0
48707,4_00_0
48708,4_00_0
48709,6_00_0
48710,1_00_0
48711,6_a11_1
48712,5_b8_1
48713,3_b6_1
48714,5_b6_1
48715,6_00_0
48717,3_00_0
48718,3_00_0
48719,3_b6_1
48720,3_b3_1
48721,3_b6_1
48722,3_b8_1
48723,1_00_0
48724,4_00_0
48726,4_00_0
48727,1_00_0
48729,3_00_0
48730,3_b3_1
48731,5_b8_1
48732,2_a5_2
48734,3_b3_1
48735,1_00_0
48736,4_00_0
48737,4_00_0
48738,2_00_0
48739,4_00_0
48740,1_00_0
48741,5_00_0
48743,3_00_0
48744,6_00_0
48745,1_00_0
48746,6_00_0
48747,4_00_0
48748,3_a9_2
48749,6_00_0
48750,2_a5_2
48751,3_00_0
48752,1_00_0
48753,5_a7_2
48754,6_00_0
48755,3_00_0
48756,5_a7_2
48757,3_00_0
48758,3_00_0
48759,6_00_0
48760,3_00_0
48761,6_00_0
48762,6_a12_2
48763,4_00_0
48764,4_00_0
48765,6_b4_1
48766,6_00_0
48767,3_00_0
48768,4_00_0
48769,4_00_0
48770,3_00_0
48771,1_00_0
48772,6_00_0
48773,3_00_0
48775,5_b6_1
48776,3_00_0
48777,4_00_0
48778,3_00_0
48779,6_00_0
48780,3_a9_2
48781,3_00_0
48783,6_00_0
48785,3_00_0
48786,1_00_0
48787,1_00_0
48788,2_00_0
48789,3_a9_2
48790,6_00_0
48791,5_a7_2
48792,2_a5_2
48793,4_00_0
48794,2_00_0
48795,6_00_0
48796,3_b8_1
48797,4_00_0
48799,3_00_0
48800,3_00_0
48802,4_00_0
48803,1_00_0
48804,3_00_0
48805,3_00_0
48806,1_00_0
48807,4_00_0
48808,5_b8_1
48809,6_00_0
48810,5_b6_1
48812,5_b8_1
48813,3_00_0
48814,3_00_0
48815,5_b7_1
48817,3_b7_1
48818,3_00_0
48819,3_a9_2
48820,4_00_0
48821,4_00_0
48822,3_b6_1
48823,3_a9_2
48824,3_b8_1
48825,4_00_0
48826,3_00_0
48827,3_b7_1
48828,1_00_0
48830,1_00_0
48831,5_b8_1
48832,6_00_0
48833,4_00_0
48834,3_a9_1
48835,6_00_0
48836,3_00_0
48837,6_00_0
48838,3_a9_1
48839,4_00_0
48841,3_00_0
48842,6_00_0
48843,4_00_0
48844,3_00_0
48846,3_00_0
48847,2_a5_2
48848,1_00_0
48849,3_00_0
48850,5_b8_1
48851,4_00_0
48852,3_00_0
48853,6_00_0
48854,6_00_0
48855,4_00_0
48856,3_a9_2
48857,4_00_0
48859,6_00_0
48860,1_00_0
48861,3_00_0
48862,3_b6_1
48864,3_a9_1
48865,3_00_0
48866,6_00_0
48867,2_a5_2
48868,6_00_0
48869,3_00_0
48870,3_00_0
48872,1_00_0
48873,6_00_0
48874,4_00_0
48875,1_00_0
48876,6_00_0
48877,2_00_0
48878,4_00_0
48879,4_00_0
48880,1_00_0
48881,5_b7_1
48882,1_00_0
48883,3_a9_2
48885,3_b3_1
48886,5_00_0
48888,4_00_0
48889,3_00_0
48890,4_00_0
48891,3_00_0
48892,3_a9_2
48894,6_00_0
48896,4_00_0
48897,3_b8_1
48898,6_00_0
48901,3_00_0
48902,6_00_0
48903,3_b3_1
48904,6_a11_1
48905,5_b7_1
48906,1_00_0
48907,5_b8_1
48908,3_b3_1
48909,4_00_0
48910,3_a9_1
48911,4_00_0
48912,3_00_0
48913,6_00_0
48914,1_00_0
48915,5_b8_1
48916,3_00_0
48917,3_a9_2
48918,6_00_0
48919,6_00_0
48920,1_00_0
48921,3_a9_1
48922,3_a9_1
48923,3_b7_1
48924,5_00_0
48925,3_00_0
48926,2_a5_2
48927,2_00_0
48928,3_b3_1
48929,6_00_0
48930,3_00_0
48931,1_00_0
48932,3_00_0
48933,5_a7_2
48934,6_00_0
48935,2_a5_2
48936,3_00_0
48937,6_00_0
48938,1_00_0
48939,3_b6_1
48940,5_a7_2
48941,3_00_0
48942,1_00_0
48944,5_b7_1
48945,6_00_0
48946,6_00_0
48947,6_a12_1
48948,1_00_0
48949,1_00_0
48950,4_00_0
48951,3_00_0
48952,6_00_0
48953,6_a12_2
48954,4_00_0
48955,3_00_0
48956,3_b8_1
48958,1_00_0
48959,4_00_0
48960,4_00_0
48961,3_a9_1
48962,2_a5_2
48963,5_b6_1
48964,3_a9_1
48965,3_a9_1
48966,3_a9_1
48967,5_b8_1
48968,6_00_0
48969,3_00_0
48970,4_00_0
48972,3_00_0
48973,5_b7_1
48974,2_00_0
48975,6_00_0
48976,6_00_0
48977,3_00_0
48978,3_00_0
48979,5_b7_1
48980,5_b7_1
48981,3_00_0
48982,1_00_0
48983,4_00_0
48984,1_00_0
48986,2_00_0
48987,6_00_0
48988,4_00_0
48989,6_00_0
48990,3_00_0
48991,1_00_0
48992,3_00_0
48994,3_00_0
48995,6_00_0
48996,3_a9_2
48997,3_00_0
48999,6_00_0
49000,5_b7_1
49001,4_00_0
49002,5_b8_1
49003,6_00_0
49004,3_b8_1
49005,6_a11_1
49006,5_b8_1
49007,3_a9_3
49008,4_00_0
49009,6_00_0
49010,6_00_0
49011,3_00_0
49013,3_00_0
49014,3_00_0
49015,3_00_0
49016,1_00_0
49017,3_00_0
49019,5_b7_1
49021,3_00_0
49022,3_b3_1
49023,3_00_0
49024,3_00_0
49025,5_b8_1
49026,6_00_0
49027,6_00_0
49028,4_00_0
49029,3_00_0
49030,6_00_0
49031,2_00_0
49033,5_b7_1
49034,3_00_0
49035,3_00_0
49036,1_00_0
49037,4_00_0
49038,5_b6_1
49039,6_00_0
49041,3_a9_1
49042,4_00_0
49044,3_00_0
49045,3_00_0
49046,3_00_0
49047,4_00_0
49048,2_00_0
49049,5_b7_1
49050,3_b8_1
49051,5_b7_1
49052,5_a7_2
49053,3_a9_1
49054,5_b7_1
49055,5_b7_1
49056,4_00_0
49057,1_00_0
49058,6_00_0
49060,3_a9_2
49061,2_00_0
49062,4_00_0
49063,4_00_0
49064,3_00_0
49065,3_b6_1
49066,3_a9_1
49067,3_b3_1
49068,3_00_0
49070,3_00_0
49071,1_00_0
49072,6_00_0
49073,1_00_0
49074,1_00_0
49075,6_00_0
49076,3_a9_2
49077,5_b8_1
49078,1_00_0
49079,4_00_0
49080,3_00_0
49081,6_00_0
49082,3_b7_1
49083,3_00_0
49084,6_a11_1
49085,4_00_0
49086,6_00_0
49087,1_00_0
49088,6_00_0
49089,1_00_0
49090,4_00_0
49091,4_00_0
49092,3_00_0
49094,3_00_0
49095,6_00_0
49096,6_a11_1
49097,3_00_0
49098,4_00_0
49099,6_a11_1
49100,3_00_0
49101,4_00_0
49102,3_b6_1
49103,3_00_0
49104,1_00_0
49105,4_00_0
49106,6_00_0
49107,1_00_0
49108,1_00_0
49110,3_00_0
49112,3_b3_1
49113,4_00_0
49114,5_b8_1
49115,4_00_0
49116,4_00_0
49117,6_00_0
49118,3_00_0
49120,6_00_0
49121,1_00_0
49122,3_00_0
49123,4_00_0
49124,3_00_0
49125,6_00_0
49126,3_b3_1
49127,3_a9_2
49128,4_00_0
49129,3_00_0
49130,4_00_0
49131,3_b7_1
49132,6_00_0
49133,3_b7_1
49134,4_00_0
49135,2_00_0
49136,1_00_0
49137,3_b6_1
49138,1_00_0
49139,4_00_0
49140,3_00_0
49141,5_00_0
49142,4_00_0
49143,4_00_0
49144,5_b8_1
49145,1_00_0
49147,3_00_0
49148,5_b8_1
49149,3_b3_1
49150,4_00_0
49151,3_00_0
49152,3_b8_1
49153,6_00_0
49154,5_a7_2
49155,3_00_0
49156,4_00_0
49157,4_00_0
49158,3_00_0
49159,4_00_0
49160,1_00_0
49161,3_b6_1
49163,4_00_0
49164,4_00_0
49165,3_b7_1
49166,4_00_0
49167,3_b8_1
49168,3_b3_1
49169,5_b6_1
49170,3_00_0
49171,5_b7_1
49172,3_00_0
49173,4_00_0
49174,3_b3_1
49176,5_b7_1
49177,3_00_0
49178,3_00_0
49181,3_b6_1
49182,3_00_0
49183,4_00_0
49184,3_00_0
49185,3_b7_1
49186,6_00_0
49187,3_00_0
49188,3_a9_1
49189,3_b3_1
49190,1_00_0
49191,6_00_0
49193,3_00_0
49194,6_00_0
49196,6_00_0
49197,3_a9_2
49198,2_00_0
49199,3_b6_1
49200,5_a7_2
49201,3_00_0
49202,3_b6_1
49203,1_00_0
49204,3_b7_1
49206,3_a9_2
49207,3_a9_1
49208,3_a9_2
49209,4_00_0
49210,5_b7_1
49211,3_a9_1
49212,5_b8_1
49213,4_00_0
49214,5_b7_1
49215,4_00_0
49216,3_b7_1
49217,6_00_0
49218,3_00_0
49219,5_b8_1
49220,6_00_0
49221,6_00_0
49222,4_00_0
49223,3_00_0
49224,3_00_0
49225,4_00_0
49226,3_b6_1
49228,5_b6_1
49229,3_a9_1
49230,5_b8_1
49231,1_00_0
49232,6_a11_2
49233,4_00_0
49234,4_00_0
49236,6_00_0
49237,5_b6_1
49238,6_00_0
49239,3_a9_2
49241,1_00_0
49242,1_00_0
49243,3_a9_2
49244,3_00_0
49246,3_00_0
49248,4_00_0
49250,4_00_0
49251,5_b7_1
49253,3_b7_1
49254,5_b8_1
49255,1_00_0
49256,3_00_0
49257,5_00_0
49258,3_a9_2
49259,3_00_0
49260,3_a9_2
49261,3_b8_1
49262,4_00_0
49263,1_00_0
49264,3_b6_1
49265,3_00_0
49266,4_00_0
49267,3_00_0
49269,4_00_0
49271,3_00_0
49272,6_00_0
49273,5_b7_1
49275,1_00_0
49276,4_00_0
49278,3_a9_1
49279,1_00_0
49280,4_00_0
49281,2_00_0
49282,6_00_0
49283,3_b8_1
49284,6_a12_1
49285,1_00_0
49286,3_b3_1
49287,3_a9_2
49288,6_00_0
49291,3_a9_3
49292,6_a12_2
49293,3_b3_1
49294,5_a7_2
49295,1_00_0
49296,6_00_0
49297,4_00_0
49298,3_00_0
49299,3_00_0
49300,3_a9_2
49301,6_00_0
49302,5_b7_1
49303,3_a9_1
49304,6_00_0
49305,6_00_0
49306,5_b7_1
49307,3_00_0
49308,3_00_0
49310,3_a9_2
49311,6_00_0
49312,4_00_0
49313,1_00_0
49314,6_00_0
49315,4_00_0
49316,5_b8_1
49317,4_00_0
49318,3_b6_1
49319,1_00_0
49320,3_a9_1
49321,3_00_0
49322,4_00_0
49323,3_b3_1
49324,3_00_0
49325,6_00_0
49327,4_00_0
49328,1_00_0
49329,6_00_0
49330,1_00_0
49331,4_00_0
49332,5_b6_1
49333,1_00_0
49334,1_00_0
49335,4_00_0
49336,3_b3_1
49337,4_00_0
49338,1_00_0
49340,6_00_0
49341,5_a7_2
49342,6_00_0
49343,6_00_0
49344,4_00_0
49345,3_a9_1
49347,4_00_0
49348,3_00_0
49349,4_00_0
49350,3_b7_1
49351,2_00_0
49352,5_b6_1
49353,3_b6_1
49354,1_00_0
49355,3_00_0
49356,3_a9_2
49357,1_00_0
49358,6_00_0
49360,3_00_0
49361,3_a9_2
49362,6_00_0
49363,5_b8_1
49364,1_00_0
49365,3_a9_1
49366,6_00_0
49367,1_00_0
49368,3_a9_2
49369,1_00_0
49370,6_00_0
49371,5_b8_1
49372,3_00_0
49373,1_00_0
49374,6_a11_1
49375,1_00_0
49376,1_00_0
49377,3_b8_1
49378,3_a9_2
49379,3_00_0
49380,5_a7_2
49381,3_00_0
49382,3_b6_1
49384,3_00_0
49385,1_00_0
49386,5_a7_2
49387,3_00_0
49389,1_00_0
49390,3_b6_1
49391,6_a12_2
49392,6_00_0
49394,3_00_0
49395,4_00_0
49396,6_00_0
49397,3_b6_1
49398,6_00_0
49399,6_00_0
49400,1_00_0
49401,4_00_0
49402,3_00_0
49403,4_00_0
49404,1_00_0
49405,3_a9_2
49406,6_00_0
49407,4_00_0
49408,1_00_0
49409,1_00_0
49410,5_a7_2
49411,1_00_0
49413,3_b7_1
49414,5_b6_1
49415,6_00_0
49416,1_00_0
49417,3_00_0
49418,3_00_0
49419,5_a7_2
49420,3_00_0
49421,6_00_0
49422,2_a5_2
49423,5_00_0
49424,2_a5_2
49425,4_00_0
49426,4_00_0
49427,3_00_0
49428,5_b6_1
49429,1_00_0
49430,1_00_0
49431,3_a9_1
49432,3_b7_1
49433,6_00_0
49434,6_00_0
49435,4_00_0
49437,6_00_0
49438,3_b6_1
49439,5_00_0
49440,3_00_0
49441,5_b6_1
49442,4_00_0
49443,3_00_0
49444,4_00_0
49445,4_00_0
49446,3_00_0
49447,1_00_0
49449,3_00_0
49450,5_b7_1
49451,4_00_0
49452,3_a9_2
49453,5_b6_1
49455,3_b8_1
49456,3_b7_1
49457,3_00_0
49458,3_a9_2
49459,3_a9_1
49460,6_00_0
49461,5_b7_1
49462,5_b6_1
49463,3_b7_1
49464,1_00_0
49465,6_00_0
49466,4_00_0
49467,3_00_0
49468,1_00_0
49469,5_a7_2
49470,6_00_0
49471,3_b3_1
49472,5_b6_1
49473,6_00_0
49474,3_00_0
49475,4_00_0
49476,5_b6_1
49477,3_00_0
49478,1_00_0
49479,3_00_0
49480,3_00_0
49481,4_00_0
49483,3_00_0
49484,3_00_0
49485,2_a5_2
49486,3_00_0
49487,5_b7_1
49488,6_00_0
49489,6_00_0
49491,3_b6_1
49492,3_00_0
49493,4_00_0
49495,6_a11_1
49496,1_00_0
49497,3_b8_1
49498,6_00_0
49499,3_00_0
49500,6_a11_1
49501,2_a5_2
49502,1_00_0
49503,3_a9_2
49504,3_b6_1
49505,1_00_0
49506,2_a5_2
49507,3_00_0
49508,3_00_0
49509,3_00_0
49510,4_00_0
49511,3_b8_1
49512,6_00_0
49513,6_00_0
49514,6_00_0
49515,3_b8_1
49516,2_00_0
49517,3_00_0
49518,6_00_0
49519,3_b8_1
49520,4_00_0
49521,4_00_0
49522,2_00_0
49523,1_00_0
49524,3_b7_1
49525,1_00_0
49526,6_00_0
49527,4_00_0
49528,3_00_0
49529,1_00_0
49530,6_00_0
49531,1_00_0
49532,6_00_0
49533,1_00_0
49534,6_00_0
49535,4_00_0
49536,3_00_0
49537,2_a5_2
49538,6_00_0
49539,4_00_0
49540,6_00_0
49541,5_00_0
49542,6_00_0
49543,3_00_0
49544,3_00_0
49545,3_b3_1
49547,5_b6_1
49548,3_a9_2
49550,1_00_0
49551,3_00_0
49552,2_00_0
49553,3_b3_1
49554,1_00_0
49555,3_00_0
49556,4_00_0
49557,3_00_0
49559,3_00_0
49560,3_b3_1
49561,3_b3_1
49562,6_00_0
49564,1_00_0
49565,6_a11_1
49566,4_00_0
49567,3_a9_1
49568,6_a11_1
49569,5_00_0
49570,4_00_0
49571,3_00_0
49572,3_00_0
49573,3_00_0
49574,4_00_0
49576,4_00_0
49578,4_00_0
49579,6_a12_2
49580,4_00_0
49581,6_a11_1
49582,5_b8_1
49583,2_a5_2
49584,6_00_0
49585,6_00_0
49586,5_b7_1
49587,2_a5_2
49590,6_00_0
49591,3_00_0
49592,4_00_0
49593,6_00_0
49594,5_b7_1
49595,6_00_0
49596,5_b7_1
49597,3_b7_1
49598,4_00_0
49599,3_00_0
49600,3_a9_1
49601,1_00_0
49602,3_b6_1
49603,4_00_0
49604,3_b7_1
49605,1_00_0
49606,3_00_0
49607,1_00_0
49608,6_a12_2
49609,3_b3_1
49610,3_b6_1
49611,6_00_0
49612,1_00_0
49613,6_00_0
49614,4_00_0
49615,2_a5_2
49616,5_b7_1
49617,5_b7_1
49618,4_00_0
49619,6_00_0
49620,5_b6_1
49621,6_a12_1
49622,3_b6_1
49624,2_00_0
49625,4_00_0
49626,6_00_0
49627,4_00_0
49628,3_a9_1
49629,2_00_0
49630,4_00_0
49631,3_00_0
49633,6_b4_3
49634,4_00_0
49635,4_00_0
49636,5_b8_1
49637,1_00_0
49638,4_00_0
49639,1_00_0
49640,6_a12_2
49641,3_b7_1
49642,1_00_0
49643,5_a7_2
49645,4_00_0
49646,3_00_0
49647,3_00_0
49648,6_00_0
49649,1_00_0
49650,4_00_0
49651,3_b6_1
49652,3_00_0
49653,1_00_0
49654,4_00_0
49656,3_00_0
49657,3_a9_2
49660,6_00_0
49661,3_00_0
49662,3_b3_1
49663,6_00_0
49664,1_00_0
49665,3_00_0
49668,1_00_0
49669,6_00_0
49670,3_a9_1
49671,4_00_0
49672,3_00_0
49673,3_00_0
49674,3_b3_1
49675,1_00_0
49676,3_a9_1
49677,6_00_0
49678,2_a5_2
49679,4_00_0
49680,3_a9_2
49681,3_b8_1
49682,3_b7_1
49683,5_b8_1
49684,5_b8_1
49686,6_00_0
49687,4_00_0
49688,1_00_0
49689,1_00_0
49690,6_00_0
49691,3_00_0
49692,4_00_0
49693,2_a5_2
49694,1_00_0
49695,3_00_0
49696,4_00_0
49697,3_00_0
49698,1_00_0
49699,4_00_0
49700,3_b7_1
49701,3_00_0
49702,3_00_0
49703,3_00_0
49704,6_00_0
49706,4_00_0
49707,6_00_0
49708,3_00_0
49709,6_b4_3
49710,2_a5_2
49711,3_00_0
49712,5_b6_1
49713,3_00_0
49714,3_00_0
49715,4_00_0
49716,5_b8_1
49717,6_00_0
49718,1_00_0
49719,1_00_0
49720,4_00_0
49721,4_00_0
49722,3_00_0
49723,4_00_0
49724,3_00_0
49725,4_00_0
49726,6_00_0
49727,3_00_0
49728,5_b8_1
49730,3_00_0
49731,4_00_0
49732,4_00_0
49733,6_00_0
49734,6_00_0
49735,3_b3_1
49736,3_b3_1
49738,1_00_0
49739,6_b4_1
49740,3_00_0
49741,1_00_0
49742,6_00_0
49743,5_b7_1
49744,3_00_0
49746,3_00_0
49747,6_a11_1
49748,6_00_0
49749,3_b6_1
49751,6_00_0
49752,6_b4_3
49753,4_00_0
49754,1_00_0
49755,2_00_0
49756,6_00_0
49757,1_00_0
49758,3_00_0
49759,3_00_0
49760,6_00_0
49761,3_00_0
49762,3_00_0
49763,4_00_0
49765,4_00_0
49767,4_00_0
49768,5_b6_1
49769,3_b3_1
49771,4_00_0
49772,2_00_0
49773,3_00_0
49774,1_00_0
49775,3_a9_2
49776,6_a11_2
49777,2_00_0
49778,3_b6_1
49779,1_00_0
49780,2_a5_2
49781,3_00_0
49782,3_b6_1
49783,4_00_0
49784,6_00_0
49785,3_00_0
49787,6_00_0
49788,6_00_0
49789,3_00_0
49790,6_a11_1
49791,6_00_0
49792,1_00_0
49793,6_00_0
49794,6_00_0
49795,3_b8_1
49796,3_b6_1
49797,3_b7_1
49798,3_b6_1
49800,3_b6_1
49801,4_00_0
49802,4_00_0
49803,4_00_0
49804,6_00_0
49805,4_00_0
49806,6_00_0
49807,3_00_0
49808,3_00_0
49809,3_00_0
49810,5_b6_1
49811,3_b6_1
49812,3_00_0
49814,3_00_0
49815,2_a5_2
49816,6_00_0
49817,6_00_0
49818,6_00_0
49819,3_b7_1
49820,4_00_0
49821,4_00_0
49822,6_00_0
49823,6_a11_1
49824,2_00_0
49825,2_a5_2
49826,3_00_0
49827,3_00_0
49828,4_00_0
49829,2_a5_2
49830,5_b6_1
49831,3_00_0
49832,4_00_0
49833,4_00_0
49834,3_00_0
49835,3_b3_1
49836,1_00_0
49837,4_00_0
49838,1_00_0
49839,3_b3_1
49840,5_b7_1
49841,1_00_0
49842,3_00_0
49843,4_00_0
49844,3_b8_1
49846,6_00_0
49847,6_00_0
49848,1_00_0
49849,3_00_0
49850,6_00_0
49851,4_00_0
49852,3_00_0
49853,6_00_0
49854,3_00_0
49855,3_00_0
49856,3_b6_1
49857,3_00_0
49858,6_00_0
49859,3_00_0
49860,4_00_0
49861,6_00_0
49862,1_00_0
49863,2_00_0
49864,4_00_0
49865,1_00_0
49866,3_00_0
49867,6_00_0
49868,3_00_0
49869,3_b3_1
49870,3_00_0
49871,3_b3_1
49872,4_00_0
49873,3_00_0
49874,5_b8_1
49875,6_00_0
49876,1_00_0
49877,6_a11_2
49878,5_b7_1
49879,5_a7_2
49880,5_b8_1
49881,6_00_0
49882,6_00_0
49883,6_00_0
49885,1_00_0
49886,1_00_0
49887,3_00_0
49888,4_00_0
49889,4_00_0
49890,1_00_0
49891,6_00_0
49892,3_00_0
49893,3_a9_1
49894,5_b6_1
49895,3_b3_1
49896,1_00_0
49897,2_a5_2
49898,6_00_0
49899,3_00_0
49900,1_00_0
49901,3_b7_1
49902,1_00_0
49903,4_00_0
49904,6_00_0
49905,5_b8_1
49906,3_00_0
49907,3_b3_1
49908,2_00_0
49909,1_00_0
49910,3_b3_1
49911,5_b7_1
49912,3_00_0
49913,3_a9_2
49914,5_b7_1
49915,4_00_0
49916,4_00_0
49918,6_00_0
49919,1_00_0
49920,4_00_0
49921,6_00_0
49923,2_00_0
49924,4_00_0
49925,1_00_0
49927,6_00_0
49928,4_00_0
49929,3_00_0
49930,6_00_0
49931,6_00_0
49932,1_00_0
49933,6_00_0
49934,3_00_0
49935,4_00_0
49936,3_00_0
49937,5_b8_1
49939,5_b6_1
49940,3_00_0
49941,1_00_0
49942,3_b3_1
49944,3_00_0
49945,4_00_0
49947,1_00_0
49948,4_00_0
49949,6_00_0
49950,1_00_0
49951,1_00_0
49952,6_00_0
49953,3_00_0
49955,4_00_0
49956,1_00_0
49957,3_00_0
49958,5_a7_2
49959,4_00_0
49960,3_00_0
49961,3_00_0
49963,5_b6_1
49965,5_b8_1
49966,4_00_0
49967,4_00_0
49968,3_a9_1
49970,6_a11_1
49971,1_00_0
49972,5_00_0
49973,3_00_0
49974,6_00_0
49976,3_00_0
49977,3_a9_2
49978,6_00_0
49979,4_00_0
49980,1_00_0
49982,4_00_0
49983,6_00_0
49984,5_a7_2
49985,3_a9_2
49986,6_00_0
49987,3_00_0
49988,3_00_0
49990,1_00_0
49991,1_00_0
49992,3_00_0
49993,5_00_0
49995,3_00_0
49996,6_00_0
49997,6_00_0
49999,3_00_0
50000,5_b7_1
50001,4_00_0
50002,3_00_0
50004,3_00_0
50006,3_00_0
50008,3_b6_1
50009,6_00_0
50010,3_00_0
50011,4_00_0
50012,1_00_0
50013,3_00_0
50014,3_00_0
50015,1_00_0
50016,2_00_0
50017,5_b6_1
50018,3_a9_1
50019,6_00_0
50020,4_00_0
50021,3_a9_2
50022,1_00_0
50023,5_b7_1
50024,3_00_0
50025,3_00_0
50026,3_00_0
50027,3_00_0
50028,6_00_0
50029,1_00_0
50030,3_a9_3
50031,3_00_0
50032,5_a7_2
50033,3_b6_1
50034,4_00_0
50035,3_a9_1
50036,3_00_0
50037,1_00_0
50038,5_b8_1
50039,3_b8_1
50040,4_00_0
50041,6_00_0
50042,4_00_0
50043,3_a9_2
50044,3_00_0
50045,3_a9_1
50046,3_b6_1
50047,5_b6_1
50048,3_b6_1
50049,6_00_0
50050,3_00_0
50051,4_00_0
50052,1_00_0
50053,6_00_0
50054,6_00_0
50055,3_b3_1
50057,3_00_0
50059,3_00_0
50060,1_00_0
50061,3_00_0
50062,5_a7_2
50063,3_b6_1
50064,4_00_0
50065,5_00_0
50066,4_00_0
50068,1_00_0
50069,6_00_0
50070,1_00_0
50071,6_00_0
50073,4_00_0
50074,3_00_0
50075,2_00_0
50076,1_00_0
50077,4_00_0
50078,3_00_0
50079,3_00_0
50080,1_00_0
50081,5_b8_1
50082,3_b7_1
50083,1_00_0
50085,5_a7_2
50086,1_00_0
50087,4_00_0
50088,1_00_0
50089,1_00_0
50090,4_00_0
50091,4_00_0
50092,4_00_0
50093,4_00_0
50094,1_00_0
50095,5_b7_1
50096,3_a9_2
50097,3_a9_2
50098,6_00_0
50099,3_b6_1
50100,1_00_0
50102,2_a5_2
50103,3_00_0
50104,5_b6_1
50105,6_00_0
50107,6_00_0
50108,4_00_0
50109,3_00_0
50110,3_00_0
50111,3_00_0
50112,3_a9_2
50113,1_00_0
50114,4_00_0
50115,3_a9_2
50116,6_00_0
50117,6_00_0
50118,3_00_0
50119,2_a5_2
50120,5_b8_1
50121,1_00_0
50122,6_00_0
50123,6_00_0
50124,5_00_0
50125,1_00_0
50126,2_00_0
50127,5_00_0
50128,1_00_0
50129,3_b3_1
50130,1_00_0
50131,5_b8_1
50132,3_00_0
50133,1_00_0
50135,6_00_0
50136,3_00_0
50137,3_00_0
50140,4_00_0
50141,3_b3_1
50142,2_a5_2
50143,1_00_0
50144,6_00_0
50145,3_00_0
50148,3_00_0
50150,1_00_0
50152,5_b7_1
50153,1_00_0
50154,4_00_0
50155,3_00_0
50156,4_00_0
50158,6_00_0
50159,3_b3_1
50160,4_00_0
50161,3_00_0
50162,3_00_0
50163,6_00_0
50165,1_00_0
50166,3_a9_2
50167,2_00_0
50168,3_b6_1
50169,3_00_0
50170,3_b7_1
50171,3_b6_1
50172,6_00_0
50173,6_00_0
50174,6_00_0
50175,1_00_0
50176,3_00_0
50177,3_00_0
50178,4_00_0
50179,6_a12_2
50180,6_00_0
50181,6_00_0
50182,2_a5_2
50183,5_b6_1
50184,3_b7_1
50185,1_00_0
50186,3_00_0
50188,3_00_0
50189,6_00_0
50190,4_00_0
50191,1_00_0
50192,1_00_0
50193,3_b6_1
50195,3_b8_1
50196,3_b8_1
50197,3_00_0
50198,6_00_0
50199,4_00_0
50200,1_00_0
50201,6_00_0
50202,3_00_0
50203,6_00_0
50204,5_b8_1
50205,4_00_0
50206,5_b6_1
50208,1_00_0
50209,1_00_0
50211,3_b7_1
50212,3_00_0
50213,3_b6_1
50214,3_00_0
50215,5_b6_1
50216,4_00_0
50217,3_b6_1
50219,3_00_0
50220,3_b7_1
50222,1_00_0
50223,3_00_0
50224,3_a9_2
50226,3_a9_1
50227,3_b3_1
50228,6_00_0
50230,3_00_0
50231,3_b6_1
50232,3_00_0
50233,5_b8_1
50235,3_00_0
50236,3_00_0
50237,1_00_0
50238,4_00_0
50239,3_a9_2
50240,2_a5_2
50241,5_00_0
50242,6_00_0
50243,4_00_0
50244,6_00_0
50245,3_00_0
50246,1_00_0
50247,3_00_0
50248,3_00_0
50249,2_a5_2
50250,3_00_0
50251,1_00_0
50253,3_00_0
50254,4_00_0
50255,6_00_0
50256,1_00_0
50257,4_00_0
50258,6_00_0
50259,4_00_0
50260,2_00_0
50261,3_00_0
50262,2_a5_2
50263,5_b7_1
50264,6_00_0
50265,6_00_0
50266,1_00_0
50267,2_a5_2
50268,3_00_0
50270,5_b6_1
50271,1_00_0
50272,3_00_0
50274,3_00_0
50275,5_b6_1
50276,5_b7_1
50277,1_00_0
50279,5_b8_1
50280,3_00_0
50281,5_b6_1
50282,3_00_0
50283,4_00_0
50284,3_00_0
50285,3_00_0
50286,1_00_0
50287,3_00_0
50288,6_00_0
50289,3_00_0
50290,3_00_0
50291,4_00_0
50292,3_b6_1
50294,3_a9_2
50295,4_00_0
50296,6_00_0
50297,3_00_0
50298,3_b3_1
50299,5_a7_2
50300,4_00_0
50301,3_00_0
50303,6_b4_1
50304,1_00_0
50305,6_00_0
50306,3_00_0
50307,5_b8_1
50308,3_a9_2
50310,3_00_0
50311,5_b7_1
50312,3_00_0
50313,4_00_0
50314,3_b7_1
50315,3_b3_1
50316,3_b3_1
50317,3_00_0
50318,6_b4_3
50319,4_00_0
50320,5_b6_1
50321,6_00_0
50322,3_00_0
50323,6_00_0
50324,3_a9_2
50325,3_00_0
50326,3_00_0
50327,1_00_0
50328,1_00_0
50329,3_a9_2
50330,4_00_0
50331,1_00_0
50332,5_b8_1
50334,5_b6_1
50335,3_b8_1
50336,2_a5_2
50337,3_00_0
50338,3_00_0
50339,6_00_0
50340,3_b3_1
50341,3_00_0
50342,3_00_0
50343,6_00_0
50344,5_b8_1
50345,3_00_0
50346,3_00_0
50347,5_b8_1
50348,4_00_0
50349,3_00_0
50350,6_00_0
50351,5_00_0
50352,6_00_0
50353,1_00_0
50354,3_00_0
50355,1_00_0
50356,6_a12_1
50357,5_b7_1
50358,3_00_0
50359,5_b8_1
50360,5_a7_2
50361,1_00_0
50362,3_a9_2
50363,6_00_0
50364,1_00_0
50366,3_00_0
50368,4_00_0
50369,3_00_0
50370,3_00_0
50371,3_00_0
50372,3_00_0
50373,6_00_0
50374,3_a9_1
50375,1_00_0
50377,3_00_0
50379,3_00_0
50380,3_00_0
50381,5_b6_1
50383,2_00_0
50384,4_00_0
50385,3_00_0
50386,3_00_0
50387,2_a5_2
50389,4_00_0
50390,5_b6_1
50391,3_b3_1
50392,3_00_0
50393,6_00_0
50394,5_b6_1
50395,3_00_0
50396,4_00_0
50397,3_00_0
50399,4_00_0
50400,5_b7_1
50401,3_a9_1
50403,3_b7_1
50404,3_00_0
50405,3_a9_1
50406,1_00_0
50407,3_00_0
50408,6_00_0
50409,3_b6_1
50410,5_a7_2
50411,6_00_0
50412,6_00_0
50413,3_00_0
50414,3_a9_2
50415,4_00_0
50416,4_00_0
50417,3_00_0
50418,5_a7_2
50419,6_00_0
50420,5_b8_1
50421,3_a9_1
50422,4_00_0
50423,3_00_0
50424,3_00_0
50425,4_00_0
50426,3_00_0
50427,3_00_0
50428,1_00_0
50429,1_00_0
50430,3_00_0
50431,3_b3_1
50432,3_00_0
50433,6_00_0
50434,6_a11_1
50435,4_00_0
50436,5_a7_2
50437,5_b7_1
50438,6_00_0
50439,6_00_0
50440,3_b7_1
50441,3_00_0
50442,2_00_0
50443,3_b6_1
50444,2_a5_2
50445,3_00_0
50447,3_00_0
50448,3_b6_1
50449,1_00_0
50450,3_00_0
50451,6_00_0
50452,3_00_0
50453,3_b7_1
50454,5_b8_1
50455,3_00_0
50457,3_b8_1
50458,6_00_0
50459,3_00_0
50460,5_b6_1
50461,3_b6_1
50462,3_00_0
50463,3_b7_1
50464,1_00_0
50465,5_b6_1
50466,3_00_0
50467,3_00_0
50468,5_b6_1
50469,3_b7_1
50470,6_00_0
50471,1_00_0
50472,6_00_0
50473,1_00_0
50475,5_b6_1
50477,4_00_0
50480,6_00_0
50481,3_00_0
50482,6_00_0
50483,2_a5_2
50484,1_00_0
50485,4_00_0
50486,6_00_0
50487,3_b6_1
50488,5_b6_1
50489,3_00_0
50490,6_00_0
50491,2_00_0
50492,4_00_0
50493,3_b6_1
50494,6_00_0
50495,1_00_0
50496,1_00_0
50497,3_00_0
50498,6_00_0
50499,1_00_0
50500,5_00_0
50501,3_00_0
50502,3_00_0
50503,6_00_0
50504,1_00_0
50505,3_b3_1
50507,1_00_0
50508,4_00_0
50509,3_a9_1
50511,3_b3_1
50512,6_b5_1
50513,5_00_0
50514,2_a5_2
50515,6_00_0
50516,3_00_0
50517,3_00_0
50518,6_00_0
50519,3_00_0
50520,4_00_0
50522,3_00_0
50523,4_00_0
50524,5_b6_1
50525,2_00_0
50526,3_00_0
50527,4_00_0
50528,3_00_0
50529,3_00_0
50530,4_00_0
50532,6_00_0
50534,1_00_0
50535,1_00_0
50538,5_00_0
50539,6_00_0
50540,6_00_0
50541,3_00_0
50542,3_00_0
50543,3_a9_1
50544,1_00_0
50545,3_00_0
50546,4_00_0
50547,3_a9_3
50548,1_00_0
50549,4_00_0
50550,6_00_0
50551,5_b7_1
50552,3_a9_1
50553,4_00_0
50554,3_b8_1
50555,3_b3_1
50556,6_00_0
50557,4_00_0
50558,1_00_0
50559,5_00_0
50561,4_00_0
50562,3_00_0
50563,5_b8_1
50564,3_a9_2
50565,3_b8_1
50566,3_00_0
50568,6_00_0
50569,3_b6_1
50571,4_00_0
50573,1_00_0
50575,1_00_0
50576,3_a9_1
50577,4_00_0
50578,4_00_0
50581,3_00_0
50582,1_00_0
50583,3_00_0
50584,1_00_0
50585,6_00_0
50586,4_00_0
50587,3_b8_1
50588,3_00_0
50589,4_00_0
50590,3_b8_1
50591,1_00_0
50592,3_00_0
50593,6_00_0
50594,4_00_0
50596,3_b6_1
50597,1_00_0
50598,3_a9_3
50599,6_00_0
50600,3_a9_3
50602,1_00_0
50603,2_a5_2
50605,3_00_0
50606,6_a11_1
50607,4_00_0
50610,6_00_0
50612,4_00_0
50613,3_00_0
50614,1_00_0
50616,1_00_0
50617,4_00_0
50618,4_00_0
50619,4_00_0
50620,3_00_0
50621,6_00_0
50623,4_00_0
50624,4_00_0
50625,3_00_0
50626,1_00_0
50627,6_00_0
50629,3_b7_1
50630,4_00_0
50631,5_b6_1
50632,5_a7_2
50633,5_a7_2
50634,3_00_0
50635,2_a5_2
50636,6_00_0
50637,3_00_0
50638,1_00_0
50639,4_00_0
50640,3_b8_1
50642,5_b7_1
50643,3_b3_1
50644,2_a5_2
50645,1_00_0
50646,4_00_0
50647,3_00_0
50648,3_a9_2
50649,3_b3_1
50650,6_00_0
50652,4_00_0
50653,3_a9_1
50654,1_00_0
50655,3_00_0
50656,1_00_0
50657,1_00_0
50658,1_00_0
50659,3_a9_1
50661,3_00_0
50662,5_b7_1
50663,6_00_0
50664,3_a9_1
50665,3_b6_1
50667,1_00_0
50668,3_b3_1
50669,1_00_0
50670,3_00_0
50671,5_b7_1
50672,2_a5_2
50673,4_00_0
50674,4_00_0
50675,4_00_0
50676,6_00_0
50677,4_00_0
50678,1_00_0
50679,6_b4_1
50680,3_a9_2
50681,4_00_0
50682,3_b7_1
50683,5_a7_2
50684,6_00_0
50685,6_00_0
50686,4_00_0
50687,4_00_0
50688,1_00_0
50689,1_00_0
50690,4_00_0
50691,4_00_0
50692,6_00_0
50693,1_00_0
50694,3_b8_1
50696,3_00_0
50697,6_b4_3
50698,4_00_0
50699,3_00_0
50700,6_00_0
50701,2_a5_2
50702,1_00_0
50703,3_a9_2
50705,6_00_0
50706,3_b3_1
50707,3_00_0
50708,5_b6_1
50709,2_a5_2
50710,6_00_0
50711,3_00_0
50712,3_00_0
50713,3_00_0
50714,3_a9_1
50715,3_00_0
50716,3_a9_1
50717,6_00_0
50718,4_00_0
50719,4_00_0
50720,2_00_0
50721,1_00_0
50722,3_b8_1
50723,3_b6_1
50724,4_00_0
50725,3_b7_1
50726,3_a9_2
50727,3_00_0
50728,5_b8_1
50729,6_00_0
50731,3_b7_1
50732,3_b7_1
50733,4_00_0
50734,1_00_0
50736,1_00_0
50737,4_00_0
50738,1_00_0
50739,4_00_0
50743,4_00_0
50744,3_b7_1
50745,6_00_0
50746,3_00_0
50747,4_00_0
50748,3_00_0
50749,4_00_0
50750,4_00_0
50751,5_b6_1
50752,3_00_0
50754,5_b6_1
50755,3_00_0
50756,4_00_0
50757,4_00_0
50758,3_b7_1
50759,5_00_0
50760,1_00_0
50761,1_00_0
50762,1_00_0
50763,6_00_0
50765,4_00_0
50766,5_b7_1
50767,4_00_0
50768,5_a7_2
50769,3_a9_2
50770,3_a9_1
50771,6_00_0
50772,3_00_0
50773,3_00_0
50774,3_00_0
50775,4_00_0
50776,6_00_0
50777,4_00_0
50778,3_00_0
50779,6_00_0
50780,1_00_0
50781,6_00_0
50782,6_00_0
50783,3_b6_1
50784,1_00_0
50786,2_a5_2
50787,1_00_0
50789,4_00_0
50790,4_00_0
50791,5_b6_1
50792,1_00_0
50793,6_00_0
50794,3_00_0
50795,3_00_0
50796,3_a9_1
50797,3_00_0
50799,3_a9_1
50800,3_00_0
50801,4_00_0
50802,5_b7_1
50803,3_00_0
50806,6_00_0
50807,6_00_0
50808,5_b8_1
50809,4_00_0
50810,3_b3_1
50811,3_00_0
50812,3_00_0
50813,3_00_0
50814,3_00_0
50815,1_00_0
50817,3_00_0
50818,3_a9_2
50819,3_00_0
50820,4_00_0
50821,6_00_0
50822,1_00_0
50823,6_00_0
50824,2_a5_2
50825,3_00_0
50826,5_b8_1
50827,1_00_0
50829,4_00_0
50830,3_00_0
50831,1_00_0
50832,3_b8_1
50833,6_00_0
50834,4_00_0
50835,1_00_0
50836,3_a9_1
50837,3_b8_1
50838,2_00_0
50839,1_00_0
50840,6_a12_2
50841,2_00_0
50842,4_00_0
50843,5_b7_1
50844,3_00_0
50847,3_b7_1
50848,1_00_0
50849,3_b6_1
50850,2_00_0
50851,3_00_0
50852,3_00_0
50853,3_a9_2
50854,3_00_0
50855,3_b6_1
50856,3_a9_1
50857,6_00_0
50858,6_00_0
50859,3_00_0
50860,4_00_0
50861,3_b3_1
50862,6_00_0
50863,6_00_0
50864,4_00_0
50866,6_00_0
50867,6_00_0
50868,5_b6_1
50869,3_00_0
50870,6_00_0
50871,3_00_0
50872,6_00_0
50873,1_00_0
50875,6_00_0
50876,1_00_0
50877,3_b8_1
50878,3_00_0
50879,4_00_0
50880,3_a9_1
50881,5_b8_1
50882,6_00_0
50883,1_00_0
50884,3_b7_1
50885,1_00_0
50886,1_00_0
50887,3_00_0
50889,6_00_0
50890,5_b7_1
50891,6_a12_2
50892,6_00_0
50893,4_00_0
50894,3_b6_1
50895,4_00_0
50896,6_00_0
50897,4_00_0
50898,2_00_0
50899,4_00_0
50900,4_00_0
50901,1_00_0
50902,1_00_0
50904,3_00_0
50905,3_a9_2
50906,3_00_0
50908,5_b8_1
50909,6_00_0
50910,3_00_0
50911,3_00_0
50912,4_00_0
50913,2_a5_2
50914,6_00_0
50915,4_00_0
50916,3_00_0
50917,3_b3_1
50918,1_00_0
50919,6_00_0
50921,4_00_0
50922,3_00_0
50923,3_00_0
50924,4_00_0
50925,4_00_0
50926,3_00_0
50927,3_b3_1
50928,3_00_0
50929,2_a5_2
50930,1_00_0
50931,1_00_0
50932,4_00_0
50933,6_00_0
50934,5_00_0
50935,3_b6_1
50936,3_b3_1
50939,6_00_0
50941,1_00_0
50942,3_00_0
50943,3_00_0
50944,6_00_0
50947,6_a11_1
50948,4_00_0
50949,5_b8_1
50950,6_00_0
50951,6_00_0
50953,1_00_0
50954,3_00_0
50955,3_a9_1
50956,1_00_0
50958,3_a9_1
50960,3_a9_3
50961,6_00_0
50962,3_a9_1
50963,1_00_0
50964,1_00_0
50965,1_00_0
50966,4_00_0
50967,3_00_0
50968,6_00_0
50970,1_00_0
50971,6_a12_1
50972,3_b6_1
50973,1_00_0
50974,3_00_0
50975,1_00_0
50976,3_00_0
50977,3_b3_1
50978,3_00_0
50979,3_00_0
50980,3_00_0
50981,4_00_0
50982,3_00_0
50984,3_00_0
50985,6_a11_1
50986,3_00_0
50987,1_00_0
50988,1_00_0
50989,3_00_0
50990,3_b8_1
50991,6_a12_2
50992,3_00_0
50993,6_00_0
50994,4_00_0
50995,3_b3_1
50996,6_00_0
50997,6_00_0
50998,6_00_0
50999,3_00_0
51000,2_a5_2
51001,5_b8_1
51002,1_00_0
51003,6_00_0
51004,4_00_0
51005,1_00_0
51006,2_a5_2
51007,3_00_0
51008,3_b6_1
51009,3_00_0
51010,3_b3_1
51011,5_b7_1
51012,3_b6_1
51014,3_b6_1
51015,1_00_0
51016,6_00_0
51017,3_00_0
51018,5_b6_1
51019,1_00_0
51021,6_a12_2
51022,1_00_0
51023,4_00_0
51024,5_b6_1
51025,3_00_0
51026,3_00_0
51027,1_00_0
51028,5_b7_1
51029,1_00_0
51030,1_00_0
51031,3_a9_1
51032,3_b7_1
51033,2_a5_2
51034,2_a5_2
51035,6_00_0
51036,1_00_0
51038,3_b7_1
51039,4_00_0
51041,5_00_0
51042,3_a9_2
51043,6_00_0
51044,5_b6_1
51045,4_00_0
51046,3_00_0
51047,4_00_0
51048,3_00_0
51049,4_00_0
51050,3_b8_1
51051,3_00_0
51052,2_a5_2
51053,4_00_0
51054,1_00_0
51055,6_b4_1
51057,6_a12_2
51058,5_b8_1
51059,3_00_0
51060,2_00_0
51061,3_00_0
51063,4_00_0
51064,1_00_0
51065,5_b8_1
51066,5_b7_1
51067,1_00_0
51069,3_b7_1
51070,2_00_0
51071,2_a5_2
51072,6_00_0
51075,1_00_0
51076,1_00_0
51077,3_00_0
51078,4_00_0
51079,4_00_0
51080,4_00_0
51081,6_00_0
51082,5_b7_1
51083,5_b6_1
51084,1_00_0
51085,3_00_0
51086,3_00_0
51087,4_00_0
51088,3_00_0
51089,1_00_0
51090,5_b7_1
51091,6_00_0
51092,6_00_0
51093,3_00_0
51094,1_00_0
51095,3_00_0
51096,6_00_0
51097,5_b7_1
51098,4_00_0
51099,4_00_0
51100,3_00_0
51101,1_00_0
51102,1_00_0
51103,3_a9_3
51105,3_b6_1
51106,3_b6_1
51107,4_00_0
51108,2_00_0
51109,4_00_0
51110,3_00_0
51111,6_00_0
51112,3_00_0
51113,1_00_0
51114,5_b7_1
51115,3_00_0
51116,1_00_0
51117,6_00_0
51118,4_00_0
51119,3_a9_1
51120,6_00_0
51121,1_00_0
51122,6_00_0
51123,6_00_0
51125,3_00_0
51126,2_a5_2
51127,5_b8_1
51128,3_00_0
51129,5_b8_1
51130,3_00_0
51131,1_00_0
51132,4_00_0
51134,5_b8_1
51135,6_00_0
51136,4_00_0
51137,3_b7_1
51138,2_00_0
51139,3_00_0
51140,3_b7_1
51141,4_00_0
51142,3_00_0
51143,1_00_0
51144,1_00_0
51145,4_00_0
51147,1_00_0
51148,6_00_0
51149,3_00_0
51150,2_a5_2
51151,6_00_0
51153,3_b3_1
51154,3_b3_1
51155,3_a9_3
51156,4_00_0
51157,4_00_0
51158,2_a5_2
51159,3_b6_1
51160,2_a5_2
51161,4_00_0
51163,3_b3_1
51164,4_00_0
51165,6_b4_1
51166,5_b7_1
51167,3_00_0
51168,3_00_0
51169,6_00_0
51170,3_00_0
51171,6_00_0
51172,5_b6_1
51173,1_00_0
51174,4_00_0
51175,3_00_0
51176,4_00_0
51177,3_b6_1
51178,1_00_0
51179,5_b7_1
51180,1_00_0
51181,2_00_0
51182,1_00_0
51183,3_00_0
51185,1_00_0
51186,6_00_0
51187,1_00_0
51188,1_00_0
51189,4_00_0
51190,6_00_0
51191,3_b6_1
51192,6_00_0
51193,1_00_0
51194,6_00_0
51195,3_00_0
51196,5_b6_1
51197,5_00_0
51198,2_a5_2
51199,6_00_0
51200,6_00_0
51201,1_00_0
51202,4_00_0
51203,6_a11_1
51204,4_00_0
51205,6_a11_1
51206,4_00_0
51207,6_00_0
51208,4_00_0
51209,3_b6_1
51210,4_00_0
51211,3_00_0
51212,3_00_0
51213,4_00_0
51214,1_00_0
51215,1_00_0
51216,3_00_0
51217,4_00_0
51218,4_00_0
51219,3_00_0
51220,1_00_0
51221,1_00_0
51222,1_00_0
51224,6_00_0
51225,3_00_0
51226,1_00_0
51227,2_a5_2
51228,1_00_0
51229,1_00_0
51230,4_00_0
51231,4_00_0
51232,6_00_0
51233,4_00_0
51234,4_00_0
51235,3_00_0
51236,3_00_0
51237,3_00_0
51238,3_00_0
51239,3_00_0
51240,3_00_0
51241,3_a9_1
51242,3_00_0
51243,1_00_0
51244,3_b6_1
51245,3_b6_1
51246,1_00_0
51247,6_00_0
51248,3_00_0
51249,3_00_0
51250,3_b8_1
51251,6_00_0
51252,1_00_0
51254,1_00_0
51257,6_00_0
51258,4_00_0
51259,2_00_0
51260,3_00_0
51261,1_00_0
51262,1_00_0
51263,5_b6_1
51264,3_b7_1
51265,1_00_0
51266,3_b3_1
51267,3_00_0
51268,4_00_0
51269,3_b8_1
51270,1_00_0
51271,5_a7_2
51272,6_00_0
51273,5_b6_1
51274,4_00_0
51275,5_b8_1
51276,3_b7_1
51277,3_b7_1
51278,5_b6_1
51279,3_00_0
51280,4_00_0
51282,3_b7_1
51283,3_00_0
51284,6_a11_1
51285,3_a9_2
51286,2_a5_2
51287,5_b8_1
51288,6_00_0
51289,3_00_0
51290,3_00_0
51293,3_00_0
51294,5_b8_1
51295,6_00_0
51296,1_00_0
51297,2_a5_2
51300,6_00_0
51301,4_00_0
51302,6_00_0
51303,3_00_0
51304,3_a9_3
51305,3_b6_1
51307,1_00_0
51308,4_00_0
51309,1_00_0
51310,1_00_0
51311,6_00_0
51312,6_00_0
51313,3_b8_1
51314,4_00_0
51315,1_00_0
51316,1_00_0
51317,4_00_0
51318,5_b7_1
51320,6_a11_1
51321,3_00_0
51322,3_00_0
51323,3_b7_1
51324,3_b6_1
51325,2_00_0
51326,1_00_0
51327,4_00_0
51328,6_00_0
51329,3_00_0
51330,5_00_0
51331,3_00_0
51333,1_00_0
51334,1_00_0
51336,2_a5_2
51337,3_b3_1
51338,1_00_0
51339,6_a11_1
51340,3_00_0
51341,1_00_0
51342,3_a9_2
51343,6_00_0
51344,1_00_0
51345,4_00_0
51346,4_00_0
51348,3_b6_1
51349,2_a5_2
51350,1_00_0
51351,3_00_0
51352,4_00_0
51353,3_00_0
51354,3_b7_1
51355,3_b3_1
51356,6_00_0
51357,2_00_0
51358,1_00_0
51359,3_b3_1
51360,1_00_0
51361,3_00_0
51362,3_b6_1
51364,3_00_0
51365,3_00_0
51366,2_a5_2
51367,6_00_0
51368,3_00_0
51369,4_00_0
51370,3_00_0
51371,4_00_0
51372,1_00_0
51374,5_b8_1
51375,6_00_0
51376,3_00_0
51377,4_00_0
51378,4_00_0
51379,6_00_0
51381,4_00_0
51382,5_b8_1
51383,2_a5_2
51384,3_b8_1
51385,4_00_0
51386,3_00_0
51387,3_a9_1
51388,6_00_0
51389,3_00_0
51390,6_00_0
51391,3_00_0
51392,5_b8_1
51393,4_00_0
51394,1_00_0
51395,6_00_0
51396,4_00_0
51397,2_00_0
51398,2_a5_2
51399,1_00_0
51400,1_00_0
51401,2_a5_2
51402,4_00_0
51403,3_b8_1
51404,1_00_0
51405,3_b6_1
51406,1_00_0
51407,5_00_0
51408,4_00_0
51409,3_b6_1
51411,1_00_0
51412,1_00_0
51413,1_00_0
51414,3_b6_1
51415,4_00_0
51416,5_a7_2
51417,2_a5_2
51418,3_00_0
51419,1_00_0
51420,3_00_0
51421,5_b7_1
51422,2_00_0
51423,3_a9_1
51424,3_a9_1
51425,6_00_0
51426,6_00_0
51429,6_00_0
51430,6_00_0
51431,6_00_0
51432,3_a9_1
51433,5_a7_2
51434,4_00_0
51435,3_a9_1
51436,6_00_0
51437,1_00_0
51438,5_b7_1
51439,6_00_0
51440,3_b8_1
51441,3_b3_1
51442,3_b8_1
51444,5_b7_1
51445,5_00_0
51446,5_b7_1
51447,6_b5_1
51448,4_00_0
51449,4_00_0
51451,4_00_0
51452,5_b7_1
51453,1_00_0
51454,3_00_0
51455,3_00_0
51456,4_00_0
51457,6_b4_3
51458,4_00_0
51459,3_b8_1
51460,5_b7_1
51462,5_00_0
51463,3_a9_1
51464,3_00_0
51465,5_b6_1
51467,6_00_0
51468,6_00_0
51469,3_00_0
51470,4_00_0
51471,3_00_0
51472,3_00_0
51473,4_00_0
51474,3_00_0
51475,4_00_0
51476,3_b8_1
51477,2_a5_2
51478,4_00_0
51479,3_a9_2
51480,2_00_0
51481,6_00_0
51483,3_00_0
51484,1_00_0
51485,6_00_0
51486,3_b6_1
51487,6_00_0
51488,4_00_0
51489,3_00_0
51491,3_00_0
51492,4_00_0
51493,3_b6_1
51494,4_00_0
51495,6_00_0
51496,5_b8_1
51497,1_00_0
51498,3_00_0
51499,1_00_0
51501,3_00_0
51502,1_00_0
51503,1_00_0
51504,3_00_0
51505,3_00_0
51506,5_b6_1
51507,4_00_0
51508,5_a7_2
51509,4_00_0
51510,3_b6_1
51511,3_00_0
51512,5_b6_1
51513,3_00_0
51514,3_00_0
51515,4_00_0
51516,4_00_0
51517,4_00_0
51519,1_00_0
51520,3_00_0
51521,4_00_0
51522,5_b6_1
51523,1_00_0
51524,4_00_0
51526,6_00_0
51527,5_b6_1
51528,3_00_0
51529,3_00_0
51530,6_00_0
51531,1_00_0
51533,6_00_0
51534,5_b6_1
51535,2_a5_2
51536,3_00_0
51537,5_b7_1
51538,2_a5_2
51539,1_00_0
51540,3_b6_1
51542,2_00_0
51543,3_b6_1
51544,2_00_0
51545,3_a9_2
51546,2_00_0
51547,6_00_0
51548,3_00_0
51550,3_a9_1
51551,5_b6_1
51552,6_00_0
51553,1_00_0
51554,6_00_0
51555,3_b8_1
51556,4_00_0
51557,3_00_0
51558,1_00_0
51559,4_00_0
51560,3_00_0
51561,6_00_0
51562,6_00_0
51563,5_a7_2
51564,3_00_0
51565,1_00_0
51566,1_00_0
51567,5_b6_1
51568,3_b3_1
51569,4_00_0
51570,3_00_0
51572,5_b7_1
51573,4_00_0
51574,6_00_0
51575,4_00_0
51577,6_a11_1
51578,5_b6_1
51579,1_00_0
51580,3_b8_1
51581,5_a7_2
51582,6_a12_1
51583,1_00_0
51584,3_b6_1
51585,3_00_0
51586,5_a7_2
51587,6_00_0
51588,5_a7_2
51589,3_b7_1
51591,5_00_0
51592,6_00_0
51593,1_00_0
51594,1_00_0
51595,6_00_0
51596,4_00_0
51597,3_b3_1
51598,4_00_0
51599,1_00_0
51600,1_00_0
51601,3_00_0
51602,3_b6_1
51603,3_b6_1
51604,3_b7_1
51605,4_00_0
51606,3_00_0
51607,6_00_0
51608,6_00_0
51610,4_00_0
51611,6_00_0
51612,1_00_0
51614,3_00_0
51615,5_b8_1
51616,5_b6_1
51617,3_00_0
51618,3_00_0
51619,3_a9_1
51620,6_00_0
51621,2_a5_2
51622,4_00_0
51623,4_00_0
51624,3_00_0
51625,4_00_0
51626,3_00_0
51627,4_00_0
51628,4_00_0
51629,3_00_0
51631,4_00_0
51632,3_a9_1
51633,5_a7_2
51635,3_b3_1
51636,3_00_0
51638,4_00_0
51639,3_b6_1
51640,3_00_0
51641,3_00_0
51642,1_00_0
51643,3_00_0
51644,3_a9_2
51645,5_b8_1
51646,3_b6_1
51647,6_00_0
51648,1_00_0
51649,1_00_0
51650,2_a5_2
51651,1_00_0
51653,4_00_0
51654,4_00_0
51655,1_00_0
51656,4_00_0
51657,4_00_0
51658,6_b4_1
51659,1_00_0
51660,6_b4_1
51661,3_00_0
51662,3_b7_1
51663,6_00_0
51664,6_00_0
51665,3_b6_1
51666,4_00_0
51667,3_00_0
51668,6_00_0
51669,6_00_0
51670,3_00_0
51672,5_00_0
51673,6_00_0
51674,5_b6_1
51675,4_00_0
51676,1_00_0
51677,1_00_0
51678,3_b8_1
51679,3_00_0
51680,5_b7_1
51681,1_00_0
51682,6_00_0
51683,6_00_0
51684,5_a7_2
51685,4_00_0
51687,3_00_0
51688,4_00_0
51689,5_b7_1
51690,4_00_0
51691,3_00_0
51692,4_00_0
51693,3_00_0
51694,3_b3_1
51695,3_b6_1
51696,3_b6_1
51697,5_b7_1
51698,6_00_0
51701,3_00_0
51702,3_00_0
51703,3_00_0
51705,4_00_0
51706,3_00_0
51707,3_b7_1
51708,1_00_0
51709,2_00_0
51710,6_00_0
51711,5_b7_1
51712,1_00_0
51713,6_00_0
51715,1_00_0
51717,4_00_0
51718,4_00_0
51719,1_00_0
51720,2_00_0
51721,6_00_0
51723,3_b7_1
51724,3_b6_1
51725,3_00_0
51726,1_00_0
51727,6_00_0
51728,3_00_0
51729,1_00_0
51730,5_a7_2
51731,5_b8_1
51732,1_00_0
51733,6_a12_1
51734,3_a9_2
51735,6_b4_3
51736,4_00_0
51737,3_a9_1
51739,5_b8_1
51741,6_00_0
51743,4_00_0
51744,6_00_0
51745,3_a9_1
51746,6_00_0
51747,1_00_0
51748,4_00_0
51749,4_00_0
51750,3_00_0
51751,1_00_0
51752,1_00_0
51753,6_00_0
51754,6_00_0
51755,3_00_0
51756,6_00_0
51757,4_00_0
51758,6_00_0
51759,3_b3_1
51760,3_b3_1
51761,3_b3_1
51762,6_00_0
51763,3_00_0
51764,3_00_0
51765,6_00_0
51766,5_b6_1
51767,4_00_0
51768,5_00_0
51769,3_00_0
51770,3_00_0
51771,5_b7_1
51772,3_b3_1
51773,5_b6_1
51774,4_00_0
51775,4_00_0
51776,1_00_0
51777,3_00_0
51778,6_00_0
51779,4_00_0
51780,6_00_0
51781,6_00_0
51782,4_00_0
51783,6_00_0
51784,4_00_0
51785,6_00_0
51786,5_b6_1
51787,1_00_0
51788,6_00_0
51789,4_00_0
51790,1_00_0
51791,2_a5_2
51792,1_00_0
51793,6_00_0
51794,6_00_0
51795,4_00_0
51796,2_a5_2
51797,4_00_0
51798,1_00_0
51800,1_00_0
51801,3_a9_1
51803,3_b6_1
51804,4_00_0
51805,3_00_0
51806,3_b8_1
51808,3_b7_1
51809,3_00_0
51811,5_b7_1
51812,2_a5_2
51814,4_00_0
51815,4_00_0
51816,5_b8_1
51818,5_b7_1
51819,6_00_0
51820,3_b7_1
51821,4_00_0
51822,1_00_0
51823,6_a12_2
51824,3_a9_1
51825,3_00_0
51826,3_00_0
51827,3_00_0
51828,5_b7_1
51829,4_00_0
51830,2_00_0
51831,1_00_0
51833,4_00_0
51834,3_00_0
51835,1_00_0
51836,4_00_0
51837,1_00_0
51838,5_b6_1
51839,2_a5_2
51840,2_a5_2
51841,4_00_0
51842,1_00_0
51843,4_00_0
51844,5_b8_1
51845,1_00_0
51847,1_00_0
51848,5_b7_1
51849,1_00_0
51850,6_00_0
51851,5_b7_1
51852,3_00_0
51853,3_b7_1
51854,3_00_0
51855,2_00_0
51856,2_a5_2
51857,3_00_0
51858,3_00_0
51859,2_a5_2
51860,1_00_0
51861,2_a5_2
51862,2_00_0
51863,1_00_0
51864,6_00_0
51865,3_b3_1
51866,4_00_0
51867,3_a9_1
51868,6_00_0
51869,6_00_0
51870,4_00_0
51871,3_00_0
51872,1_00_0
51873,3_00_0
51874,1_00_0
51875,3_b3_1
51876,6_00_0
51877,5_b8_1
51878,4_00_0
51880,1_00_0
51881,2_00_0
51882,3_a9_2
51883,3_00_0
51884,4_00_0
51885,6_00_0
51887,3_a9_1
51888,1_00_0
51889,3_00_0
51890,6_a11_1
51892,1_00_0
51893,5_b6_1
51894,1_00_0
51895,1_00_0
51896,5_b6_1
51897,6_00_0
51898,3_a9_2
51899,4_00_0
51900,6_00_0
51901,3_a9_2
51902,6_00_0
51903,4_00_0
51904,6_00_0
51906,3_00_0
51907,3_00_0
51908,3_00_0
51909,6_00_0
51910,6_00_0
51911,4_00_0
51912,3_b7_1
51913,3_00_0
51914,6_b4_3
51915,4_00_0
51916,3_00_0
51917,1_00_0
51918,6_00_0
51919,3_b3_1
51920,5_a7_2
51921,4_00_0
51922,4_00_0
51923,6_00_0
51924,2_00_0
51925,3_b3_1
51926,3_a9_2
51927,3_00_0
51928,4_00_0
51929,2_a5_2
51930,3_00_0
51931,6_00_0
51932,5_b7_1
51933,3_00_0
51934,4_00_0
51935,5_b6_1
51936,3_00_0
51937,5_b6_1
51938,1_00_0
51939,1_00_0
51940,3_00_0
51941,2_a5_2
51942,2_a5_2
51943,3_00_0
51944,1_00_0
51945,4_00_0
51946,4_00_0
51947,6_00_0
51948,3_00_0
51950,3_00_0
51952,4_00_0
51953,3_a9_1
51954,3_b6_1
51955,3_00_0
51956,4_00_0
51957,1_00_0
51958,4_00_0
51959,3_a9_2
51961,3_b7_1
51963,3_00_0
51964,3_00_0
51965,3_00_0
51967,3_a9_2
51968,3_00_0
51969,5_00_0
51971,3_00_0
51972,6_a12_1
51974,4_00_0
51975,3_00_0
51976,6_a11_1
51977,3_00_0
51978,5_b8_1
51979,3_b6_1
51980,6_00_0
51981,3_00_0
51982,2_a5_2
51983,3_00_0
51984,3_00_0
51985,3_00_0
51986,6_00_0
51987,3_b8_1
51988,3_b3_1
51989,6_00_0
51990,4_00_0
51991,3_00_0
51992,6_00_0
51993,3_a9_2
51994,3_b3_1
51995,2_00_0
51996,6_00_0
51997,6_00_0
51998,1_00_0
51999,3_a9_1
52000,6_00_0
52001,3_00_0
52002,3_00_0
52003,3_a9_1
52004,1_00_0
52005,2_a5_2
52006,4_00_0
52007,3_00_0
52009,2_a5_2
52010,6_00_0
52011,3_00_0
52012,3_00_0
52013,3_a9_1
52014,3_b7_1
52015,1_00_0
52017,3_b3_1
52018,3_a9_2
52019,1_00_0
52020,3_00_0
52021,3_00_0
52022,3_b6_1
52023,5_b7_1
52024,1_00_0
52025,3_b3_1
52026,3_b7_1
52027,3_00_0
52028,3_00_0
52029,5_a7_2
52030,6_00_0
52032,4_00_0
52033,3_a9_2
52034,4_00_0
52035,3_00_0
52036,6_00_0
52037,6_00_0
52039,3_00_0
52040,2_a5_2
52042,6_00_0
52044,5_a7_2
52045,3_a9_2
52046,1_00_0
52047,3_b7_1
52048,4_00_0
52049,6_00_0
52050,4_00_0
52051,3_00_0
52052,3_b7_1
52053,3_00_0
52054,3_00_0
52055,3_00_0
52056,3_00_0
52057,3_00_0
52058,3_00_0
52059,3_b6_1
52060,3_00_0
52061,4_00_0
52062,5_b8_1
52063,3_00_0
52064,1_00_0
52065,3_b6_1
52067,4_00_0
52068,6_a12_1
52069,3_b3_1
52070,6_00_0
52071,3_a9_2
52072,5_b6_1
52073,6_00_0
52074,3_00_0
52075,5_b7_1
52076,5_a7_2
52077,4_00_0
52078,4_00_0
52079,6_00_0
52080,1_00_0
52081,3_a9_2
52083,6_00_0
52084,1_00_0
52087,3_00_0
52089,3_b6_1
52090,3_00_0
52091,4_00_0
52092,3_00_0
52094,6_00_0
52095,3_00_0
52096,6_00_0
52097,3_a9_1
52098,6_00_0
52099,4_00_0
52100,3_b7_1
52101,3_00_0
52102,4_00_0
52103,6_00_0
52104,6_00_0
52105,6_00_0
52107,2_00_0
52108,3_b7_1
52109,6_00_0
52111,3_b7_1
52112,1_00_0
52113,6_00_0
52114,4_00_0
52115,6_00_0
52116,1_00_0
52117,3_b6_1
52118,6_00_0
52119,2_a5_2
52120,3_b6_1
52121,5_b8_1
52122,4_00_0
52123,1_00_0
52124,4_00_0
52125,3_a9_2
52126,6_00_0
52127,3_00_0
52128,3_00_0
52129,1_00_0
52130,3_a9_2
52131,6_00_0
52132,3_b3_1
52133,3_a9_2
52134,3_b6_1
52135,6_00_0
52136,4_00_0
52137,1_00_0
52138,5_b8_1
52139,1_00_0
52141,3_a9_2
52142,1_00_0
52143,3_a9_2
52144,3_00_0
52145,1_00_0
52147,5_b8_1
52148,4_00_0
52149,1_00_0
52150,3_b7_1
52151,4_00_0
52152,5_a7_2
52153,3_a9_2
52154,6_00_0
52155,3_b6_1
52157,4_00_0
52158,6_00_0
52159,4_00_0
52160,3_00_0
52161,4_00_0
52162,5_b6_1
52164,5_b7_1
52165,6_00_0
52166,3_a9_1
52167,3_a9_1
52168,3_00_0
52169,5_b6_1
52170,3_00_0
52171,3_00_0
52172,4_00_0
52173,2_a5_2
52174,4_00_0
52175,3_00_0
52176,1_00_0
52177,3_b7_1
52178,3_00_0
52179,1_00_0
52180,1_00_0
52181,6_00_0
52182,3_00_0
52183,4_00_0
52184,3_00_0
52185,6_a12_2
52186,3_00_0
52187,5_b6_1
52189,5_b8_1
52190,3_b7_1
52191,3_b6_1
52192,5_b6_1
52193,1_00_0
52194,3_00_0
52195,6_00_0
52196,3_b8_1
52198,1_00_0
52199,3_a9_1
52200,1_00_0
52201,1_00_0
52202,6_00_0
52203,6_a12_2
52204,1_00_0
52205,4_00_0
52207,3_b6_1
52208,6_00_0
52209,5_00_0
52210,1_00_0
52211,5_b7_1
52212,2_a5_2
52213,3_00_0
52214,5_a7_2
52215,3_b3_1
52216,5_00_0
52217,2_00_0
52218,4_00_0
52220,3_b7_1
52221,3_00_0
52223,3_00_0
52224,3_00_0
52225,4_00_0
52226,1_00_0
52227,3_00_0
52228,6_a12_2
52229,6_00_0
52230,3_b7_1
52231,3_00_0
52232,6_00_0
52233,3_00_0
52234,2_00_0
52235,4_00_0
52236,3_00_0
52237,1_00_0
52238,1_00_0
52239,3_a9_1
52240,1_00_0
52241,4_00_0
52242,1_00_0
52243,6_00_0
52244,4_00_0
52245,5_b7_1
52246,5_a7_2
52247,6_b4_1
52248,4_00_0
52250,2_00_0
52251,5_b6_1
52252,6_00_0
52253,1_00_0
52255,3_00_0
52257,3_a9_2
52258,3_00_0
52259,5_a7_2
52260,3_00_0
52261,3_a9_2
52262,5_b7_1
52263,3_b8_1
52264,1_00_0
52265,3_00_0
52266,3_b8_1
52267,3_00_0
52268,6_00_0
52269,6_00_0
52270,3_00_0
52271,3_00_0
52272,3_b7_1
52273,1_00_0
52274,5_b8_1
52275,2_a5_2
52276,4_00_0
52277,6_00_0
52278,1_00_0
52279,6_00_0
52280,3_00_0
52281,3_00_0
52282,5_b7_1
52284,5_b6_1
52285,2_a5_2
52286,1_00_0
52287,3_00_0
52288,3_b6_1
52289,3_00_0
52290,3_00_0
52291,3_b7_1
52292,5_b7_1
52293,6_00_0
52294,3_00_0
52295,6_00_0
52296,5_b6_1
52297,1_00_0
52298,3_b6_1
52299,4_00_0
52300,1_00_0
52301,5_00_0
52302,3_a9_1
52303,3_00_0
52304,2_a5_2
52305,4_00_0
52306,6_00_0
52307,1_00_0
52308,3_b6_1
52309,1_00_0
52310,4_00_0
52311,3_a9_3
52312,1_00_0
52313,1_00_0
52314,3_a9_1
52315,6_00_0
52316,6_00_0
52317,3_a9_1
52319,4_00_0
52320,3_00_0
52321,6_b4_1
52322,5_b8_1
52323,6_00_0
52324,6_00_0
52326,4_00_0
52327,1_00_0
52328,3_00_0
52329,3_b7_1
52330,3_00_0
52331,3_a9_2
52335,3_b3_1
52336,3_00_0
52337,1_00_0
52338,5_b6_1
52339,4_00_0
52340,6_00_0
52341,3_00_0
52343,4_00_0
52344,4_00_0
52345,5_b6_1
52347,5_b7_1
52348,4_00_0
52349,4_00_0
52350,5_b7_1
52351,3_00_0
52352,1_00_0
52353,2_00_0
52354,6_00_0
52356,6_a11_1
52358,6_00_0
52360,3_b3_1
52361,6_00_0
52362,3_00_0
52363,1_00_0
52365,3_00_0
52366,4_00_0
52367,4_00_0
52368,1_00_0
52369,3_a9_2
52370,4_00_0
52372,3_a9_2
52373,1_00_0
52374,3_b3_1
52376,3_b7_1
52377,6_b4_3
52378,6_00_0
52379,6_00_0
52380,1_00_0
52382,5_b8_1
52383,1_00_0
52384,1_00_0
52385,6_00_0
52386,4_00_0
52387,5_00_0
52389,3_b6_1
52390,2_a5_2
52392,3_b3_1
52393,5_b7_1
52394,4_00_0
52395,3_00_0
52396,5_00_0
52397,1_00_0
52398,3_00_0
52399,4_00_0
52400,4_00_0
52401,3_00_0
52402,3_00_0
52403,4_00_0
52404,3_00_0
52405,6_00_0
52406,3_b6_1
52407,4_00_0
52408,3_b3_1
52409,3_00_0
52410,4_00_0
52411,1_00_0
52412,1_00_0
52413,6_00_0
52414,3_b6_1
52415,1_00_0
52416,3_b6_1
52417,3_a9_2
52418,1_00_0
52419,3_00_0
52420,3_b7_1
52421,3_00_0
52422,1_00_0
52423,3_b3_1
52424,6_00_0
52425,2_00_0
52426,3_b7_1
52427,6_00_0
52428,4_00_0
52429,6_00_0
52430,3_a9_1
52431,3_b8_1
52432,1_00_0
52433,3_b7_1
52434,3_a9_1
52435,4_00_0
52436,3_00_0
52437,3_00_0
52438,3_00_0
52439,6_00_0
52440,3_b6_1
52441,3_00_0
52442,5_b6_1
52443,2_a5_2
52444,6_00_0
52445,4_00_0
52447,3_a9_2
52448,4_00_0
52449,1_00_0
52450,3_a9_2
52451,6_00_0
52452,4_00_0
52453,3_00_0
52455,5_00_0
52456,4_00_0
52457,3_00_0
52458,5_b6_1
52459,1_00_0
52460,2_a5_2
52461,2_a5_2
52462,3_a9_1
52463,3_b8_1
52464,2_00_0
52465,3_b7_1
52466,3_b3_1
52468,2_00_0
52469,4_00_0
52471,3_a9_1
52472,4_00_0
52474,1_00_0
52475,3_a9_2
52476,1_00_0
52477,3_00_0
52479,5_a7_2
52480,1_00_0
52481,3_b3_1
52482,3_00_0
52483,2_a5_2
52484,6_00_0
52487,6_00_0
52488,5_b7_1
52489,1_00_0
52490,6_00_0
52493,3_00_0
52494,5_b6_1
52495,6_00_0
52497,3_b8_1
52498,3_00_0
52499,6_00_0
52500,3_00_0
52501,4_00_0
52502,1_00_0
52503,3_b7_1
52504,6_00_0
52505,5_b8_1
52506,5_b6_1
52507,3_00_0
52508,3_00_0
52509,1_00_0
52510,3_00_0
52511,3_b6_1
52512,3_00_0
52514,6_00_0
52516,3_00_0
52517,5_b7_1
52518,3_b3_1
52520,6_00_0
52521,3_b8_1
52522,4_00_0
52523,3_b8_1
52524,2_a5_2
52525,5_b6_1
52526,6_00_0
52528,5_b7_1
52529,3_00_0
52530,3_a9_1
52531,3_00_0
52532,3_00_0
52533,6_00_0
52534,5_b8_1
52536,2_a5_2
52537,4_00_0
52538,3_b8_1
52539,4_00_0
52541,3_00_0
52542,3_a9_2
52543,5_b6_1
52544,6_00_0
52545,5_b8_1
52546,3_00_0
52547,1_00_0
52548,6_00_0
52549,6_00_0
52550,4_00_0
52551,5_a7_2
52552,5_b7_1
52553,3_00_0
52555,2_00_0
52556,6_00_0
52557,5_b6_1
52558,5_a7_2
52559,3_00_0
52560,3_00_0
52561,6_a11_1
52563,5_b8_1
52564,1_00_0
52565,4_00_0
52566,3_00_0
52567,5_b7_1
52569,1_00_0
52570,2_00_0
52571,3_00_0
52572,5_b7_1
52573,4_00_0
52574,1_00_0
52575,5_b6_1
52576,5_b7_1
52577,1_00_0
52578,4_00_0
52579,3_00_0
52580,6_00_0
52581,1_00_0
52583,6_00_0
52584,3_00_0
52585,3_b3_1
52586,4_00_0
52587,1_00_0
52588,1_00_0
52589,1_00_0
52590,5_b8_1
52591,6_b4_3
52592,4_00_0
52593,3_00_0
52594,3_00_0
52595,6_00_0
52596,2_a5_2
52597,3_00_0
52598,1_00_0
52599,3_a9_1
52600,1_00_0
52601,2_00_0
52602,5_b6_1
52603,3_00_0
52604,3_b6_1
52605,3_b7_1
52606,3_00_0
52607,3_00_0
52608,4_00_0
52610,6_00_0
52611,3_00_0
52612,2_a5_2
52614,6_00_0
52615,3_a9_2
52616,4_00_0
52617,3_b6_1
52619,1_00_0
52620,3_b8_1
52621,4_00_0
52622,1_00_0
52623,6_b4_1
52624,6_a11_2
52625,5_b8_1
52626,6_00_0
52627,5_a7_2
52628,3_00_0
52630,6_00_0
52631,4_00_0
52632,4_00_0
52633,6_00_0
52634,6_00_0
52635,4_00_0
52636,6_00_0
52637,4_00_0
52638,5_a7_2
52639,2_a5_2
52640,3_00_0
52641,1_00_0
52642,6_00_0
52643,3_b6_1
52644,4_00_0
52645,5_b8_1
52646,3_00_0
52648,1_00_0
52649,4_00_0
52650,5_b6_1
52651,3_b7_1
52652,3_00_0
52653,1_00_0
52654,5_b8_1
52655,3_00_0
52656,6_00_0
52657,1_00_0
52658,5_b7_1
52659,4_00_0
52660,6_00_0
52661,4_00_0
52662,6_00_0
52663,4_00_0
52664,6_00_0
52665,1_00_0
52666,6_00_0
52667,3_b3_1
52668,4_00_0
52669,3_00_0
52670,3_b8_1
52671,3_a9_1
52672,3_a9_2
52673,6_00_0
52674,3_00_0
52675,6_00_0
52676,1_00_0
52677,3_00_0
52679,3_b7_1
52680,4_00_0
52681,5_b6_1
52683,3_00_0
52684,3_b8_1
52685,1_00_0
52686,3_00_0
52687,3_b6_1
52688,6_00_0
52690,3_b7_1
52691,3_00_0
52692,2_a5_2
52693,2_a5_2
52694,3_b7_1
52695,1_00_0
52696,4_00_0
52697,3_00_0
52698,1_00_0
52699,3_00_0
52700,5_b6_1
52701,6_00_0
52702,4_00_0
52703,3_00_0
52704,6_b4_3
52705,3_a9_1
52706,6_00_0
52707,4_00_0
52708,5_a7_2
52709,3_a9_1
52710,3_00_0
52711,3_00_0
52712,6_00_0
52713,4_00_0
52714,1_00_0
52715,6_00_0
52716,6_00_0
52717,3_b3_1
52718,6_00_0
52719,5_b7_1
52720,6_00_0
52721,4_00_0
52722,4_00_0
52723,3_a9_2
52724,6_00_0
52725,6_00_0
52726,6_00_0
52727,3_a9_2
52728,5_b6_1
52729,4_00_0
52730,5_00_0
52731,2_a5_2
52732,3_00_0
52733,3_a9_2
52734,3_00_0
52735,3_00_0
52736,1_00_0
52737,4_00_0
52738,5_b7_1
52739,4_00_0
52740,3_b8_1
52741,4_00_0
52742,3_00_0
52743,6_a12_2
52744,3_00_0
52745,3_b8_1
52746,6_00_0
52747,3_00_0
52748,3_00_0
52749,4_00_0
52750,1_00_0
52751,4_00_0
52752,6_00_0
52754,3_a9_2
52755,3_00_0
52756,3_00_0
52757,1_00_0
52759,4_00_0
52760,4_00_0
52762,5_a7_2
52763,6_00_0
52764,1_00_0
52765,2_a5_2
52766,3_a9_2
52767,3_b7_1
52768,3_b7_1
52769,4_00_0
52770,6_00_0
52771,5_b8_1
52772,3_b3_1
52773,6_a11_1
52775,5_b8_1
52776,1_00_0
52777,2_00_0
52778,3_a9_1
52779,6_00_0
52780,3_00_0
52781,2_00_0
52782,3_00_0
52783,3_b6_1
52784,6_00_0
52785,1_00_0
52786,5_a7_2
52787,3_b7_1
52788,5_b8_1
52789,3_00_0
52790,6_00_0
52791,1_00_0
52792,3_b3_1
52794,3_00_0
52795,3_a9_1
52796,2_00_0
52797,1_00_0
52798,5_b6_1
52799,1_00_0
52801,3_00_0
52803,2_00_0
52804,3_00_0
52805,3_00_0
52806,4_00_0
52808,1_00_0
52809,6_00_0
52811,6_00_0
52812,4_00_0
52813,3_b6_1
52814,3_b6_1
52815,1_00_0
52816,3_b7_1
52817,5_b6_1
52818,3_00_0
52819,3_00_0
52820,6_00_0
52821,3_00_0
52822,3_b8_1
52823,6_00_0
52824,4_00_0
52825,3_b6_1
52827,5_b7_1
52828,4_00_0
52829,6_00_0
52830,3_b8_1
52831,1_00_0
52832,1_00_0
52833,6_00_0
52834,3_00_0
52835,3_00_0
52836,6_00_0
52838,5_b7_1
52841,1_00_0
52842,3_00_0
52843,3_b7_1
52844,6_00_0
52845,5_b7_1
52846,3_00_0
52847,5_b8_1
52848,4_00_0
52849,4_00_0
52850,6_00_0
52851,1_00_0
52852,4_00_0
52853,3_b7_1
52854,1_00_0
52855,6_b5_1
52856,5_b6_1
52857,6_00_0
52858,3_b6_1
52859,5_b7_1
52860,3_00_0
52861,3_b7_1
52862,6_00_0
52863,3_a9_1
52864,3_b6_1
52865,1_00_0
52867,3_00_0
52868,6_00_0
52869,3_b8_1
52870,3_a9_1
52871,6_00_0
52872,3_00_0
52873,6_00_0
52874,5_b8_1
52875,1_00_0
52876,1_00_0
52877,4_00_0
52878,4_00_0
52879,3_a9_2
52880,4_00_0
52881,6_00_0
52882,3_b7_1
52883,3_00_0
52884,2_00_0
52885,6_00_0
52886,5_a7_2
52887,3_a9_1
52888,3_00_0
52889,2_00_0
52890,3_b6_1
52891,2_a5_2
52892,3_b6_1
52893,4_00_0
52894,6_00_0
52895,5_b8_1
52896,6_00_0
52897,3_00_0
52898,4_00_0
52899,3_00_0
52900,6_a11_1
52901,3_00_0
52902,6_00_0
52903,3_00_0
52904,5_a7_2
52906,5_b7_1
52907,5_b8_1
52908,3_00_0
52909,3_b7_1
52911,1_00_0
52913,5_b7_1
52914,2_a5_2
52917,4_00_0
52918,1_00_0
52919,3_00_0
52920,1_00_0
52921,3_00_0
52922,6_00_0
52923,1_00_0
52924,3_00_0
52925,3_00_0
52926,4_00_0
52927,5_00_0
52928,3_00_0
52929,4_00_0
52930,3_00_0
52931,4_00_0
52932,5_b6_1
52933,6_00_0
52935,1_00_0
52936,3_00_0
52937,4_00_0
52938,3_b3_1
52939,4_00_0
52940,1_00_0
52941,6_00_0
52942,4_00_0
52943,3_b7_1
52945,4_00_0
52946,3_00_0
52947,3_00_0
52949,6_00_0
52950,3_00_0
52951,1_00_0
52952,4_00_0
52953,3_b6_1
52954,3_00_0
52955,4_00_0
52956,3_00_0
52957,3_b6_1
52958,3_00_0
52959,1_00_0
52960,6_a12_2
52961,6_00_0
52962,1_00_0
52963,3_a9_1
52964,6_00_0
52965,1_00_0
52966,6_00_0
52968,3_00_0
52969,6_00_0
52971,5_b8_1
52973,3_a9_1
52974,4_00_0
52975,6_00_0
52976,5_b7_1
52977,3_b7_1
52978,1_00_0
52979,4_00_0
52980,4_00_0
52981,1_00_0
52983,3_a9_2
52984,3_00_0
52985,1_00_0
52987,3_a9_2
52988,3_00_0
52990,1_00_0
52991,3_b6_1
52992,3_00_0
52993,3_b8_1
52994,3_a9_2
52995,4_00_0
52996,6_00_0
52997,5_b6_1
52998,3_b6_1
52999,3_00_0
53000,3_00_0
53002,4_00_0
53003,1_00_0
53004,4_00_0
53005,3_b7_1
53007,5_b8_1
53008,3_b3_1
53010,4_00_0
53011,3_a9_3
53012,3_00_0
53013,3_b3_1
53014,4_00_0
53015,3_00_0
53016,1_00_0
53017,5_b6_1
53018,3_b8_1
53019,6_00_0
53020,6_00_0
53021,4_00_0
53022,6_00_0
53023,1_00_0
53024,3_b3_1
53026,3_00_0
53027,4_00_0
53028,1_00_0
53029,4_00_0
53030,1_00_0
53031,3_b7_1
53032,6_00_0
53033,3_b6_1
53034,3_b7_1
53035,3_00_0
53036,3_b7_1
53037,6_00_0
53038,5_b6_1
53039,4_00_0
53040,5_a7_2
53041,1_00_0
53042,5_b8_1
53043,4_00_0
53046,3_b6_1
53047,3_00_0
53048,3_00_0
53049,4_00_0
53050,3_00_0
53051,3_b6_1
53052,1_00_0
53053,4_00_0
53054,5_b7_1
53055,3_00_0
53056,4_00_0
53057,3_b8_1
53058,6_00_0
53059,1_00_0
53060,3_00_0
53061,2_a5_2
53062,3_00_0
53063,5_b6_1
53064,6_00_0
53065,3_00_0
53066,4_00_0
53067,5_b7_1
53068,3_a9_2
53069,3_a9_1
53070,1_00_0
53071,2_a5_2
53073,3_b6_1
53074,3_b6_1
53075,6_00_0
53076,5_b7_1
53077,4_00_0
53078,3_00_0
53079,1_00_0
53080,3_a9_2
53081,5_b8_1
53082,4_00_0
53083,4_00_0
53084,6_00_0
53085,2_a5_2
53086,3_00_0
53088,3_00_0
53089,3_b7_1
53090,5_a7_2
53091,5_a7_2
53092,6_b5_1
53093,4_00_0
53094,5_b6_1
53095,1_00_0
53096,5_b7_1
53097,4_00_0
53098,4_00_0
53100,5_b7_1
53101,3_00_0
53102,1_00_0
53103,3_00_0
53104,6_00_0
53105,4_00_0
53107,6_00_0
53108,1_00_0
53110,3_b6_1
53111,3_00_0
53113,3_a9_1
53114,4_00_0
53115,5_b8_1
53118,1_00_0
53120,3_b8_1
53121,3_00_0
53122,4_00_0
53123,5_b8_1
53124,3_00_0
53125,3_00_0
53126,6_00_0
53127,1_00_0
53128,4_00_0
53129,4_00_0
53130,1_00_0
53131,1_00_0
53132,6_00_0
53133,1_00_0
53134,5_a7_2
53135,3_00_0
53136,3_00_0
53137,3_b7_1
53138,4_00_0
53139,4_00_0
53140,1_00_0
53141,3_b7_1
53142,6_00_0
53143,3_00_0
53144,4_00_0
53145,1_00_0
53146,1_00_0
53147,3_00_0
53148,3_b6_1
53149,5_a7_2
53150,2_00_0
53151,1_00_0
53153,1_00_0
53154,3_00_0
53155,4_00_0
53156,4_00_0
53157,5_b6_1
53158,3_00_0
53161,3_b6_1
53162,1_00_0
53163,3_00_0
53164,5_a7_2
53165,6_a12_2
53166,1_00_0
53167,1_00_0
53168,1_00_0
53169,6_00_0
53170,1_00_0
53171,3_a9_1
53172,1_00_0
53173,3_00_0
53174,1_00_0
53175,4_00_0
53176,4_00_0
53177,4_00_0
53178,3_00_0
53179,1_00_0
53180,6_a11_1
53181,1_00_0
53182,4_00_0
53183,3_b7_1
53185,5_a7_2
53186,2_a5_2
53187,5_b7_1
53188,3_a9_2
53189,6_00_0
53190,6_00_0
53191,3_b7_1
53192,6_00_0
53193,3_a9_1
53194,3_b6_1
53195,2_a5_2
53196,3_00_0
53197,3_a9_1
53198,4_00_0
53199,3_b6_1
53200,4_00_0
53201,1_00_0
53202,4_00_0
53203,4_00_0
53204,1_00_0
53205,2_a5_2
53206,3_a9_1
53207,3_00_0
53208,2_00_0
53209,1_00_0
53210,5_b6_1
53211,3_b6_1
53212,6_00_0
53213,4_00_0
53214,3_00_0
53215,3_00_0
53216,6_00_0
53218,1_00_0
53219,1_00_0
53220,3_b3_1
53221,3_00_0
53222,2_00_0
53223,5_a7_2
53224,1_00_0
53225,6_00_0
53226,4_00_0
53227,5_b8_1
53228,1_00_0
53229,3_00_0
53230,5_b7_1
53232,5_b7_1
53233,5_00_0
53234,3_a9_1
53235,6_00_0
53236,3_00_0
53237,1_00_0
53238,1_00_0
53239,5_b7_1
53240,4_00_0
53241,1_00_0
53242,3_a9_1
53243,3_00_0
53244,1_00_0
53245,1_00_0
53246,6_00_0
53247,4_00_0
53248,2_00_0
53249,6_00_0
53250,3_00_0
53251,6_00_0
53252,4_00_0
53253,5_b7_1
53254,3_00_0
53255,5_b8_1
53256,1_00_0
53257,4_00_0
53258,4_00_0
53259,6_00_0
53260,5_b6_1
53261,4_00_0
53263,1_00_0
53264,3_00_0
53265,6_00_0
53266,3_00_0
53267,4_00_0
53268,6_00_0
53269,1_00_0
53270,3_a9_1
53271,3_b6_1
53272,3_b7_1
53273,1_00_0
53274,3_b6_1
53275,4_00_0
53276,3_b7_1
53277,6_00_0
53278,3_00_0
53279,2_00_0
53281,4_00_0
53282,6_00_0
53283,3_00_0
53284,6_00_0
53285,6_00_0
53286,1_00_0
53287,3_b6_1
53288,5_b7_1
53290,3_a9_2
53292,3_b7_1
53293,4_00_0
53294,6_00_0
53295,3_b3_1
53296,5_b8_1
53297,2_a5_2
53298,4_00_0
53299,1_00_0
53300,2_00_0
53301,6_00_0
53302,4_00_0
53303,1_00_0
53304,6_00_0
53306,2_a5_2
53307,6_00_0
53308,1_00_0
53309,2_00_0
53311,4_00_0
53312,3_b8_1
53313,1_00_0
53315,5_b7_1
53316,6_00_0
53317,1_00_0
53318,1_00_0
53319,4_00_0
53320,4_00_0
53321,3_a9_2
53323,4_00_0
53324,4_00_0
53325,4_00_0
53326,3_b3_1
53327,5_b8_1
53328,3_b3_1
53329,3_00_0
53330,5_b7_1
53331,6_b4_3
53332,5_b7_1
53333,1_00_0
53335,3_a9_2
53336,3_00_0
53337,1_00_0
53338,6_b5_1
53339,1_00_0
53340,3_b7_1
53341,4_00_0
53342,5_b7_1
53343,1_00_0
53344,2_00_0
53345,4_00_0
53346,2_a5_2
53347,3_00_0
53348,3_b8_1
53351,6_a11_1
53352,3_00_0
53353,3_a9_1
53355,2_a5_2
53356,3_a9_1
53357,5_b7_1
53358,2_a5_2
53359,1_00_0
53360,5_b7_1
53361,6_00_0
53362,5_b7_1
53363,5_a7_2
53364,3_00_0
53366,1_00_0
53367,5_a7_2
53368,4_00_0
53369,4_00_0
53370,3_00_0
53371,1_00_0
53373,2_00_0
53374,6_00_0
53375,3_00_0
53376,3_b3_1
53378,3_b7_1
53379,6_00_0
53380,6_00_0
53381,3_b3_1
53382,5_b6_1
53383,3_b7_1
53384,3_b7_1
53385,4_00_0
53386,5_00_0
53387,2_00_0
53388,5_b7_1
53389,5_a7_2
53390,3_00_0
53391,1_00_0
53392,1_00_0
53393,3_00_0
53394,3_b8_1
53395,6_00_0
53397,3_00_0
53398,6_00_0
53399,6_00_0
53400,6_00_0
53401,3_00_0
53402,6_00_0
53403,3_00_0
53404,4_00_0
53405,3_a9_2
53406,3_b8_1
53407,3_00_0
53408,4_00_0
53409,3_00_0
53410,1_00_0
53411,1_00_0
53413,1_00_0
53414,5_b7_1
53415,3_00_0
53417,4_00_0
53418,3_00_0
53419,3_00_0
53420,6_00_0
53421,1_00_0
53422,3_a9_2
53423,6_00_0
53424,5_b7_1
53425,6_00_0
53426,3_b6_1
53427,6_00_0
53428,6_a12_1
53430,1_00_0
53431,4_00_0
53432,5_a7_2
53433,6_a11_2
53435,2_a5_2
53436,6_00_0
53437,5_b7_1
53438,3_00_0
53440,3_b6_1
53441,2_a5_2
53443,1_00_0
53444,5_00_0
53445,4_00_0
53446,5_b8_1
53447,3_b8_1
53448,6_00_0
53449,2_00_0
53450,3_b6_1
53451,1_00_0
53452,1_00_0
53453,6_00_0
53454,5_b8_1
53455,4_00_0
53456,5_b6_1
53457,6_00_0
53458,3_00_0
53459,4_00_0
53460,1_00_0
53461,5_b6_1
53462,6_00_0
53463,3_b7_1
53464,5_b8_1
53465,4_00_0
53466,1_00_0
53467,4_00_0
53468,5_b6_1
53469,4_00_0
53470,6_00_0
53471,4_00_0
53473,3_b3_1
53474,6_00_0
53476,3_00_0
53477,4_00_0
53478,6_00_0
53479,2_00_0
53480,6_00_0
53481,6_00_0
53483,6_a12_2
53484,5_b6_1
53485,3_a9_1
53486,3_b6_1
53487,1_00_0
53488,4_00_0
53489,4_00_0
53490,5_a7_2
53491,6_00_0
53493,3_b3_1
53494,4_00_0
53495,6_00_0
53496,4_00_0
53497,4_00_0
53498,5_b7_1
53499,3_00_0
53500,4_00_0
53501,3_00_0
53502,3_b3_1
53503,3_a9_1
53505,6_00_0
53507,3_b3_1
53509,6_00_0
53510,3_b3_1
53511,3_b6_1
53513,4_00_0
53514,3_00_0
53515,6_00_0
53516,6_00_0
53517,6_00_0
53518,4_00_0
53519,3_00_0
53520,4_00_0
53521,4_00_0
53522,6_00_0
53523,1_00_0
53524,4_00_0
53525,5_b8_1
53526,4_00_0
53527,2_00_0
53528,3_00_0
53529,3_b6_1
53530,5_00_0
53531,1_00_0
53532,3_00_0
53533,3_00_0
53534,1_00_0
53535,2_00_0
53536,1_00_0
53537,3_00_0
53538,1_00_0
53539,1_00_0
53540,1_00_0
53541,6_b4_1
53542,6_00_0
53543,6_a12_2
53544,3_00_0
53545,5_b6_1
53546,4_00_0
53548,3_a9_2
53549,6_00_0
53550,4_00_0
53551,3_00_0
53552,6_00_0
53553,3_a9_1
53554,5_b8_1
53555,4_00_0
53556,3_b3_1
53557,5_a7_2
53558,3_00_0
53561,1_00_0
53562,3_b7_1
53564,1_00_0
53566,3_00_0
53567,4_00_0
53568,3_00_0
53569,3_b3_1
53570,5_b6_1
53571,3_b7_1
53572,5_b6_1
53573,3_a9_1
53574,5_a7_2
53575,4_00_0
53576,4_00_0
53577,5_a7_2
53578,6_00_0
53579,1_00_0
53580,5_b7_1
53581,2_a5_2
53582,4_00_0
53583,1_00_0
53584,4_00_0
53585,2_a5_2
53586,5_b6_1
53587,6_00_0
53588,6_00_0
53589,3_00_0
53590,1_00_0
53591,3_00_0
53592,6_00_0
53593,3_b6_1
53594,3_00_0
53595,3_00_0
53596,6_a12_2
53597,4_00_0
53598,3_b6_1
53599,5_b6_1
53600,4_00_0
53601,1_00_0
53602,3_a9_2
53603,6_00_0
53604,3_00_0
53605,3_b7_1
53606,3_a9_1
53607,5_b7_1
53608,5_b7_1
53609,6_00_0
53610,4_00_0
53611,3_00_0
53612,3_00_0
53613,4_00_0
53614,4_00_0
53615,6_00_0
53616,5_b8_1
53617,6_00_0
53619,6_00_0
53620,4_00_0
53621,6_00_0
53622,4_00_0
53623,6_00_0
53624,3_00_0
53625,5_b8_1
53626,3_00_0
53627,3_b6_1
53628,4_00_0
53629,3_b7_1
53630,6_00_0
53631,4_00_0
53633,3_00_0
53634,3_00_0
53635,5_a7_2
53636,6_00_0
53637,3_b6_1
53638,6_b4_3
53639,3_b6_1
53640,3_00_0
53641,3_00_0
53642,6_00_0
53643,4_00_0
53645,3_00_0
53646,1_00_0
53647,4_00_0
53648,3_b7_1
53649,3_00_0
53650,4_00_0
53651,4_00_0
53652,5_b8_1
53653,3_00_0
53654,3_a9_1
53655,1_00_0
53656,6_00_0
53657,3_b6_1
53658,6_00_0
53659,4_00_0
53660,3_00_0
53661,4_00_0
53662,6_00_0
53663,1_00_0
53664,3_b8_1
53665,3_a9_2
53666,4_00_0
53668,4_00_0
53669,3_a9_1
53670,5_b8_1
53671,3_a9_1
53672,1_00_0
53673,3_a9_1
53674,3_00_0
53675,3_00_0
53676,4_00_0
53677,3_a9_1
53678,4_00_0
53679,5_b6_1
53680,3_00_0
53681,4_00_0
53682,3_00_0
53683,3_a9_1
53684,2_00_0
53685,3_b3_1
53686,1_00_0
53687,2_a5_2
53688,2_a5_2
53689,3_00_0
53690,3_a9_1
53691,1_00_0
53692,4_00_0
53693,3_00_0
53694,3_00_0
53695,1_00_0
53696,3_a9_1
53697,5_b7_1
53698,6_00_0
53699,3_b6_1
53700,6_00_0
53701,4_00_0
53702,2_a5_2
53703,5_b6_1
53704,1_00_0
53705,4_00_0
53706,4_00_0
53707,6_00_0
53708,3_00_0
53709,1_00_0
53710,3_b7_1
53711,1_00_0
53712,3_00_0
53713,4_00_0
53714,1_00_0
53715,3_00_0
53716,6_00_0
53717,1_00_0
53718,3_a9_1
53719,1_00_0
53720,3_a9_2
53721,6_b4_1
53722,3_00_0
53723,5_b7_1
53724,5_b8_1
53725,4_00_0
53727,1_00_0
53728,4_00_0
53729,3_b7_1
53730,3_b6_1
53731,6_00_0
53732,6_00_0
53733,6_00_0
53734,5_b7_1
53737,3_b6_1
53738,1_00_0
53739,3_00_0
53741,3_a9_2
53742,6_a12_2
53743,4_00_0
53744,4_00_0
53745,1_00_0
53746,6_00_0
53747,4_00_0
53749,4_00_0
53750,3_b3_1
53752,3_00_0
53753,6_00_0
53754,2_a5_2
53756,3_00_0
53757,5_a7_2
53759,3_00_0
53760,6_a12_2
53761,4_00_0
53762,2_a5_2
53763,4_00_0
53764,1_00_0
53765,3_a9_1
53766,6_00_0
53767,3_b8_1
53769,3_00_0
53771,1_00_0
53774,4_00_0
53775,3_00_0
53776,1_00_0
53777,1_00_0
53778,3_00_0
53779,3_00_0
53780,3_b6_1
53781,1_00_0
53782,3_00_0
53783,6_00_0
53785,1_00_0
53786,6_00_0
53787,2_a5_2
53788,3_00_0
53789,2_00_0
53790,3_00_0
53791,3_b3_1
53792,4_00_0
53793,3_a9_2
53794,6_00_0
53795,4_00_0
53796,4_00_0
53797,3_b3_1
53798,1_00_0
53799,3_00_0
53800,3_00_0
53802,3_00_0
53804,3_00_0
53805,3_b3_1
53806,6_00_0
53807,3_00_0
53808,2_a5_2
53809,2_a5_2
53810,4_00_0
53811,3_00_0
53812,6_a12_2
53813,4_00_0
53814,4_00_0
53815,6_00_0
53816,4_00_0
53817,1_00_0
53818,5_a7_2
53821,3_a9_2
53822,6_00_0
53823,6_00_0
53824,1_00_0
53825,4_00_0
53826,5_b6_1
53827,6_00_0
53828,3_00_0
53829,1_00_0
53830,6_00_0
53831,5_a7_2
53832,5_00_0
53833,1_00_0
53834,1_00_0
53835,4_00_0
53836,2_a5_2
53837,6_00_0
53838,4_00_0
53839,5_a7_2
53840,5_b7_1
53841,3_a9_3
53842,5_a7_2
53843,3_00_0
53844,5_b6_1
53845,3_b3_1
53846,5_b6_1
53847,5_b8_1
53848,6_00_0
53849,6_a11_1
53850,3_00_0
53851,4_00_0
53854,1_00_0
53855,6_00_0
53856,6_00_0
53857,3_00_0
53858,4_00_0
53859,3_00_0
53860,1_00_0
53861,1_00_0
53862,3_b8_1
53863,3_00_0
53864,6_00_0
53865,6_a11_1
53866,4_00_0
53867,3_b3_1
53868,3_b3_1
53869,3_00_0
53870,3_00_0
53872,1_00_0
53873,3_00_0
53874,3_a9_2
53875,3_b6_1
53876,3_00_0
53877,6_00_0
53878,2_a5_2
53879,6_00_0
53880,5_b7_1
53881,3_00_0
53882,3_00_0
53883,4_00_0
53884,6_00_0
53885,2_00_0
53886,3_b7_1
53887,5_b8_1
53888,6_a12_1
53889,4_00_0
53890,4_00_0
53891,3_00_0
53892,3_00_0
53893,3_00_0
53894,6_00_0
53895,3_b3_1
53897,6_00_0
53898,5_a7_2
53899,1_00_0
53900,3_b3_1
53901,3_00_0
53902,3_00_0
53903,3_00_0
53904,4_00_0
53905,3_b3_1
53906,3_00_0
53907,2_00_0
53908,3_00_0
53909,4_00_0
53910,2_00_0
53912,6_00_0
53913,6_00_0
53914,3_00_0
53915,3_00_0
53917,3_00_0
53918,2_a5_2
53920,3_00_0
53921,3_00_0
53922,3_00_0
53923,4_00_0
53925,3_00_0
53926,4_00_0
53927,6_b4_3
53928,4_00_0
53929,4_00_0
53930,2_00_0
53931,3_00_0
53932,3_00_0
53933,3_b7_1
53934,6_00_0
53935,3_00_0
53937,4_00_0
53938,2_00_0
53939,1_00_0
53940,6_00_0
53941,4_00_0
53942,3_b3_1
53943,2_a5_2
53944,6_a11_1
53946,6_00_0
53947,5_b7_1
53948,3_a9_1
53949,5_b7_1
53951,3_00_0
53952,6_00_0
53953,5_b7_1
53954,3_b6_1
53955,3_b7_1
53956,5_b8_1
53957,3_b3_1
53958,2_00_0
53959,1_00_0
53960,3_b7_1
53961,2_a5_2
53962,6_00_0
53963,5_b8_1
53964,2_00_0
53965,3_00_0
53966,3_00_0
53967,3_00_0
53968,2_a5_2
53970,4_00_0
53972,6_00_0
53974,5_b8_1
53975,1_00_0
53977,5_b8_1
53978,6_00_0
53979,4_00_0
53981,1_00_0
53982,3_a9_1
53983,3_00_0
53985,3_00_0
53986,1_00_0
53987,1_00_0
53988,6_b5_1
53989,3_00_0
53990,5_b6_1
53991,3_00_0
53992,6_00_0
53993,3_b3_1
53994,2_00_0
53995,4_00_0
53996,4_00_0
53997,3_00_0
53998,3_00_0
53999,3_00_0
54000,3_b3_1
54001,4_00_0
54002,3_a9_2
54003,1_00_0
54004,1_00_0
54005,4_00_0
54006,3_a9_3
54007,5_b6_1
54008,3_00_0
54009,3_a9_1
54010,2_a5_2
54011,2_00_0
54012,5_b8_1
54013,1_00_0
54014,5_b6_1
54015,3_00_0
54016,5_00_0
54018,3_b3_1
54019,3_00_0
54020,3_00_0
54021,1_00_0
54022,1_00_0
54023,3_00_0
54024,6_00_0
54025,1_00_0
54026,6_00_0
54027,3_b3_1
54028,4_00_0
54029,3_00_0
54030,4_00_0
54031,3_00_0
54032,3_a9_2
54033,4_00_0
54034,3_a9_2
54035,3_a9_2
54036,4_00_0
54038,1_00_0
54039,6_b4_3
54041,6_00_0
54042,5_b6_1
54043,3_00_0
54044,6_00_0
54045,3_a9_2
54046,6_00_0
54048,1_00_0
54049,1_00_0
54050,5_b6_1
54051,1_00_0
54052,3_00_0
54053,4_00_0
54054,4_00_0
54055,2_a5_2
54056,2_00_0
54057,4_00_0
54058,1_00_0
54059,3_a9_1
54061,3_00_0
54062,2_a5_2
54063,3_a9_2
54064,6_00_0
54065,3_b3_1
54066,5_b7_1
54067,3_b6_1
54068,5_b8_1
54069,2_a5_2
54070,3_a9_1
54071,1_00_0
54072,4_00_0
54073,1_00_0
54074,5_a7_2
54075,5_b8_1
54076,3_a9_2
54077,3_00_0
54078,3_00_0
54079,6_00_0
54080,3_00_0
54081,1_00_0
54082,2_00_0
54083,3_00_0
54084,4_00_0
54085,3_00_0
54086,3_00_0
54087,5_b7_1
54088,1_00_0
54089,6_00_0
54090,3_a9_1
54091,4_00_0
54092,1_00_0
54093,4_00_0
54094,3_00_0
54095,3_a9_2
54098,4_00_0
54099,4_00_0
54100,5_b7_1
54101,5_b6_1
54102,3_b7_1
54103,3_b7_1
54104,1_00_0
54105,1_00_0
54106,2_00_0
54107,1_00_0
54108,4_00_0
54109,6_00_0
54110,3_00_0
54111,3_00_0
54112,3_00_0
54113,3_b8_1
54114,1_00_0
54115,4_00_0
54116,6_00_0
54117,6_00_0
54118,3_00_0
54120,3_a9_1
54121,3_b6_1
54122,3_00_0
54123,1_00_0
54124,4_00_0
54125,3_b3_1
54126,3_b8_1
54127,5_b6_1
54128,4_00_0
54129,5_a7_2
54130,3_00_0
54131,3_00_0
54132,3_a9_1
54134,6_00_0
54135,3_b6_1
54136,3_a9_2
54138,2_a5_2
54139,3_b6_1
54140,3_00_0
54141,6_00_0
54142,1_00_0
54143,6_00_0
54144,6_00_0
54145,2_a5_2
54146,6_00_0
54147,4_00_0
54148,3_00_0
54149,3_00_0
54150,3_b7_1
54151,3_00_0
54152,4_00_0
54153,1_00_0
54154,1_00_0
54155,4_00_0
54156,3_a9_2
54157,3_00_0
54159,4_00_0
54160,4_00_0
54161,6_00_0
54163,3_a9_2
54164,2_a5_2
54165,4_00_0
54166,1_00_0
54167,1_00_0
54168,3_b6_1
54169,5_b6_1
54170,3_b6_1
54171,3_b6_1
54172,3_00_0
54173,3_00_0
54174,4_00_0
54175,5_b6_1
54176,6_00_0
54177,3_b6_1
54178,1_00_0
54179,3_00_0
54180,6_00_0
54181,5_b6_1
54182,3_00_0
54183,3_00_0
54184,3_00_0
54186,5_a7_2
54187,3_b7_1
54188,5_b7_1
54189,4_00_0
54190,3_b6_1
54191,3_00_0
54192,3_00_0
54193,5_b8_1
54194,4_00_0
54195,3_00_0
54196,6_00_0
54197,3_00_0
54198,6_00_0
54199,1_00_0
54200,6_00_0
54201,3_00_0
54202,4_00_0
54203,3_b3_1
54205,4_00_0
54206,1_00_0
54207,3_00_0
54208,3_00_0
54209,4_00_0
54210,1_00_0
54211,6_00_0
54212,6_a11_1
54213,1_00_0
54214,4_00_0
54215,4_00_0
54216,6_00_0
54217,1_00_0
54218,3_00_0
54219,3_00_0
54220,4_00_0
54221,4_00_0
54222,3_00_0
54223,4_00_0
54224,1_00_0
54225,4_00_0
54226,6_00_0
54227,1_00_0
54228,3_a9_2
54229,3_b8_1
54230,5_b6_1
54231,6_00_0
54232,4_00_0
54233,4_00_0
54234,4_00_0
54236,6_00_0
54237,6_b4_3
54238,6_00_0
54239,5_b7_1
54241,2_00_0
54242,3_00_0
54243,3_b6_1
54244,1_00_0
54245,3_00_0
54246,3_00_0
54248,3_b7_1
54249,5_b6_1
54250,6_a11_1
54251,3_a9_2
54252,2_00_0
54253,4_00_0
54254,4_00_0
54255,6_00_0
54256,4_00_0
54257,1_00_0
54258,3_00_0
54260,4_00_0
54261,5_b8_1
54262,4_00_0
54263,3_00_0
54264,4_00_0
54266,1_00_0
54267,3_b8_1
54268,3_00_0
54269,3_a9_3
54270,6_00_0
54271,4_00_0
54272,6_00_0
54273,4_00_0
54274,4_00_0
54275,4_00_0
54276,3_b6_1
54277,5_b8_1
54278,1_00_0
54279,1_00_0
54280,3_00_0
54281,4_00_0
54282,1_00_0
54283,5_b6_1
54284,4_00_0
54286,3_00_0
54287,3_00_0
54288,1_00_0
54289,6_00_0
54290,3_a9_2
54291,3_b7_1
54293,5_b6_1
54294,3_b8_1
54295,1_00_0
54296,1_00_0
54297,3_00_0
54298,4_00_0
54299,3_b6_1
54300,3_a9_1
54301,4_00_0
54302,1_00_0
54303,3_00_0
54304,1_00_0
54305,5_b6_1
54306,6_00_0
54307,4_00_0
54308,4_00_0
54309,6_00_0
54310,1_00_0
54311,3_a9_2
54312,6_00_0
54313,3_a9_2
54314,6_00_0
54315,3_00_0
54316,3_00_0
54317,4_00_0
54318,6_00_0
54319,4_00_0
54320,3_b7_1
54321,3_b6_1
54322,6_00_0
54323,3_b6_1
54324,4_00_0
54325,6_00_0
54326,3_00_0
54327,1_00_0
54328,1_00_0
54329,3_00_0
54330,1_00_0
54331,1_00_0
54332,5_b6_1
54333,1_00_0
54335,6_00_0
54336,5_b8_1
54337,6_00_0
54338,5_a7_2
54339,6_00_0
54340,6_b4_3
54341,6_00_0
54342,1_00_0
54343,6_00_0
54344,1_00_0
54345,3_00_0
54346,3_00_0
54347,5_b7_1
54348,3_00_0
54349,5_b7_1
54350,2_a5_2
54351,3_00_0
54352,4_00_0
54353,5_b8_1
54354,6_00_0
54355,3_b6_1
54356,3_a9_3
54357,1_00_0
54359,3_00_0
54361,1_00_0
54362,3_00_0
54363,3_b6_1
54364,3_b7_1
54365,1_00_0
54366,3_00_0
54367,6_00_0
54368,4_00_0
54369,1_00_0
54371,3_00_0
54372,6_00_0
54373,3_00_0
54374,3_b8_1
54375,6_00_0
54376,4_00_0
54378,3_00_0
54379,4_00_0
54380,6_00_0
54381,6_00_0
54382,2_00_0
54383,1_00_0
54384,4_00_0
54385,1_00_0
54386,6_00_0
54387,3_a9_2
54388,6_00_0
54389,4_00_0
54390,3_b7_1
54391,6_00_0
54392,5_b8_1
54394,5_b8_1
54395,5_b6_1
54396,4_00_0
54397,6_00_0
54398,3_b8_1
54399,3_00_0
54400,4_00_0
54401,2_a5_2
54402,4_00_0
54403,4_00_0
54404,4_00_0
54405,4_00_0
54406,5_b8_1
54407,1_00_0
54408,6_00_0
54409,3_00_0
54410,3_a9_1
54412,2_a5_2
54413,6_00_0
54414,1_00_0
54415,6_00_0
54416,3_00_0
54418,5_a7_2
54421,6_00_0
54422,3_b7_1
54423,5_a7_2
54424,3_00_0
54425,3_a9_1
54426,6_00_0
54427,6_00_0
54428,6_00_0
54429,6_00_0
54431,1_00_0
54432,6_00_0
54433,3_00_0
54434,3_a9_1
54435,4_00_0
54436,6_00_0
54437,6_00_0
54438,1_00_0
54439,3_b7_1
54440,1_00_0
54441,5_b8_1
54442,3_00_0
54443,4_00_0
54444,2_00_0
54445,3_a9_1
54446,3_00_0
54447,6_00_0
54451,6_00_0
54452,6_00_0
54453,1_00_0
54454,4_00_0
54455,3_00_0
54456,2_a5_2
54457,1_00_0
54458,4_00_0
54459,6_00_0
54460,6_00_0
54461,4_00_0
54462,1_00_0
54463,3_00_0
54464,3_b3_1
54465,2_a5_2
54466,3_b3_1
54467,4_00_0
54468,6_00_0
54469,3_00_0
54470,3_00_0
54471,3_00_0
54472,3_00_0
54473,5_b8_1
54474,6_00_0
54475,5_b6_1
54476,3_b7_1
54477,3_00_0
54478,4_00_0
54479,3_b8_1
54480,3_00_0
54481,6_00_0
54482,2_a5_2
54483,3_00_0
54485,3_00_0
54486,3_b6_1
54487,3_00_0
54488,3_b7_1
54489,3_00_0
54491,4_00_0
54492,2_a5_2
54493,1_00_0
54494,4_00_0
54495,6_00_0
54496,6_a11_1
54497,3_b3_1
54498,4_00_0
54499,1_00_0
54500,6_00_0
54501,2_a5_2
54502,2_00_0
54503,5_b6_1
54504,2_00_0
54505,1_00_0
54506,4_00_0
54507,6_a11_1
54508,5_b6_1
54509,3_b7_1
54511,2_00_0
54512,3_00_0
54513,1_00_0
54514,4_00_0
54516,2_00_0
54517,2_00_0
54518,2_00_0
54519,3_00_0
54520,4_00_0
54521,3_b6_1
54522,6_00_0
54523,4_00_0
54524,1_00_0
54525,6_00_0
54526,6_00_0
54527,4_00_0
54528,3_00_0
54529,3_00_0
54531,1_00_0
54532,3_00_0
54533,1_00_0
54534,3_00_0
54535,6_00_0
54536,4_00_0
54537,3_00_0
54538,1_00_0
54539,4_00_0
54541,6_00_0
54542,5_00_0
54543,6_a11_1
54544,6_00_0
54545,3_a9_1
54546,2_a5_2
54547,4_00_0
54548,6_00_0
54550,1_00_0
54551,1_00_0
54552,6_00_0
54553,1_00_0
54554,5_b7_1
54555,6_00_0
54556,5_00_0
54557,5_b7_1
54558,4_00_0
54559,3_00_0
54560,1_00_0
54561,5_a7_2
54562,4_00_0
54563,4_00_0
54564,5_b6_1
54565,4_00_0
54566,3_00_0
54567,5_b6_1
54568,3_00_0
54569,1_00_0
54570,4_00_0
54571,3_b8_1
54572,2_00_0
54573,1_00_0
54574,3_b7_1
54575,2_a5_2
54576,1_00_0
54579,3_00_0
54580,3_b6_1
54582,3_00_0
54583,3_00_0
54584,3_00_0
54585,6_00_0
54586,3_b6_1
54587,1_00_0
54588,3_b6_1
54589,3_00_0
54590,3_b6_1
54591,1_00_0
54592,5_00_0
54593,6_00_0
54594,3_00_0
54595,5_b7_1
54596,4_00_0
54597,2_a5_2
54598,4_00_0
54599,1_00_0
54600,3_00_0
54601,3_a9_2
54603,2_00_0
54604,6_a11_1
54606,4_00_0
54607,6_a11_1
54608,2_a5_2
54609,3_a9_2
54610,4_00_0
54611,1_00_0
54612,1_00_0
54613,1_00_0
54614,3_b6_1
54615,6_00_0
54616,4_00_0
54617,3_a9_1
54618,1_00_0
54619,3_b3_1
54620,5_b7_1
54621,1_00_0
54622,5_b8_1
54623,3_00_0
54624,5_b8_1
54625,3_b7_1
54626,3_b6_1
54627,3_00_0
54628,4_00_0
54629,1_00_0
54630,5_b8_1
54631,1_00_0
54633,3_a9_2
54634,5_a7_2
54635,1_00_0
54636,3_00_0
54637,4_00_0
54638,2_a5_2
54639,5_b7_1
54640,3_a9_2
54642,3_00_0
54643,3_00_0
54645,3_00_0
54646,3_00_0
54647,3_a9_2
54648,6_00_0
54649,6_00_0
54650,5_b7_1
54651,6_00_0
54652,5_b6_1
54654,5_b6_1
54655,3_00_0
54656,3_00_0
54657,6_b4_3
54658,3_00_0
54659,4_00_0
54660,5_b6_1
54661,1_00_0
54662,4_00_0
54663,3_00_0
54664,6_00_0
54665,1_00_0
54666,3_00_0
54667,3_00_0
54668,5_b7_1
54670,3_00_0
54671,6_00_0
54672,6_00_0
54673,3_b6_1
54674,3_00_0
54675,4_00_0
54676,4_00_0
54677,5_b7_1
54678,1_00_0
54680,6_00_0
54682,4_00_0
54683,6_b4_1
54684,4_00_0
54685,3_00_0
54686,1_00_0
54687,6_b4_1
54688,3_00_0
54689,3_00_0
54691,3_00_0
54693,2_a5_2
54694,4_00_0
54695,6_00_0
54696,6_a12_2
54697,3_00_0
54699,6_b4_1
54700,5_b6_1
54701,6_00_0
54702,4_00_0
54703,4_00_0
54704,3_b3_1
54705,3_00_0
54706,3_00_0
54707,6_a12_2
54708,1_00_0
54709,3_b7_1
54711,3_a9_1
54712,6_b4_3
54713,3_b6_1
54715,4_00_0
54717,4_00_0
54719,4_00_0
54720,3_00_0
54721,1_00_0
54722,3_a9_2
54723,3_00_0
54724,5_a7_2
54725,4_00_0
54726,3_b6_1
54727,6_00_0
54728,3_00_0
54729,3_00_0
54730,1_00_0
54731,3_00_0
54732,1_00_0
54733,1_00_0
54734,5_b8_1
54735,6_00_0
54736,1_00_0
54737,5_b7_1
54738,5_a7_2
54739,3_b3_1
54740,3_a9_2
54741,6_00_0
54742,1_00_0
54743,3_00_0
54744,3_b3_1
54746,3_b3_1
54747,2_a5_2
54748,3_00_0
54749,3_00_0
54750,6_00_0
54751,3_00_0
54752,6_00_0
54753,4_00_0
54754,2_a5_2
54755,2_00_0
54756,1_00_0
54757,6_00_0
54758,5_b8_1
54759,3_00_0
54760,6_00_0
54761,4_00_0
54762,3_00_0
54764,1_00_0
54765,2_a5_2
54767,6_00_0
54768,5_b6_1
54769,3_b3_1
54770,3_00_0
54771,4_00_0
54773,1_00_0
54774,3_00_0
54775,5_b7_1
54776,3_00_0
54777,3_b7_1
54778,3_00_0
54779,6_00_0
54780,6_a11_1
54781,4_00_0
54782,3_a9_1
54783,5_b6_1
54784,1_00_0
54785,4_00_0
54786,3_00_0
54787,3_b6_1
54789,1_00_0
54790,4_00_0
54791,3_b8_1
54792,3_00_0
54793,5_b8_1
54794,6_00_0
54795,5_b6_1
54798,3_00_0
54799,1_00_0
54801,5_a7_2
54802,5_b8_1
54803,4_00_0
54805,4_00_0
54806,5_b7_1
54807,6_a12_2
54808,5_b6_1
54809,4_00_0
54810,6_00_0
54811,6_00_0
54812,3_b8_1
54813,1_00_0
54814,6_a11_1
54815,5_b8_1
54816,1_00_0
54818,1_00_0
54819,4_00_0
54820,4_00_0
54821,5_a7_2
54822,3_a9_1
54823,4_00_0
54824,6_00_0
54825,3_b6_1
54826,4_00_0
54827,3_a9_1
54828,3_00_0
54829,6_00_0
54830,6_00_0
54831,3_00_0
54832,3_b7_1
54833,6_00_0
54834,3_00_0
54835,1_00_0
54836,3_00_0
54837,3_00_0
54838,6_00_0
54840,6_00_0
54841,6_00_0
54842,4_00_0
54843,3_a9_2
54844,3_a9_1
54845,3_a9_1
54846,6_00_0
54847,6_00_0
54848,4_00_0
54849,3_00_0
54850,5_00_0
54852,3_b6_1
54853,5_b8_1
54854,6_00_0
54855,3_b6_1
54856,3_00_0
54857,3_00_0
54858,4_00_0
54859,6_a11_1
54861,2_a5_2
54862,3_b8_1
54863,4_00_0
54864,3_00_0
54865,4_00_0
54867,4_00_0
54868,4_00_0
54870,3_b8_1
54871,3_00_0
54872,5_00_0
54873,3_b8_1
54874,2_a5_2
54875,5_b6_1
54876,5_00_0
54877,6_00_0
54878,6_00_0
54879,4_00_0
54881,6_00_0
54882,5_b8_1
54883,3_b8_1
54884,6_00_0
54885,2_a5_2
54886,3_00_0
54887,6_00_0
54888,1_00_0
54889,1_00_0
54890,3_00_0
54891,5_a7_2
54892,4_00_0
54893,3_b8_1
54894,4_00_0
54895,3_00_0
54896,3_a9_1
54898,4_00_0
54899,6_00_0
54900,3_00_0
54901,3_00_0
54902,2_00_0
54903,3_a9_2
54905,3_00_0
54906,3_00_0
54907,4_00_0
54908,3_00_0
54909,6_00_0
54910,3_00_0
54911,1_00_0
54912,2_a5_2
54913,3_00_0
54914,6_00_0
54915,6_00_0
54916,6_00_0
54917,3_b6_1
54918,3_00_0
54919,5_b8_1
54920,3_00_0
54921,3_00_0
54922,1_00_0
54923,3_00_0
54924,1_00_0
54925,1_00_0
54926,1_00_0
54927,2_00_0
54928,3_00_0
54929,3_b6_1
54930,3_00_0
54931,3_b3_1
54933,2_00_0
54934,1_00_0
54935,6_00_0
54936,4_00_0
54938,5_00_0
54939,4_00_0
54940,6_00_0
54942,5_b6_1
54943,1_00_0
54944,3_b7_1
54945,5_b8_1
54946,3_00_0
54947,1_00_0
54948,5_00_0
54950,3_b8_1
54951,4_00_0
54952,4_00_0
54953,4_00_0
54954,6_00_0
54955,4_00_0
54956,3_b7_1
54957,4_00_0
54958,4_00_0
54959,6_00_0
54960,5_b8_1
54961,3_00_0
54963,3_b3_1
54964,3_00_0
54965,2_a5_2
54966,4_00_0
54967,4_00_0
54968,3_b6_1
54969,4_00_0
54970,3_b8_1
54971,4_00_0
54972,3_00_0
54973,6_00_0
54974,6_00_0
54975,3_b7_1
54976,3_00_0
54977,3_a9_1
54978,5_b7_1
54979,1_00_0
54980,3_00_0
54981,2_a5_2
54982,4_00_0
54983,4_00_0
54984,6_00_0
54985,3_00_0
54986,4_00_0
54987,3_00_0
54988,1_00_0
54989,3_00_0
54990,5_b8_1
54991,3_b8_1
54992,3_00_0
54993,3_b7_1
54994,3_00_0
54995,1_00_0
54996,4_00_0
54997,3_00_0
54998,1_00_0
54999,6_00_0
55000,2_00_0
55001,6_00_0
55003,4_00_0
55004,2_a5_2
55006,4_00_0
55007,6_00_0
55008,3_00_0
55009,3_a9_2
55010,3_00_0
55011,3_00_0
55012,6_00_0
55013,6_00_0
55014,1_00_0
55015,5_b7_1
55016,5_b7_1
55017,4_00_0
55018,5_00_0
55019,6_00_0
55020,3_b7_1
55021,5_00_0
55022,3_a9_2
55023,4_00_0
55024,3_00_0
55026,3_b3_1
55027,5_b6_1
55028,3_00_0
55029,1_00_0
55030,4_00_0
55031,3_a9_2
55032,5_b7_1
55033,4_00_0
55034,3_a9_2
55035,5_b6_1
55036,3_00_0
55037,5_a7_2
55038,1_00_0
55040,1_00_0
55041,6_00_0
55042,3_a9_2
55043,3_b8_1
55045,3_00_0
55046,3_a9_3
55047,6_00_0
55048,6_00_0
55049,3_00_0
55050,2_a5_2
55051,6_00_0
55052,1_00_0
55053,5_b6_1
55054,4_00_0
55056,5_00_0
55057,5_b6_1
55058,4_00_0
55059,6_00_0
55060,3_b6_1
55061,6_00_0
55062,4_00_0
55063,1_00_0
55064,3_b3_1
55066,4_00_0
55067,6_a12_1
55068,6_00_0
55070,5_b6_1
55071,4_00_0
55072,3_b8_1
55073,4_00_0
55074,5_b6_1
55075,6_a11_1
55076,3_00_0
55077,2_a5_2
55078,6_00_0
55079,4_00_0
55080,3_00_0
55081,2_00_0
55082,1_00_0
55083,6_00_0
55085,4_00_0
55086,5_b6_1
55087,3_b6_1
55088,1_00_0
55089,1_00_0
55090,3_b6_1
55091,1_00_0
55092,1_00_0
55093,1_00_0
55094,4_00_0
55095,4_00_0
55096,5_b6_1
55097,5_b6_1
55098,4_00_0
55099,3_00_0
55100,1_00_0
55102,1_00_0
55103,3_00_0
55104,6_00_0
55105,4_00_0
55106,3_00_0
55107,4_00_0
55109,2_00_0
55110,3_00_0
55111,5_b8_1
55112,6_b5_1
55113,3_b6_1
55114,2_a5_2
55115,1_00_0
55116,6_00_0
55117,6_00_0
55118,6_00_0
55119,5_b7_1
55120,4_00_0
55121,3_a9_2
55122,2_a5_2
55124,3_a9_2
55125,5_b8_1
55126,4_00_0
55127,1_00_0
55128,3_00_0
55129,1_00_0
55131,6_a11_1
55132,1_00_0
55134,3_b3_1
55136,3_00_0
55137,2_a5_2
55138,3_00_0
55139,6_00_0
55140,4_00_0
55142,4_00_0
55143,4_00_0
55144,3_00_0
55145,3_00_0
55146,6_00_0
55147,4_00_0
55148,1_00_0
55149,4_00_0
55150,1_00_0
55151,5_b6_1
55152,6_00_0
55153,1_00_0
55154,4_00_0
55156,5_b7_1
55157,3_b6_1
55158,3_00_0
55159,3_00_0
55160,3_a9_2
55161,2_a5_2
55162,4_00_0
55163,5_a7_2
55164,3_00_0
55165,2_00_0
55167,3_00_0
55168,5_b7_1
55169,6_00_0
55170,6_00_0
55171,3_b6_1
55172,3_00_0
55173,4_00_0
55174,3_b6_1
55175,3_a9_1
55178,4_00_0
55180,5_b6_1
55181,3_00_0
55182,2_00_0
55183,4_00_0
55184,5_b8_1
55185,1_00_0
55186,3_00_0
55187,5_b6_1
55188,3_00_0
55189,5_00_0
55190,6_00_0
55191,5_00_0
55192,3_a9_1
55193,1_00_0
55194,1_00_0
55195,3_a9_3
55196,3_00_0
55197,4_00_0
55198,4_00_0
55199,4_00_0
55200,6_00_0
55201,3_b3_1
55202,3_00_0
55204,3_00_0
55205,3_b6_1
55206,3_00_0
55207,6_00_0
55208,5_b8_1
55209,3_00_0
55210,2_00_0
55211,3_b7_1
55212,1_00_0
55214,5_b8_1
55215,5_b7_1
55216,3_00_0
55217,3_b3_1
55218,3_00_0
55219,6_00_0
55220,1_00_0
55221,3_00_0
55222,6_00_0
55223,1_00_0
55224,6_00_0
55225,6_00_0
55226,5_b6_1
55227,3_00_0
55228,5_b6_1
55229,4_00_0
55230,2_00_0
55231,3_b6_1
55232,4_00_0
55233,4_00_0
55234,6_00_0
55235,2_00_0
55236,3_00_0
55237,6_b4_3
55238,3_a9_1
55239,1_00_0
55240,2_a5_2
55241,5_b6_1
55242,6_00_0
55243,6_00_0
55244,1_00_0
55245,5_b8_1
55246,4_00_0
55247,3_00_0
55248,6_00_0
55250,1_00_0
55252,1_00_0
55253,6_00_0
55254,5_a7_2
55255,3_00_0
55256,4_00_0
55257,5_b6_1
55258,3_b6_1
55259,4_00_0
55260,5_00_0
55261,3_00_0
55262,3_00_0
55263,6_a12_1
55265,6_a11_1
55266,5_b7_1
55267,3_00_0
55268,4_00_0
55269,3_00_0
55270,2_a5_2
55271,3_00_0
55272,6_00_0
55273,6_00_0
55274,3_b6_1
55276,4_00_0
55278,6_00_0
55279,6_00_0
55280,3_b7_1
55281,2_a5_2
55283,3_b7_1
55284,3_b6_1
55285,6_00_0
55286,3_b8_1
55287,3_00_0
55288,1_00_0
55289,6_00_0
55290,3_b8_1
55291,4_00_0
55292,6_00_0
55294,1_00_0
55295,3_b7_1
55296,4_00_0
55300,6_00_0
55301,6_00_0
55302,3_00_0
55303,4_00_0
55304,4_00_0
55305,4_00_0
55306,1_00_0
55307,1_00_0
55310,4_00_0
55311,3_b8_1
55312,1_00_0
55316,5_b8_1
55317,6_00_0
55318,6_00_0
55319,3_00_0
55320,5_a7_2
55321,3_b7_1
55322,3_00_0
55323,6_00_0
55324,1_00_0
55325,6_00_0
55326,3_00_0
55328,3_b8_1
55329,4_00_0
55330,1_00_0
55332,3_00_0
55333,6_00_0
55334,3_b7_1
55336,4_00_0
55337,6_00_0
55338,6_00_0
55339,4_00_0
55340,5_a7_2
55341,3_00_0
55342,4_00_0
55343,6_00_0
55345,3_00_0
55346,3_00_0
55347,1_00_0
55349,5_b6_1
55352,3_00_0
55353,6_00_0
55354,4_00_0
55355,1_00_0
55356,5_b6_1
55357,3_b7_1
55358,3_00_0
55359,3_00_0
55360,3_00_0
55362,1_00_0
55363,3_00_0
55364,1_00_0
55365,3_b7_1
55366,6_00_0
55367,6_00_0
55368,4_00_0
55369,1_00_0
55370,6_a11_1
55371,5_b7_1
55372,4_00_0
55373,3_00_0
55374,3_00_0
55375,5_a7_2
55376,3_a9_1
55377,6_00_0
55378,3_00_0
55379,6_00_0
55380,1_00_0
55381,1_00_0
55382,1_00_0
55383,1_00_0
55384,3_b3_1
55385,1_00_0
55386,3_00_0
55387,3_00_0
55388,3_00_0
55389,5_a7_2
55390,1_00_0
55391,1_00_0
55392,3_a9_2
55393,1_00_0
55395,5_b8_1
55396,1_00_0
55397,6_00_0
55398,3_00_0
55399,1_00_0
55400,1_00_0
55402,3_b7_1
55403,3_00_0
55404,6_00_0
55405,1_00_0
55406,1_00_0
55407,3_00_0
55408,3_00_0
55409,4_00_0
55410,2_a5_2
55411,6_00_0
55412,6_00_0
55413,1_00_0
55414,4_00_0
55415,4_00_0
55416,6_00_0
55417,3_00_0
55418,5_b8_1
55419,2_a5_2
55420,3_a9_1
55421,3_a9_2
55422,3_a9_2
55423,3_a9_1
55424,3_00_0
55425,4_00_0
55426,1_00_0
55427,1_00_0
55428,5_b6_1
55429,5_b8_1
55430,6_a11_1
55431,6_00_0
55432,3_a9_2
55433,5_b6_1
55434,5_b7_1
55435,5_a7_2
55436,6_a12_1
55437,3_b7_1
55438,1_00_0
55439,3_00_0
55440,1_00_0
55441,6_a12_2
55442,4_00_0
55443,6_00_0
55444,5_b7_1
55445,3_00_0
55446,4_00_0
55447,5_b7_1
55448,5_b8_1
55451,6_00_0
55452,1_00_0
55453,5_b7_1
55454,4_00_0
55456,6_00_0
55457,6_00_0
55458,6_00_0
55460,3_b7_1
55461,4_00_0
55462,3_a9_3
55463,3_00_0
55464,4_00_0
55465,3_00_0
55466,2_a5_2
55467,1_00_0
55468,1_00_0
55469,4_00_0
55470,5_b6_1
55471,5_b7_1
55472,4_00_0
55473,4_00_0
55475,6_00_0
55476,4_00_0
55477,3_00_0
55478,6_00_0
55480,1_00_0
55482,1_00_0
55483,5_b6_1
55484,4_00_0
55485,6_00_0
55486,4_00_0
55487,6_00_0
55488,1_00_0
55489,5_b7_1
55490,6_00_0
55491,3_00_0
55492,1_00_0
55494,3_b6_1
55495,1_00_0
55496,4_00_0
55497,3_00_0
55498,6_00_0
55499,1_00_0
55500,3_00_0
55501,3_00_0
55503,1_00_0
55504,5_b8_1
55506,5_00_0
55508,6_00_0
55509,3_b3_1
55510,1_00_0
55512,3_00_0
55513,3_b3_1
55514,3_00_0
55515,5_b7_1
55516,5_b6_1
55518,3_b7_1
55519,4_00_0
55520,3_00_0
55521,4_00_0
55522,4_00_0
55523,6_00_0
55524,1_00_0
55525,3_00_0
55528,3_b6_1
55529,2_a5_2
55531,3_b8_1
55532,6_00_0
55533,2_a5_2
55534,3_00_0
55536,6_00_0
55537,2_00_0
55538,1_00_0
55540,3_00_0
55541,4_00_0
55542,3_b6_1
55544,1_00_0
55545,3_00_0
55546,6_00_0
55549,3_b7_1
55551,6_00_0
55552,3_b6_1
55553,5_a7_2
55554,3_b3_1
55555,6_00_0
55556,6_00_0
55557,5_b7_1
55558,6_00_0
55559,6_a11_1
55561,3_00_0
55562,4_00_0
55563,6_00_0
55565,3_00_0
55566,3_00_0
55567,6_00_0
55568,3_b8_1
55569,3_b6_1
55570,1_00_0
55571,3_00_0
55572,3_b6_1
55573,3_b3_1
55574,1_00_0
55575,3_00_0
55576,3_a9_3
55577,5_b7_1
55578,3_00_0
55579,5_b7_1
55581,3_00_0
55582,1_00_0
55583,6_a11_1
55584,5_a7_2
55585,4_00_0
55586,3_00_0
55587,3_00_0
55588,3_a9_2
55589,3_00_0
55590,3_00_0
55591,6_00_0
55592,2_a5_2
55593,3_00_0
55595,3_a9_1
55596,3_b8_1
55597,3_00_0
55598,3_00_0
55599,4_00_0
55600,6_00_0
55601,3_00_0
55602,2_a5_2
55603,4_00_0
55604,3_a9_1
55606,5_b7_1
55607,1_00_0
55608,3_b7_1
55609,6_00_0
55611,3_b3_1
55612,6_00_0
55613,1_00_0
55614,4_00_0
55615,1_00_0
55616,1_00_0
55617,1_00_0
55618,6_00_0
55619,6_00_0
55620,3_b3_1
55621,6_00_0
55622,4_00_0
55623,3_b3_1
55624,5_b7_1
55625,6_00_0
55627,6_00_0
55628,1_00_0
55629,3_a9_2
55630,3_00_0
55631,1_00_0
55633,4_00_0
55634,3_00_0
55635,5_b8_1
55636,6_00_0
55638,3_00_0
55639,6_00_0
55640,6_00_0
55641,5_b8_1
55642,1_00_0
55643,1_00_0
55644,3_b3_1
55645,4_00_0
55646,3_00_0
55647,1_00_0
55648,6_00_0
55650,3_b3_1
55651,2_a5_2
55653,4_00_0
55654,4_00_0
55655,1_00_0
55656,4_00_0
55657,6_00_0
55658,3_00_0
55660,2_00_0
55661,2_00_0
55663,3_00_0
55664,4_00_0
55665,1_00_0
55666,3_b8_1
55667,2_a5_2
55668,4_00_0
55669,3_00_0
55670,3_a9_1
55671,4_00_0
55672,2_00_0
55673,1_00_0
55674,4_00_0
55675,4_00_0
55676,1_00_0
55677,3_a9_1
55678,3_a9_2
55679,3_00_0
55680,3_00_0
55681,3_b3_1
55682,3_00_0
55683,6_00_0
55684,5_b7_1
55685,1_00_0
55686,3_a9_2
55687,4_00_0
55688,1_00_0
55691,3_00_0
55692,3_b6_1
55693,1_00_0
55694,1_00_0
55695,6_b4_3
55696,5_00_0
55697,6_00_0
55698,5_b6_1
55699,3_b7_1
55701,3_00_0
55702,5_b6_1
55703,2_a5_2
55704,1_00_0
55705,4_00_0
55706,1_00_0
55707,3_00_0
55708,3_00_0
55709,5_b7_1
55711,1_00_0
55712,4_00_0
55713,3_00_0
55714,1_00_0
55715,3_a9_1
55717,6_b4_1
55718,6_00_0
55719,1_00_0
55720,3_b6_1
55721,3_00_0
55722,5_b6_1
55723,4_00_0
55725,3_a9_2
55726,6_00_0
55727,6_00_0
55728,1_00_0
55729,6_00_0
55731,1_00_0
55733,1_00_0
55734,5_b8_1
55736,3_00_0
55737,3_b8_1
55738,6_00_0
55739,1_00_0
55741,6_00_0
55742,1_00_0
55743,3_b6_1
55744,6_a12_2
55745,3_00_0
55746,4_00_0
55747,2_00_0
55749,3_00_0
55751,6_00_0
55752,4_00_0
55753,5_a7_2
55754,5_b7_1
55755,5_b8_1
55757,3_00_0
55758,6_00_0
55760,1_00_0
55761,3_b7_1
55762,1_00_0
55763,1_00_0
55764,6_00_0
55765,3_00_0
55766,6_a11_1
55767,4_00_0
55768,3_00_0
55769,1_00_0
55770,6_00_0
55771,3_00_0
55772,3_00_0
55773,6_00_0
55774,6_00_0
55775,3_a9_1
55776,6_00_0
55777,4_00_0
55778,3_b3_1
55779,1_00_0
55780,3_00_0
55781,3_00_0
55782,3_b8_1
55783,3_b6_1
55784,6_00_0
55785,4_00_0
55786,3_b6_1
55787,1_00_0
55788,5_b8_1
55789,3_00_0
55790,1_00_0
55791,5_b8_1
55792,4_00_0
55793,4_00_0
55794,4_00_0
55795,3_a9_1
55797,6_00_0
55798,3_00_0
55799,5_b6_1
55800,3_a9_2
55801,4_00_0
55802,3_00_0
55803,1_00_0
55805,3_00_0
55806,4_00_0
55808,4_00_0
55809,1_00_0
55810,6_00_0
55812,3_a9_2
55813,3_00_0
55814,3_b7_1
55815,2_00_0
55816,6_00_0
55817,4_00_0
55818,1_00_0
55819,3_00_0
55820,4_00_0
55821,3_00_0
55822,3_00_0
55823,6_00_0
55824,4_00_0
55825,3_00_0
55826,3_00_0
55827,4_00_0
55828,3_a9_2
55829,3_00_0
55831,2_a5_2
55832,3_b6_1
55836,4_00_0
55837,4_00_0
55838,1_00_0
55839,4_00_0
55840,5_00_0
55841,4_00_0
55842,4_00_0
55843,5_b8_1
55845,6_00_0
55846,1_00_0
55849,3_00_0
55850,3_b7_1
55851,5_b7_1
55852,3_00_0
55853,3_b3_1
55854,3_00_0
55855,4_00_0
55856,2_00_0
55857,2_a5_2
55859,3_b7_1
55860,3_b3_1
55861,3_00_0
55862,6_00_0
55863,6_00_0
55864,4_00_0
55865,2_a5_2
55866,6_00_0
55867,1_00_0
55868,6_00_0
55869,6_00_0
55871,4_00_0
55872,3_b6_1
55873,5_b7_1
55874,5_b8_1
55875,3_00_0
55876,6_00_0
55877,4_00_0
55878,6_00_0
55879,5_b7_1
55880,3_00_0
55881,5_b8_1
55882,1_00_0
55883,3_00_0
55884,5_00_0
55885,6_00_0
55886,1_00_0
55887,4_00_0
55888,1_00_0
55890,1_00_0
55891,4_00_0
55892,4_00_0
55893,6_00_0
55894,6_00_0
55896,3_b3_1
55897,3_00_0
55898,3_00_0
55899,3_00_0
55900,1_00_0
55901,5_a7_2
55902,3_b7_1
55903,6_b5_1
55904,3_00_0
55907,6_00_0
55908,3_00_0
55909,4_00_0
55910,4_00_0
55911,3_00_0
55912,4_00_0
55915,3_b7_1
55916,6_00_0
55917,3_00_0
55918,6_a12_2
55919,3_b6_1
55920,2_00_0
55921,1_00_0
55923,3_b7_1
55924,6_00_0
55925,1_00_0
55926,6_00_0
55927,3_00_0
55928,5_b8_1
55929,6_00_0
55930,4_00_0
55931,1_00_0
55932,5_00_0
55933,1_00_0
55934,4_00_0
55935,2_00_0
55936,3_00_0
55937,6_00_0
55938,3_00_0
55939,3_00_0
55940,5_b6_1
55941,2_a5_2
55942,3_a9_1
55943,5_b8_1
55944,3_00_0
55946,3_a9_1
55947,6_00_0
55948,1_00_0
55949,5_a7_2
55950,3_00_0
55951,6_a12_1
55952,3_00_0
55953,3_00_0
55954,6_00_0
55955,3_00_0
55956,1_00_0
55957,3_00_0
55959,3_a9_1
55960,3_a9_2
55961,6_a11_1
55962,3_b7_1
55963,4_00_0
55964,5_b8_1
55965,6_00_0
55966,5_a7_2
55967,1_00_0
55968,3_b3_1
55969,6_00_0
55970,3_b3_1
55971,3_00_0
55972,5_b6_1
55973,4_00_0
55974,5_b8_1
55975,3_00_0
55976,3_00_0
55977,3_b6_1
55978,5_b6_1
55979,3_b7_1
55980,2_00_0
55981,1_00_0
55982,3_00_0
55983,4_00_0
55984,6_a11_1
55985,3_00_0
55986,1_00_0
55987,4_00_0
55988,2_a5_2
55989,6_b5_1
55990,3_a9_2
55991,5_b6_1
55992,2_a5_2
55993,4_00_0
55994,2_a5_2
55995,1_00_0
55996,3_00_0
55997,3_00_0
55998,4_00_0
55999,3_00_0
56000,3_00_0
56001,4_00_0
56002,2_a5_2
56003,3_00_0
56004,1_00_0
56005,6_00_0
56006,1_00_0
56007,5_b7_1
56008,3_00_0
56009,3_00_0
56010,3_00_0
56011,4_00_0
56012,4_00_0
56013,3_b6_1
56014,5_b7_1
56015,4_00_0
56016,1_00_0
56018,6_00_0
56019,3_00_0
56020,3_b3_1
56021,6_00_0
56022,4_00_0
56023,6_00_0
56024,3_00_0
56025,3_00_0
56026,1_00_0
56028,6_a12_2
56029,3_00_0
56030,3_00_0
56031,1_00_0
56032,3_00_0
56033,1_00_0
56034,2_00_0
56035,5_00_0
56036,1_00_0
56037,3_00_0
56038,5_00_0
56039,3_b8_1
56040,2_00_0
56041,3_00_0
56042,2_00_0
56043,5_b8_1
56045,4_00_0
56046,6_00_0
56047,4_00_0
56048,1_00_0
56049,4_00_0
56050,3_00_0
56051,1_00_0
56052,1_00_0
56054,4_00_0
56055,6_00_0
56056,3_a9_1
56057,6_00_0
56058,4_00_0
56059,6_00_0
56060,6_00_0
56061,4_00_0
56062,4_00_0
56063,1_00_0
56064,5_b7_1
56065,3_00_0
56066,1_00_0
56067,1_00_0
56070,3_a9_2
56071,4_00_0
56072,6_00_0
56073,3_a9_2
56074,3_00_0
56075,3_00_0
56076,6_a11_1
56077,5_b6_1
56078,3_00_0
56079,3_b7_1
56080,6_00_0
56082,3_00_0
56083,6_00_0
56084,1_00_0
56085,3_00_0
56086,2_a5_2
56087,1_00_0
56088,4_00_0
56089,3_b7_1
56090,3_00_0
56092,4_00_0
56093,5_b6_1
56094,1_00_0
56095,4_00_0
56096,4_00_0
56097,3_a9_1
56098,6_00_0
56099,1_00_0
56100,1_00_0
56101,2_a5_2
56102,4_00_0
56103,3_00_0
56104,4_00_0
56105,6_00_0
56106,6_00_0
56107,6_00_0
56109,4_00_0
56110,4_00_0
56111,3_00_0
56112,3_00_0
56113,5_b7_1
56114,1_00_0
56115,6_00_0
56116,4_00_0
56117,4_00_0
56118,6_00_0
56119,3_a9_2
56120,6_00_0
56121,3_a9_2
56122,3_00_0
56124,6_00_0
56125,5_b6_1
56126,3_00_0
56127,4_00_0
56128,1_00_0
56129,1_00_0
56130,6_00_0
56131,3_00_0
56132,3_a9_2
56133,5_b8_1
56134,3_00_0
56135,1_00_0
56136,6_00_0
56137,3_b7_1
56138,3_b7_1
56140,3_00_0
56142,6_00_0
56143,4_00_0
56144,3_b6_1
56145,6_a11_1
56146,6_00_0
56147,1_00_0
56148,3_b6_1
56149,1_00_0
56150,3_b7_1
56151,2_00_0
56153,3_00_0
56154,3_00_0
56155,3_00_0
56156,6_00_0
56157,6_00_0
56158,3_00_0
56159,6_00_0
56160,3_00_0
56162,6_00_0
56163,4_00_0
56164,6_00_0
56167,3_00_0
56168,6_b4_1
56169,4_00_0
56170,6_00_0
56171,3_a9_2
56172,5_b7_1
56173,2_a5_2
56175,1_00_0
56177,3_00_0
56178,3_b6_1
56179,6_00_0
56181,3_00_0
56182,3_00_0
56183,3_b7_1
56184,3_b3_1
56185,6_00_0
56186,4_00_0
56187,3_a9_3
56188,3_00_0
56189,3_00_0
56190,3_a9_1
56191,1_00_0
56192,1_00_0
56193,6_00_0
56194,6_a11_1
56195,4_00_0
56196,3_00_0
56197,3_00_0
56199,3_00_0
56200,3_00_0
56201,6_a12_2
56202,5_b7_1
56203,1_00_0
56204,6_00_0
56205,5_b8_1
56206,1_00_0
56208,4_00_0
56209,3_b6_1
56210,4_00_0
56211,3_a9_2
56212,3_00_0
56213,1_00_0
56214,6_00_0
56216,6_00_0
56217,3_b7_1
56218,6_00_0
56220,3_a9_1
56221,2_a5_2
56222,6_00_0
56223,4_00_0
56224,6_00_0
56225,4_00_0
56226,3_a9_2
56227,3_00_0
56228,1_00_0
56229,4_00_0
56230,3_b3_1
56231,3_00_0
56232,3_b6_1
56233,5_00_0
56234,3_b7_1
56235,5_a7_2
56236,1_00_0
56237,2_a5_2
56239,6_00_0
56240,3_a9_1
56241,2_00_0
56243,3_00_0
56244,3_00_0
56245,3_b7_1
56246,1_00_0
56247,3_00_0
56248,3_a9_2
56249,4_00_0
56250,4_00_0
56251,6_b4_1
56252,5_00_0
56253,3_b6_1
56254,3_00_0
56255,4_00_0
56257,1_00_0
56258,3_00_0
56259,6_00_0
56260,6_00_0
56261,6_00_0
56262,3_00_0
56263,1_00_0
56265,3_00_0
56266,3_00_0
56267,6_a11_1
56268,3_b6_1
56270,4_00_0
56272,2_00_0
56273,3_b3_1
56274,5_b7_1
56275,1_00_0
56276,5_b6_1
56277,3_00_0
56278,3_b7_1
56279,6_a11_1
56280,1_00_0
56281,1_00_0
56282,2_00_0
56283,5_00_0
56284,3_00_0
56285,3_a9_2
56286,5_00_0
56287,3_b8_1
56288,3_00_0
56289,3_a9_1
56290,6_00_0
56291,3_b3_1
56292,1_00_0
56293,6_00_0
56294,3_00_0
56295,6_00_0
56296,1_00_0
56297,3_00_0
56298,6_00_0
56299,4_00_0
56300,1_00_0
56301,1_00_0
56302,5_b8_1
56303,3_b7_1
56304,1_00_0
56305,4_00_0
56306,1_00_0
56308,6_00_0
56309,5_b8_1
56310,6_00_0
56311,3_a9_2
56312,3_a9_2
56314,1_00_0
56315,5_b8_1
56316,4_00_0
56319,3_00_0
56321,3_00_0
56322,6_00_0
56323,6_00_0
56325,3_00_0
56326,3_00_0
56327,3_00_0
56329,6_a11_1
56331,1_00_0
56332,4_00_0
56333,4_00_0
56334,3_b3_1
56335,6_00_0
56337,3_00_0
56338,4_00_0
56339,3_a9_2
56341,3_b8_1
56343,3_00_0
56344,3_00_0
56345,1_00_0
56346,3_b7_1
56347,3_00_0
56348,1_00_0
56349,3_a9_1
56350,3_00_0
56352,3_00_0
56353,2_00_0
56354,6_00_0
56355,3_00_0
56356,1_00_0
56357,3_b7_1
56358,3_00_0
56359,1_00_0
56360,1_00_0
56361,2_00_0
56362,3_00_0
56364,4_00_0
56365,3_00_0
56366,4_00_0
56367,1_00_0
56368,1_00_0
56369,6_00_0
56370,3_a9_1
56371,2_a5_2
56372,3_00_0
56373,5_b8_1
56374,2_a5_2
56375,5_b6_1
56376,3_b6_1
56377,3_b6_1
56378,5_a7_2
56379,1_00_0
56380,3_a9_2
56382,3_00_0
56383,5_b7_1
56384,3_00_0
56385,5_b7_1
56386,3_b3_1
56387,6_00_0
56388,6_00_0
56389,4_00_0
56392,2_00_0
56393,6_00_0
56394,6_a12_2
56395,3_00_0
56397,3_a9_1
56398,3_b6_1
56399,2_a5_2
56400,4_00_0
56401,3_00_0
56402,3_b6_1
56403,4_00_0
56404,5_00_0
56405,3_b3_1
56406,3_b7_1
56407,6_b5_1
56408,3_00_0
56409,6_a11_1
56410,3_00_0
56411,4_00_0
56412,3_b3_1
56413,4_00_0
56414,6_a12_1
56415,4_00_0
56416,5_b8_1
56417,5_a7_2
56419,3_00_0
56420,6_00_0
56421,5_b8_1
56422,3_a9_1
56423,3_a9_1
56424,3_00_0
56425,2_00_0
56427,6_00_0
56428,4_00_0
56429,6_00_0
56430,2_00_0
56431,4_00_0
56432,3_b6_1
56434,3_b7_1
56436,3_00_0
56437,3_a9_1
56438,4_00_0
56439,3_b3_1
56440,4_00_0
56441,4_00_0
56442,5_b6_1
56443,3_b6_1
56444,3_00_0
56445,1_00_0
56446,3_b3_1
56447,3_b6_1
56448,3_00_0
56449,6_00_0
56450,3_00_0
56451,3_00_0
56452,4_00_0
56453,6_00_0
56454,3_00_0
56455,5_a7_2
56456,4_00_0
56458,1_00_0
56460,3_00_0
56462,6_00_0
56463,3_b3_1
56464,3_a9_2
56465,4_00_0
56466,3_00_0
56467,4_00_0
56468,3_b3_1
56469,3_a9_1
56470,3_00_0
56471,1_00_0
56473,3_a9_1
56474,2_00_0
56475,3_00_0
56476,6_00_0
56477,5_b6_1
56478,1_00_0
56479,5_b6_1
56480,3_00_0
56481,6_a11_1
56483,1_00_0
56484,4_00_0
56485,3_b8_1
56486,5_00_0
56487,6_00_0
56488,4_00_0
56489,1_00_0
56490,5_b8_1
56491,3_b3_1
56492,3_00_0
56494,1_00_0
56495,4_00_0
56497,4_00_0
56498,4_00_0
56499,6_00_0
56500,3_00_0
56501,3_00_0
56502,1_00_0
56503,2_a5_2
56504,6_00_0
56505,1_00_0
56506,6_00_0
56507,6_00_0
56508,4_00_0
56509,4_00_0
56510,5_b6_1
56511,4_00_0
56512,3_b6_1
56513,3_00_0
56514,3_b3_1
56515,1_00_0
56516,2_a5_2
56518,3_00_0
56519,6_a12_2
56520,3_00_0
56521,3_00_0
56522,3_b8_1
56523,4_00_0
56524,3_00_0
56525,4_00_0
56526,2_a5_2
56527,6_00_0
56528,1_00_0
56531,6_00_0
56532,6_b5_1
56533,4_00_0
56534,6_00_0
56535,1_00_0
56538,3_b8_1
56539,3_00_0
56540,6_00_0
56541,3_a9_2
56542,4_00_0
56543,4_00_0
56545,4_00_0
56546,3_00_0
56547,3_00_0
56548,1_00_0
56549,6_00_0
56550,3_b6_1
56551,3_b3_1
56552,1_00_0
56553,4_00_0
56554,1_00_0
56555,5_b6_1
56556,5_b8_1
56557,5_00_0
56558,1_00_0
56559,5_b8_1
56560,2_a5_2
56562,3_b3_1
56563,3_00_0
56564,6_00_0
56565,3_b6_1
56566,5_b8_1
56567,3_b7_1
56568,4_00_0
56569,3_00_0
56571,1_00_0
56573,6_00_0
56576,6_b4_1
56578,3_00_0
56579,6_00_0
56580,6_00_0
56581,4_00_0
56582,3_00_0
56583,1_00_0
56585,3_b7_1
56586,6_00_0
56587,3_00_0
56589,5_b7_1
56590,3_00_0
56591,1_00_0
56592,3_00_0
56593,3_b3_1
56594,3_b6_1
56595,6_00_0
56596,1_00_0
56597,3_b6_1
56598,3_00_0
56599,1_00_0
56600,4_00_0
56601,2_00_0
56602,1_00_0
56603,1_00_0
56604,1_00_0
56605,6_00_0
56606,1_00_0
56607,3_b8_1
56608,3_a9_2
56609,3_00_0
56610,4_00_0
56612,1_00_0
56613,1_00_0
56614,6_00_0
56615,3_00_0
56616,5_b6_1
56617,3_00_0
56619,3_00_0
56620,3_b6_1
56621,5_b6_1
56622,3_b3_1
56623,3_b7_1
56624,6_00_0
56625,6_00_0
56626,6_00_0
56627,3_00_0
56628,4_00_0
56630,3_00_0
56631,3_b3_1
56632,3_00_0
56633,1_00_0
56634,1_00_0
56635,3_00_0
56637,3_00_0
56638,6_00_0
56639,3_00_0
56640,3_b7_1
56641,2_a5_2
56642,1_00_0
56643,1_00_0
56644,3_00_0
56645,3_00_0
56646,5_b7_1
56649,1_00_0
56650,3_00_0
56651,3_a9_2
56652,5_00_0
56653,5_b6_1
56654,3_00_0
56656,6_00_0
56657,3_00_0
56658,6_00_0
56660,1_00_0
56661,1_00_0
56662,5_a7_2
56663,3_00_0
56664,3_b3_1
56665,2_a5_2
56666,3_00_0
56667,3_00_0
56668,6_00_0
56669,6_00_0
56670,4_00_0
56671,3_00_0
56672,4_00_0
56673,6_00_0
56674,4_00_0
56675,6_00_0
56676,4_00_0
56677,5_a7_2
56678,1_00_0
56679,3_b6_1
56680,6_00_0
56681,1_00_0
56682,3_a9_2
56683,3_00_0
56684,3_b8_1
56685,6_00_0
56686,3_b6_1
56687,5_b7_1
56689,3_a9_2
56690,4_00_0
56691,3_00_0
56692,6_00_0
56693,4_00_0
56694,4_00_0
56695,3_a9_1
56696,4_00_0
56697,5_b8_1
56698,5_b8_1
56699,3_00_0
56700,2_00_0
56701,4_00_0
56703,6_00_0
56704,3_a9_2
56706,6_00_0
56707,6_00_0
56708,6_00_0
56709,3_00_0
56711,5_00_0
56712,4_00_0
56713,4_00_0
56714,5_b8_1
56715,4_00_0
56716,4_00_0
56717,4_00_0
56718,4_00_0
56719,6_00_0
56720,6_00_0
56721,4_00_0
56722,6_00_0
56723,1_00_0
56725,6_00_0
56727,5_b8_1
56729,1_00_0
56730,4_00_0
56732,6_00_0
56733,2_a5_2
56735,6_a12_2
56737,5_a7_2
56738,4_00_0
56740,6_00_0
56741,4_00_0
56743,3_00_0
56744,3_00_0
56745,3_00_0
56746,4_00_0
56747,6_00_0
56748,6_00_0
56749,5_b8_1
56750,3_b6_1
56751,3_00_0
56753,1_00_0
56754,5_a7_2
56755,3_b7_1
56756,1_00_0
56757,1_00_0
56758,4_00_0
56759,6_a11_1
56760,3_b8_1
56761,1_00_0
56762,5_b7_1
56763,4_00_0
56765,4_00_0
56766,2_00_0
56767,1_00_0
56768,6_00_0
56769,4_00_0
56770,1_00_0
56771,5_b7_1
56772,3_00_0
56773,4_00_0
56774,1_00_0
56775,1_00_0
56776,4_00_0
56777,3_00_0
56778,1_00_0
56779,1_00_0
56780,4_00_0
56781,4_00_0
56782,1_00_0
56784,3_00_0
56785,5_b8_1
56786,4_00_0
56787,3_00_0
56788,6_b4_1
56789,6_00_0
56790,2_a5_2
56791,5_b6_1
56792,3_b6_1
56793,3_00_0
56794,4_00_0
56795,3_00_0
56796,4_00_0
56798,5_00_0
56799,1_00_0
56800,3_a9_2
56801,1_00_0
56802,4_00_0
56803,4_00_0
56804,4_00_0
56805,1_00_0
56806,4_00_0
56807,4_00_0
56808,3_b8_1
56809,3_00_0
56810,5_b8_1
56811,3_b3_1
56812,2_00_0
56813,3_00_0
56814,3_00_0
56815,1_00_0
56816,3_00_0
56817,3_00_0
56818,6_b5_1
56819,3_00_0
56820,3_00_0
56821,5_b7_1
56822,3_00_0
56823,6_00_0
56824,3_00_0
56826,5_b8_1
56827,5_b6_1
56828,5_b6_1
56829,6_a11_1
56830,6_a12_2
56831,3_00_0
56832,2_a5_2
56833,3_00_0
56835,3_00_0
56836,6_a11_1
56837,4_00_0
56838,2_00_0
56839,6_a11_1
56840,5_b6_1
56841,3_00_0
56842,3_a9_2
56843,1_00_0
56844,6_a11_1
56845,3_00_0
56846,6_00_0
56847,4_00_0
56848,4_00_0
56849,3_00_0
56850,2_a5_2
56851,3_00_0
56853,1_00_0
56854,3_a9_2
56856,1_00_0
56857,4_00_0
56858,3_00_0
56859,3_a9_2
56860,3_b3_1
56861,4_00_0
56862,6_00_0
56863,3_b6_1
56864,6_b5_1
56865,1_00_0
56866,3_00_0
56867,3_00_0
56870,3_00_0
56871,3_00_0
56872,6_00_0
56873,6_00_0
56874,3_b8_1
56875,2_00_0
56876,1_00_0
56877,5_b6_1
56878,6_a11_1
56880,6_00_0
56881,5_b6_1
56882,3_00_0
56883,3_a9_2
56884,1_00_0
56885,3_00_0
56886,1_00_0
56887,4_00_0
56888,1_00_0
56889,5_a7_2
56891,5_a7_2
56892,2_a5_2
56894,4_00_0
56896,4_00_0
56897,4_00_0
56898,3_00_0
56899,3_00_0
56900,4_00_0
56901,6_00_0
56902,6_00_0
56903,5_b8_1
56905,2_00_0
56906,3_00_0
56907,4_00_0
56909,5_b7_1
56910,4_00_0
56911,5_b6_1
56913,4_00_0
56914,6_00_0
56915,3_00_0
56917,6_00_0
56918,3_00_0
56919,3_00_0
56922,3_00_0
56923,3_00_0
56924,1_00_0
56926,4_00_0
56927,6_00_0
56928,6_00_0
56929,4_00_0
56930,6_00_0
56931,3_a9_1
56932,3_b8_1
56934,4_00_0
56935,2_a5_2
56936,3_b8_1
56938,5_b7_1
56939,5_b8_1
56940,1_00_0
56941,1_00_0
56942,3_00_0
56943,3_00_0
56944,3_00_0
56946,4_00_0
56947,6_00_0
56948,2_a5_2
56949,3_b6_1
56950,6_00_0
56951,3_b7_1
56952,4_00_0
56953,3_b3_1
56955,6_00_0
56956,5_00_0
56958,6_00_0
56959,1_00_0
56960,3_00_0
56961,3_b8_1
56963,4_00_0
56964,3_b6_1
56965,1_00_0
56966,5_a7_2
56967,6_00_0
56969,3_00_0
56970,5_b8_1
56971,3_b7_1
56972,1_00_0
56973,4_00_0
56974,1_00_0
56975,3_00_0
56976,6_00_0
56977,6_00_0
56978,1_00_0
56979,6_00_0
56980,6_00_0
56981,4_00_0
56983,3_a9_1
56984,5_b8_1
56985,3_00_0
56986,4_00_0
56987,3_b6_1
56989,3_b8_1
56990,6_00_0
56991,4_00_0
56992,1_00_0
56993,1_00_0
56994,4_00_0
56995,1_00_0
56996,4_00_0
56997,2_00_0
56998,5_b6_1
56999,4_00_0
57000,3_00_0
57001,3_a9_2
57002,3_a9_1
57003,4_00_0
57004,3_a9_1
57005,1_00_0
57006,2_00_0
57007,4_00_0
57008,1_00_0
57009,1_00_0
57010,1_00_0
57011,3_b3_1
57012,6_00_0
57013,4_00_0
57014,2_a5_2
57016,1_00_0
57017,1_00_0
57018,4_00_0
57022,3_00_0
57024,6_00_0
57025,3_00_0
57026,1_00_0
57027,5_b8_1
57028,3_a9_1
57029,3_b6_1
57031,4_00_0
57032,1_00_0
57033,5_b8_1
57035,6_00_0
57036,1_00_0
57037,3_b7_1
57038,3_b7_1
57039,6_00_0
57040,3_a9_2
57041,5_00_0
57042,3_b7_1
57044,3_a9_2
57045,3_00_0
57046,4_00_0
57047,3_00_0
57048,3_00_0
57049,6_00_0
57050,3_a9_2
57052,1_00_0
57054,3_00_0
57055,2_a5_2
57056,1_00_0
57058,6_00_0
57059,1_00_0
57060,3_00_0
57061,3_b8_1
57062,3_00_0
57063,4_00_0
57064,6_00_0
57065,3_b7_1
57066,4_00_0
57067,3_b6_1
57068,3_00_0
57069,2_a5_2
57070,3_00_0
57072,4_00_0
57073,3_b8_1
57075,6_00_0
57076,3_00_0
57077,4_00_0
57078,4_00_0
57080,4_00_0
57081,4_00_0
57082,3_00_0
57083,4_00_0
57084,6_00_0
57085,3_00_0
57086,3_b7_1
57087,6_00_0
57088,4_00_0
57089,1_00_0
57091,4_00_0
57092,3_00_0
57093,5_00_0
57094,6_00_0
57095,3_00_0
57096,3_00_0
57097,6_00_0
57098,4_00_0
57099,6_00_0
57100,6_00_0
57101,4_00_0
57102,3_a9_1
57103,1_00_0
57104,6_00_0
57105,1_00_0
57106,5_b6_1
57107,6_00_0
57108,4_00_0
57109,3_00_0
57110,3_00_0
57111,4_00_0
57112,5_b8_1
57113,3_00_0
57114,4_00_0
57115,3_00_0
57116,4_00_0
57117,2_a5_2
57118,4_00_0
57119,2_a5_2
57120,3_00_0
57121,3_00_0
57122,5_a7_2
57123,3_00_0
57124,3_00_0
57125,5_b7_1
57126,1_00_0
57127,6_00_0
57129,6_b4_1
57130,2_a5_2
57131,1_00_0
57133,5_b8_1
57134,1_00_0
57135,3_00_0
57136,6_00_0
57137,4_00_0
57138,1_00_0
57139,2_00_0
57140,6_00_0
57141,6_00_0
57142,3_00_0
57143,6_00_0
57144,3_00_0
57145,6_00_0
57146,4_00_0
57147,2_00_0
57148,3_00_0
57149,6_a12_1
57150,3_a9_2
57151,5_b7_1
57152,3_b6_1
57153,1_00_0
57154,6_00_0
57156,6_00_0
57157,2_00_0
57158,3_b7_1
57160,3_00_0
57161,3_00_0
57162,6_a12_2
57163,6_00_0
57164,3_a9_2
57165,3_b7_1
57166,3_b7_1
57167,5_a7_2
57168,1_00_0
57170,3_00_0
57172,3_00_0
57174,6_a12_1
57175,3_00_0
57176,3_00_0
57177,1_00_0
57178,6_00_0
57179,1_00_0
57180,5_a7_2
57181,4_00_0
57182,3_00_0
57183,3_00_0
57184,6_00_0
57186,5_b6_1
57187,4_00_0
57189,3_00_0
57190,3_00_0
57191,6_a12_1
57194,6_00_0
57195,3_b8_1
57196,3_b7_1
57197,3_a9_1
57198,4_00_0
57199,3_00_0
57200,2_a5_2
57201,3_b6_1
57202,3_00_0
57203,1_00_0
57204,1_00_0
57206,3_00_0
57207,6_00_0
57208,5_b8_1
57209,3_00_0
57210,5_00_0
57211,4_00_0
57212,3_00_0
57213,5_b8_1
57214,3_00_0
57215,4_00_0
57216,1_00_0
57217,1_00_0
57218,3_00_0
57219,2_00_0
57220,4_00_0
57221,6_00_0
57222,4_00_0
57223,3_b8_1
57224,3_00_0
57225,3_00_0
57226,6_00_0
57227,2_a5_2
57229,1_00_0
57230,3_00_0
57231,5_b6_1
57232,3_00_0
57233,4_00_0
57234,1_00_0
57235,3_b3_1
57236,5_b7_1
57237,3_a9_2
57239,4_00_0
57240,4_00_0
57241,6_00_0
57242,6_00_0
57244,3_00_0
57245,3_00_0
57246,6_00_0
57247,3_00_0
57248,2_00_0
57249,6_00_0
57250,3_b8_1
57251,3_b6_1
57252,3_00_0
57253,1_00_0
57254,1_00_0
57255,3_b8_1
57256,3_00_0
57257,6_a12_1
57258,3_00_0
57259,3_b7_1
57260,1_00_0
57261,4_00_0
57262,5_a7_2
57263,1_00_0
57264,1_00_0
57265,3_b6_1
57266,3_00_0
57267,1_00_0
57268,5_b7_1
57269,3_00_0
57270,6_b4_3
57271,3_00_0
57272,3_b3_1
57273,1_00_0
57274,1_00_0
57276,3_a9_2
57277,3_b7_1
57278,3_b6_1
57279,4_00_0
57280,5_b7_1
57281,3_00_0
57282,3_a9_1
57283,3_00_0
57285,5_b6_1
57286,3_00_0
57287,4_00_0
57288,3_b7_1
57291,6_00_0
57292,3_a9_1
57293,6_a12_2
57294,3_00_0
57295,6_00_0
57296,3_a9_2
57297,2_a5_2
57298,1_00_0
57299,3_00_0
57300,3_a9_2
57301,5_b7_1
57303,3_00_0
57306,3_b7_1
57307,6_00_0
57308,1_00_0
57309,4_00_0
57310,2_a5_2
57311,4_00_0
57312,3_b7_1
57313,5_b8_1
57315,3_00_0
57316,3_a9_1
57317,3_00_0
57318,3_00_0
57319,3_00_0
57320,3_a9_1
57321,4_00_0
57323,3_00_0
57324,3_b6_1
57325,4_00_0
57326,3_00_0
57329,1_00_0
57330,5_b7_1
57331,3_00_0
57332,3_00_0
57333,6_00_0
57336,3_00_0
57337,6_00_0
57338,5_b6_1
57339,6_b4_3
57340,1_00_0
57343,1_00_0
57344,3_00_0
57346,6_b4_1
57347,3_b6_1
57348,3_00_0
57349,3_00_0
57350,5_b7_1
57352,3_00_0
57353,6_00_0
57354,3_00_0
57355,5_b7_1
57356,4_00_0
57357,4_00_0
57358,4_00_0
57359,6_a11_1
57360,6_00_0
57361,6_00_0
57362,4_00_0
57363,6_00_0
57364,3_00_0
57365,6_a12_2
57366,3_a9_1
57367,5_a7_2
57368,2_a5_2
57369,3_b6_1
57370,4_00_0
57371,6_00_0
57372,6_b5_1
57373,3_00_0
57374,6_00_0
57376,1_00_0
57377,6_00_0
57378,3_00_0
57379,3_00_0
57381,3_a9_2
57382,1_00_0
57383,2_a5_2
57384,5_a7_2
57385,4_00_0
57386,4_00_0
57387,6_00_0
57388,3_a9_2
57389,6_00_0
57391,5_b7_1
57392,3_a9_2
57393,3_00_0
57394,3_00_0
57395,3_00_0
57396,2_a5_2
57397,3_b7_1
57398,6_a11_2
57401,3_a9_2
57402,3_00_0
57403,4_00_0
57404,4_00_0
57405,4_00_0
57406,3_a9_1
57407,4_00_0
57408,4_00_0
57409,3_00_0
57410,3_b6_1
57411,6_00_0
57412,3_00_0
57413,6_00_0
57414,2_a5_2
57416,3_b8_1
57417,4_00_0
57418,3_a9_1
57420,1_00_0
57421,3_00_0
57422,1_00_0
57423,5_00_0
57424,6_00_0
57425,3_00_0
57426,3_b6_1
57427,1_00_0
57428,3_00_0
57430,6_00_0
57431,3_00_0
57432,6_00_0
57433,1_00_0
57434,5_b7_1
57436,3_a9_2
57437,3_00_0
57438,3_a9_2
57439,3_00_0
57441,6_a12_1
57442,3_a9_2
57443,3_00_0
57444,1_00_0
57445,3_b6_1
57446,3_00_0
57447,3_00_0
57448,4_00_0
57449,3_00_0
57450,6_00_0
57451,5_b6_1
57452,5_b7_1
57454,3_00_0
57455,3_00_0
57456,2_00_0
57457,3_b8_1
57458,3_a9_2
57459,4_00_0
57460,1_00_0
57461,3_b6_1
57462,6_a11_1
57463,3_00_0
57464,6_00_0
57465,3_00_0
57466,3_00_0
57467,3_00_0
57468,4_00_0
57469,3_a9_1
57470,1_00_0
57471,5_b7_1
57472,3_00_0
57474,3_00_0
57475,3_b7_1
57476,1_00_0
57477,6_00_0
57478,3_b7_1
57479,3_00_0
57481,3_b6_1
57483,3_00_0
57484,6_00_0
57485,3_00_0
57486,3_00_0
57487,3_00_0
57488,5_b8_1
57489,3_00_0
57490,1_00_0
57491,3_00_0
57492,3_00_0
57494,4_00_0
57495,3_00_0
57496,3_b8_1
57497,6_00_0
57498,3_a9_2
57499,2_a5_2
57500,1_00_0
57501,3_b6_1
57502,1_00_0
57503,1_00_0
57504,4_00_0
57505,3_00_0
57506,2_00_0
57507,5_a7_2
57508,4_00_0
57509,5_b8_1
57510,3_00_0
57511,3_00_0
57512,3_b3_1
57513,6_00_0
57514,1_00_0
57515,6_00_0
57517,3_00_0
57518,5_a7_2
57519,5_a7_2
57520,3_00_0
57521,6_00_0
57522,4_00_0
57523,3_00_0
57524,3_a9_2
57525,2_a5_2
57526,1_00_0
57527,2_a5_2
57528,5_b7_1
57529,1_00_0
57530,3_00_0
57531,1_00_0
57532,1_00_0
57533,6_00_0
57534,3_b3_1
57535,3_b6_1
57536,3_00_0
57538,5_b8_1
57539,3_a9_1
57540,6_00_0
57541,3_00_0
57542,1_00_0
57543,5_b8_1
57544,1_00_0
57545,3_b3_1
57546,3_00_0
57547,2_00_0
57548,4_00_0
57549,2_00_0
57550,3_a9_1
57551,3_00_0
57552,6_a12_1
57553,3_a9_2
57554,1_00_0
57555,5_a7_2
57556,4_00_0
57557,1_00_0
57558,6_00_0
57559,3_00_0
57560,1_00_0
57562,5_b6_1
57564,4_00_0
57565,3_b8_1
57566,3_b6_1
57567,1_00_0
57569,5_b8_1
57570,3_00_0
57571,4_00_0
57572,3_00_0
57573,3_b6_1
57574,3_00_0
57575,2_00_0
57576,1_00_0
57577,6_00_0
57578,3_00_0
57579,2_00_0
57581,6_00_0
57583,3_a9_1
57584,3_00_0
57585,3_00_0
57586,1_00_0
57587,6_00_0
57588,3_a9_1
57589,1_00_0
57590,3_b3_1
57591,4_00_0
57593,4_00_0
57594,6_b5_1
57595,5_b7_1
57597,3_00_0
57598,3_00_0
57599,1_00_0
57600,3_00_0
57601,3_00_0
57602,1_00_0
57603,3_a9_1
57604,3_00_0
57605,3_00_0
57606,3_00_0
57607,4_00_0
57608,6_a11_1
57609,1_00_0
57610,5_b8_1
57611,6_00_0
57612,5_b7_1
57613,6_00_0
57615,2_00_0
57616,3_00_0
57617,4_00_0
57618,3_00_0
57619,6_00_0
57620,3_00_0
57621,3_00_0
57622,6_00_0
57623,3_00_0
57624,1_00_0
57625,4_00_0
57626,4_00_0
57627,4_00_0
57628,6_00_0
57629,5_b7_1
57630,3_00_0
57631,1_00_0
57632,3_00_0
57633,6_00_0
57634,3_00_0
57636,4_00_0
57637,5_a7_2
57638,5_b6_1
57639,3_00_0
57640,4_00_0
57641,6_00_0
57642,5_b6_1
57643,5_b8_1
57644,3_b7_1
57646,1_00_0
57647,3_a9_2
57648,3_a9_2
57650,2_a5_2
57651,6_00_0
57652,6_00_0
57653,3_00_0
57654,2_a5_2
57655,6_00_0
57656,5_b8_1
57657,4_00_0
57659,3_b8_1
57660,2_00_0
57661,4_00_0
57663,4_00_0
57664,3_00_0
57666,3_00_0
57669,6_00_0
57670,2_00_0
57671,3_00_0
57672,1_00_0
57673,2_00_0
57674,6_00_0
57675,3_b7_1
57676,6_00_0
57677,3_a9_2
57678,3_00_0
57679,3_a9_1
57680,5_b8_1
57681,1_00_0
57682,1_00_0
57683,4_00_0
57684,5_b6_1
57685,4_00_0
57686,6_00_0
57687,3_00_0
57688,3_00_0
57689,4_00_0
57690,3_00_0
57691,1_00_0
57692,1_00_0
57693,5_b6_1
57694,3_00_0
57695,5_b6_1
57696,1_00_0
57697,1_00_0
57698,1_00_0
57699,5_00_0
57700,2_a5_2
57701,1_00_0
57702,6_00_0
57703,2_a5_2
57704,6_00_0
57705,1_00_0
57707,3_00_0
57708,3_a9_2
57709,6_00_0
57710,6_00_0
57711,5_b7_1
57712,1_00_0
57714,3_00_0
57715,6_00_0
57718,6_00_0
57721,1_00_0
57723,3_b7_1
57724,4_00_0
57725,4_00_0
57726,6_00_0
57727,6_00_0
57728,1_00_0
57729,6_00_0
57732,3_a9_3
57733,3_b6_1
57734,3_b7_1
57735,3_00_0
57736,3_00_0
57737,2_00_0
57739,6_00_0
57740,1_00_0
57741,6_00_0
57743,3_00_0
57744,6_00_0
57745,3_00_0
57746,6_00_0
57747,5_b8_1
57748,1_00_0
57749,5_b7_1
57750,5_b7_1
57751,6_00_0
57752,3_00_0
57753,6_00_0
57754,3_00_0
57755,3_00_0
57756,6_00_0
57757,1_00_0
57758,3_b8_1
57759,1_00_0
57760,3_00_0
57761,6_00_0
57762,1_00_0
57763,3_00_0
57765,1_00_0
57766,5_00_0
57767,1_00_0
57768,6_a11_1
57769,3_00_0
57771,6_00_0
57772,6_00_0
57773,3_a9_1
57774,4_00_0
57775,4_00_0
57776,6_00_0
57777,1_00_0
57778,3_00_0
57779,3_00_0
57780,3_a9_2
57782,6_00_0
57784,1_00_0
57785,6_00_0
57787,6_00_0
57788,4_00_0
57789,3_00_0
57790,6_a11_2
57791,5_b8_1
57792,2_a5_2
57793,5_b6_1
57794,5_00_0
57795,4_00_0
57796,3_00_0
57797,4_00_0
57798,3_00_0
57799,3_00_0
57800,5_b7_1
57801,3_00_0
57802,5_b6_1
57803,4_00_0
57804,3_b8_1
57805,3_a9_1
57807,3_a9_2
57808,4_00_0
57809,3_00_0
57810,6_a11_1
57811,1_00_0
57813,1_00_0
57814,3_a9_2
57815,4_00_0
57816,3_b3_1
57817,3_a9_2
57818,3_00_0
57819,4_00_0
57820,3_00_0
57821,3_00_0
57822,1_00_0
57823,3_b6_1
57824,4_00_0
57825,1_00_0
57826,3_00_0
57827,3_b6_1
57828,1_00_0
57829,5_a7_2
57830,3_b8_1
57831,3_a9_1
57832,6_00_0
57833,3_00_0
57834,5_b7_1
57835,6_00_0
57836,6_00_0
57837,6_b4_1
57838,5_a7_2
57839,3_00_0
57840,1_00_0
57841,3_00_0
57843,2_a5_2
57845,3_00_0
57846,1_00_0
57847,2_a5_2
57848,4_00_0
57849,6_00_0
57850,3_b6_1
57851,1_00_0
57852,1_00_0
57853,2_a5_2
57854,5_b7_1
57855,5_a7_2
57857,2_00_0
57859,3_00_0
57860,6_a12_2
57861,4_00_0
57862,6_00_0
57863,3_00_0
57866,3_00_0
57867,3_00_0
57868,3_a9_1
57869,3_00_0
57870,3_00_0
57871,3_00_0
57872,4_00_0
57873,1_00_0
57874,6_00_0
57875,4_00_0
57877,3_00_0
57878,3_00_0
57879,3_b7_1
57880,2_a5_2
57881,3_b7_1
57882,3_a9_2
57883,6_00_0
57884,1_00_0
57885,3_b6_1
57886,3_00_0
57887,6_00_0
57888,4_00_0
57889,3_b7_1
57890,3_00_0
57891,3_a9_3
57892,3_b3_1
57893,4_00_0
57894,2_a5_2
57895,6_00_0
57896,3_b6_1
57897,3_a9_2
57898,4_00_0
57899,4_00_0
57900,1_00_0
57901,5_b7_1
57902,6_00_0
57903,3_00_0
57904,3_00_0
57905,3_b8_1
57906,3_a9_2
57907,1_00_0
57908,3_a9_2
57909,6_00_0
57910,6_00_0
57911,3_b3_1
57912,4_00_0
57913,3_b6_1
57914,3_00_0
57915,2_a5_2
57916,5_a7_2
57917,3_00_0
57918,3_00_0
57919,3_a9_2
57920,3_00_0
57921,6_00_0
57922,6_00_0
57923,3_b3_1
57924,3_00_0
57925,3_00_0
57926,6_00_0
57927,3_00_0
57929,1_00_0
57930,3_00_0
57931,4_00_0
57932,4_00_0
57933,4_00_0
57934,6_00_0
57935,4_00_0
57936,3_00_0
57937,4_00_0
57938,1_00_0
57939,6_00_0
57940,2_a5_2
57941,4_00_0
57942,6_00_0
57943,3_00_0
57944,4_00_0
57945,4_00_0
57947,3_00_0
57948,1_00_0
57949,2_00_0
57950,3_00_0
57951,5_a7_2
57952,3_a9_1
57953,6_00_0
57954,3_00_0
57955,6_00_0
57956,3_b7_1
57957,6_00_0
57958,3_00_0
57959,3_b7_1
57960,3_00_0
57961,1_00_0
57963,6_00_0
57965,3_00_0
57966,3_00_0
57967,3_00_0
57968,4_00_0
57969,3_00_0
57970,5_a7_2
57971,2_a5_2
57972,1_00_0
57973,2_00_0
57974,3_00_0
57975,6_00_0
57976,3_00_0
57977,4_00_0
57978,3_00_0
57979,5_b6_1
57980,4_00_0
57981,6_00_0
57982,6_00_0
57983,4_00_0
57984,6_00_0
57985,3_00_0
57987,1_00_0
57989,5_b7_1
57990,2_00_0
57991,3_a9_2
57992,3_a9_1
57993,2_a5_2
57994,3_b3_1
57995,1_00_0
57997,5_b8_1
57998,5_b8_1
57999,1_00_0
58000,6_00_0
58001,3_00_0
58002,1_00_0
58003,3_b6_1
58004,4_00_0
58005,3_a9_1
58006,2_00_0
58007,5_a7_2
58008,6_a11_2
58009,5_b6_1
58010,4_00_0
58011,1_00_0
58012,3_00_0
58013,4_00_0
58015,3_00_0
58017,4_00_0
58018,4_00_0
58019,4_00_0
58020,6_00_0
58021,3_b3_1
58022,3_00_0
58023,3_00_0
58024,3_b6_1
58026,1_00_0
58027,3_00_0
58028,3_b3_1
58029,3_b3_1
58030,6_00_0
58031,3_a9_1
58032,3_b6_1
58033,6_00_0
58034,4_00_0
58035,1_00_0
58036,1_00_0
58037,3_b6_1
58038,3_00_0
58039,3_00_0
58040,5_b6_1
58041,3_00_0
58042,6_00_0
58043,4_00_0
58044,3_a9_1
58046,1_00_0
58047,1_00_0
58048,6_00_0
58049,6_b4_3
58050,6_00_0
58051,1_00_0
58052,4_00_0
58054,6_00_0
58055,3_a9_1
58056,3_00_0
58057,6_00_0
58058,3_a9_1
58059,6_00_0
58060,3_00_0
58061,6_00_0
58062,4_00_0
58064,4_00_0
58065,3_b6_1
58066,5_00_0
58068,4_00_0
58069,3_a9_1
58070,5_b8_1
58071,3_00_0
58072,3_00_0
58073,4_00_0
58074,3_00_0
58076,3_b6_1
58077,2_a5_2
58078,4_00_0
58080,1_00_0
58081,4_00_0
58082,4_00_0
58083,6_00_0
58084,6_00_0
58085,4_00_0
58086,1_00_0
58087,4_00_0
58088,3_00_0
58089,3_00_0
58090,6_00_0
58091,6_00_0
58093,3_00_0
58094,3_a9_1
58095,5_a7_2
58097,4_00_0
58099,3_00_0
58100,5_b7_1
58101,6_00_0
58102,4_00_0
58103,3_00_0
58104,2_a5_2
58105,3_b3_1
58106,5_b8_1
58107,3_00_0
58108,3_00_0
58109,3_a9_2
58110,3_00_0
58112,6_00_0
58113,4_00_0
58114,6_00_0
58115,4_00_0
58116,4_00_0
58117,3_a9_2
58118,1_00_0
58119,4_00_0
58120,1_00_0
58121,5_b8_1
58123,3_00_0
58124,3_00_0
58125,5_b6_1
58126,6_00_0
58127,1_00_0
58128,6_00_0
58129,3_a9_2
58130,3_b7_1
58131,4_00_0
58132,6_00_0
58133,3_00_0
58135,3_00_0
58136,6_00_0
58137,4_00_0
58138,1_00_0
58139,2_a5_2
58140,4_00_0
58141,3_00_0
58142,3_00_0
58143,3_00_0
58144,3_00_0
58145,3_b7_1
58147,3_00_0
58149,1_00_0
58150,1_00_0
58151,3_00_0
58152,1_00_0
58153,1_00_0
58154,4_00_0
58155,6_00_0
58156,2_a5_2
58158,4_00_0
58159,3_00_0
58160,6_00_0
58161,2_a5_2
58162,3_b6_1
58163,3_00_0
58164,3_00_0
58165,3_a9_1
58167,3_00_0
58168,2_00_0
58169,2_a5_2
58170,3_a9_2
58171,1_00_0
58172,3_00_0
58173,3_00_0
58174,2_a5_2
58175,1_00_0
58176,5_00_0
58177,3_00_0
58178,3_00_0
58179,3_00_0
58180,2_00_0
58181,1_00_0
58183,3_b3_1
58184,2_a5_2
58186,1_00_0
58187,4_00_0
58188,3_00_0
58189,4_00_0
58190,3_00_0
58191,3_00_0
58192,3_b8_1
58193,6_00_0
58194,1_00_0
58195,6_00_0
58196,5_b8_1
58197,3_a9_1
58198,5_b7_1
58199,5_00_0
58200,3_00_0
58201,3_b6_1
58202,3_00_0
58203,6_00_0
58204,1_00_0
58205,6_00_0
58206,5_b8_1
58207,6_00_0
58208,2_a5_2
58209,4_00_0
58210,3_00_0
58212,5_b6_1
58213,2_00_0
58214,3_a9_1
58215,3_a9_1
58216,1_00_0
58217,3_00_0
58218,3_00_0
58219,3_00_0
58220,6_b4_3
58221,4_00_0
58222,4_00_0
58224,3_00_0
58225,6_a11_1
58226,3_b6_1
58227,1_00_0
58228,3_b3_1
58229,4_00_0
58230,3_00_0
58231,1_00_0
58233,3_b8_1
58234,1_00_0
58236,3_a9_1
58237,6_00_0
58238,3_b3_1
58239,1_00_0
58240,4_00_0
58241,1_00_0
58243,6_00_0
58244,4_00_0
58246,3_00_0
58247,3_00_0
58248,3_b8_1
58249,3_00_0
58250,3_00_0
58251,4_00_0
58252,3_a9_2
58253,3_00_0
58254,6_00_0
58256,3_b8_1
58258,6_00_0
58259,6_00_0
58260,2_00_0
58261,6_00_0
58262,2_00_0
58264,4_00_0
58265,3_00_0
58266,5_b6_1
58267,2_00_0
58268,6_00_0
58270,4_00_0
58271,6_00_0
58272,4_00_0
58274,6_00_0
58275,3_b6_1
58277,6_00_0
58278,5_a7_2
58279,5_b8_1
58280,3_00_0
58281,1_00_0
58282,3_00_0
58283,3_00_0
58284,6_00_0
58285,6_00_0
58286,6_00_0
58288,1_00_0
58289,3_b8_1
58290,1_00_0
58292,3_00_0
58293,6_a11_1
58294,4_00_0
58295,3_00_0
58296,1_00_0
58297,2_a5_2
58298,2_a5_2
58299,5_b8_1
58300,3_00_0
58301,3_a9_2
58302,1_00_0
58303,6_b5_1
58304,1_00_0
58305,4_00_0
58306,3_00_0
58307,5_00_0
58308,3_a9_1
58309,3_b8_1
58310,4_00_0
58311,1_00_0
58312,4_00_0
58313,4_00_0
58314,6_00_0
58315,3_b3_1
58316,1_00_0
58317,6_00_0
58318,3_00_0
58319,3_a9_2
58320,3_b7_1
58321,1_00_0
58323,5_b6_1
58324,1_00_0
58325,1_00_0
58326,1_00_0
58327,6_00_0
58328,4_00_0
58330,5_b7_1
58331,3_00_0
58332,6_00_0
58333,6_00_0
58335,3_b7_1
58336,3_a9_2
58337,4_00_0
58339,1_00_0
58340,3_00_0
58341,2_00_0
58343,3_00_0
58344,3_b8_1
58345,4_00_0
58346,3_a9_1
58347,5_b8_1
58348,3_00_0
58349,6_00_0
58351,3_b6_1
58352,4_00_0
58353,3_00_0
58354,3_b6_1
58355,6_00_0
58356,3_b7_1
58357,3_00_0
58358,6_00_0
58359,3_00_0
58360,1_00_0
58361,6_00_0
58362,4_00_0
58363,4_00_0
58365,1_00_0
58366,4_00_0
58367,4_00_0
58368,3_b6_1
58369,6_00_0
58370,6_00_0
58371,3_a9_2
58372,6_00_0
58373,3_00_0
58374,1_00_0
58376,3_00_0
58377,5_a7_2
58378,4_00_0
58379,3_b7_1
58380,1_00_0
58381,5_a7_2
58383,4_00_0
58384,4_00_0
58385,3_a9_1
58386,6_00_0
58387,3_b6_1
58388,3_00_0
58389,2_00_0
58390,1_00_0
58391,1_00_0
58392,3_00_0
58393,1_00_0
58394,5_b7_1
58395,1_00_0
58396,1_00_0
58397,4_00_0
58398,3_00_0
58399,1_00_0
58400,5_b6_1
58402,1_00_0
58404,6_00_0
58405,3_a9_2
58406,3_b7_1
58407,1_00_0
58408,4_00_0
58409,2_a5_2
58410,1_00_0
58411,1_00_0
58412,1_00_0
58414,3_00_0
58415,6_00_0
58416,3_b8_1
58417,3_00_0
58419,4_00_0
58420,3_b6_1
58423,4_00_0
58425,3_00_0
58426,6_00_0
58427,2_a5_2
58428,3_b8_1
58429,3_a9_1
58430,3_00_0
58431,1_00_0
58432,1_00_0
58433,6_00_0
58434,3_00_0
58435,4_00_0
58436,5_b8_1
58437,1_00_0
58438,4_00_0
58440,3_00_0
58441,3_b3_1
58442,3_00_0
58443,4_00_0
58444,5_b6_1
58445,3_b7_1
58447,3_00_0
58448,6_00_0
58449,4_00_0
58450,3_b6_1
58451,4_00_0
58452,6_00_0
58453,2_a5_2
58454,3_00_0
58455,6_a12_2
58456,6_00_0
58457,6_00_0
58458,3_00_0
58459,5_b6_1
58460,3_a9_3
58461,6_00_0
58462,4_00_0
58463,4_00_0
58465,2_a5_2
58466,6_a11_1
58467,3_00_0
58468,5_00_0
58469,6_00_0
58471,6_00_0
58472,5_b6_1
58473,5_b7_1
58474,5_b8_1
58476,3_00_0
58477,3_00_0
58478,1_00_0
58479,3_b3_1
58480,6_00_0
58481,5_b6_1
58482,3_00_0
58484,5_b8_1
58485,3_00_0
58486,3_b7_1
58487,5_b6_1
58488,3_b3_1
58490,5_b7_1
58491,6_00_0
58493,3_b8_1
58494,4_00_0
58495,1_00_0
58496,5_b8_1
58497,3_00_0
58498,3_00_0
58499,3_00_0
58500,3_b3_1
58502,3_00_0
58503,1_00_0
58504,3_00_0
58506,6_a11_2
58507,3_b8_1
58508,3_00_0
58509,6_00_0
58510,3_a9_1
58511,4_00_0
58512,5_b8_1
58513,1_00_0
58515,6_00_0
58516,3_b8_1
58517,3_b3_1
58518,1_00_0
58519,1_00_0
58521,3_00_0
58522,4_00_0
58523,3_a9_2
58524,5_b6_1
58525,6_00_0
58526,6_00_0
58527,3_b7_1
58528,4_00_0
58529,3_00_0
58530,3_00_0
58531,1_00_0
58532,5_00_0
58533,3_b7_1
58534,4_00_0
58535,3_b8_1
58536,5_b7_1
58538,4_00_0
58539,3_00_0
58540,3_a9_2
58541,4_00_0
58542,3_a9_2
58543,1_00_0
58544,6_00_0
58545,1_00_0
58546,3_00_0
58547,4_00_0
58548,1_00_0
58549,3_b3_1
58552,3_b6_1
58553,1_00_0
58554,3_a9_3
58555,4_00_0
58556,6_00_0
58557,5_b6_1
58558,6_00_0
58559,5_b7_1
58560,6_b5_1
58561,2_00_0
58562,3_a9_2
58563,6_00_0
58565,5_b7_1
58566,1_00_0
58567,3_00_0
58568,2_a5_2
58569,1_00_0
58570,6_00_0
58571,3_a9_1
58573,1_00_0
58574,4_00_0
58575,6_00_0
58576,6_00_0
58577,6_a11_1
58578,1_00_0
58579,3_b8_1
58580,3_b3_1
58581,3_b6_1
58582,3_00_0
58583,3_00_0
58584,3_b6_1
58585,4_00_0
58586,3_b7_1
58587,3_00_0
58588,3_a9_2
58589,3_00_0
58591,4_00_0
58592,6_00_0
58593,6_00_0
58594,5_a7_2
58595,6_00_0
58596,6_00_0
58597,3_00_0
58598,3_00_0
58600,3_00_0
58601,1_00_0
58602,3_a9_1
58603,3_00_0
58604,3_00_0
58605,3_b7_1
58606,1_00_0
58607,3_00_0
58608,3_00_0
58609,5_b8_1
58610,6_a12_2
58611,3_a9_1
58612,3_a9_2
58613,1_00_0
58615,3_a9_2
58616,3_00_0
58617,3_00_0
58618,3_00_0
58619,1_00_0
58620,1_00_0
58621,5_b6_1
58622,4_00_0
58623,3_a9_2
58624,3_00_0
58625,3_00_0
58626,6_00_0
58627,2_a5_2
58628,3_00_0
58629,3_00_0
58631,6_00_0
58632,3_b6_1
58633,6_00_0
58634,6_b5_1
58635,4_00_0
58636,1_00_0
58637,3_00_0
58638,3_b8_1
58639,3_b7_1
58640,3_a9_2
58641,3_b8_1
58642,3_00_0
58643,4_00_0
58644,6_00_0
58645,2_a5_2
58646,3_b8_1
58647,6_00_0
58648,3_00_0
58650,3_b6_1
58651,6_00_0
58652,3_a9_1
58653,1_00_0
58654,1_00_0
58655,4_00_0
58656,1_00_0
58657,3_b7_1
58658,6_a12_2
58659,1_00_0
58660,6_00_0
58661,6_00_0
58662,3_00_0
58663,3_a9_2
58664,6_00_0
58665,3_00_0
58666,4_00_0
58667,5_a7_2
58668,3_00_0
58669,1_00_0
58670,4_00_0
58671,3_00_0
58672,3_00_0
58673,3_00_0
58674,2_a5_2
58675,4_00_0
58676,1_00_0
58680,2_00_0
58681,3_00_0
58682,5_b8_1
58683,1_00_0
58684,4_00_0
58685,3_a9_1
58686,6_b5_1
58688,5_b8_1
58689,3_b7_1
58690,1_00_0
58692,4_00_0
58693,1_00_0
58694,3_00_0
58695,2_a5_2
58696,1_00_0
58697,4_00_0
58699,1_00_0
58700,3_00_0
58701,2_00_0
58702,4_00_0
58703,6_00_0
58704,5_00_0
58705,3_00_0
58707,1_00_0
58708,1_00_0
58709,3_b6_1
58710,3_00_0
58711,1_00_0
58712,3_00_0
58713,4_00_0
58714,3_00_0
58715,3_00_0
58717,5_b8_1
58718,6_a11_1
58719,6_a12_1
58721,3_00_0
58722,1_00_0
58723,6_00_0
58725,4_00_0
58727,1_00_0
58728,6_00_0
58729,1_00_0
58730,6_00_0
58731,3_a9_1
58732,5_b8_1
58733,6_00_0
58736,6_00_0
58737,6_a11_1
58738,4_00_0
58739,5_a7_2
58740,3_00_0
58741,1_00_0
58742,3_00_0
58743,6_00_0
58744,3_00_0
58745,3_b6_1
58746,6_00_0
58747,5_b6_1
58748,3_00_0
58749,6_00_0
58750,3_a9_2
58751,1_00_0
58752,2_a5_2
58753,5_a7_2
58754,3_a9_1
58755,6_00_0
58756,4_00_0
58757,5_00_0
58758,6_00_0
58759,1_00_0
58760,6_00_0
58761,6_00_0
58762,6_00_0
58763,4_00_0
58764,3_00_0
58766,3_a9_1
58767,4_00_0
58768,1_00_0
58769,4_00_0
58770,3_00_0
58771,3_b3_1
58772,2_a5_2
58773,1_00_0
58774,6_00_0
58775,6_00_0
58776,6_00_0
58777,1_00_0
58778,5_b8_1
58779,1_00_0
58780,3_00_0
58782,3_b8_1
58783,3_00_0
58784,3_00_0
58785,1_00_0
58786,4_00_0
58787,6_00_0
58788,3_00_0
58789,3_00_0
58790,6_00_0
58791,1_00_0
58792,3_00_0
58793,5_a7_2
58794,1_00_0
58795,3_b6_1
58796,3_a9_2
58797,5_b7_1
58798,4_00_0
58799,5_a7_2
58800,3_00_0
58801,1_00_0
58802,3_a9_1
58803,3_a9_1
58804,3_b7_1
58805,5_b7_1
58806,3_00_0
58807,3_a9_2
58808,6_00_0
58809,3_b8_1
58810,1_00_0
58811,3_b3_1
58812,6_00_0
58813,3_b6_1
58814,3_00_0
58815,3_a9_2
58816,6_00_0
58817,1_00_0
58818,5_00_0
58819,4_00_0
58821,6_b4_1
58823,6_00_0
58824,5_b7_1
58825,1_00_0
58826,2_00_0
58827,4_00_0
58828,3_00_0
58829,5_00_0
58830,3_00_0
58831,6_00_0
58832,3_b3_1
58833,1_00_0
58834,4_00_0
58835,6_00_0
58836,3_00_0
58838,1_00_0
58839,4_00_0
58840,5_b8_1
58842,3_00_0
58843,4_00_0
58845,4_00_0
58846,3_00_0
58847,3_00_0
58848,3_00_0
58850,3_b8_1
58851,6_00_0
58852,3_00_0
58853,3_00_0
58854,3_00_0
58855,6_00_0
58857,4_00_0
58858,5_b8_1
58859,3_00_0
58861,1_00_0
58862,6_00_0
58863,6_00_0
58864,5_a7_2
58865,3_b6_1
58866,1_00_0
58867,3_00_0
58869,1_00_0
58870,6_a11_1
58871,3_00_0
58872,5_b7_1
58873,1_00_0
58874,5_b7_1
58875,3_a9_2
58876,6_00_0
58877,6_00_0
58878,3_b3_1
58879,1_00_0
58881,1_00_0
58882,4_00_0
58883,3_b8_1
58884,3_00_0
58885,2_a5_2
58886,3_b3_1
58888,3_00_0
58889,3_b6_1
58891,3_00_0
58892,6_00_0
58893,3_b3_1
58895,1_00_0
58896,6_00_0
58897,5_b7_1
58898,3_00_0
58899,4_00_0
58900,1_00_0
58901,6_00_0
58902,5_a7_2
58903,4_00_0
58904,4_00_0
58905,6_00_0
58906,3_a9_2
58907,6_00_0
58908,4_00_0
58909,3_b7_1
58910,4_00_0
58911,6_00_0
58912,3_b8_1
58913,3_b3_1
58914,3_00_0
58916,3_a9_2
58917,3_00_0
58918,5_00_0
58919,3_00_0
58920,4_00_0
58921,5_b6_1
58922,3_00_0
58923,3_b6_1
58924,1_00_0
58925,2_00_0
58926,3_00_0
58927,4_00_0
58928,3_00_0
58929,3_00_0
58930,6_00_0
58931,3_b8_1
58932,3_b6_1
58933,3_00_0
58934,3_00_0
58935,2_00_0
58936,5_b7_1
58937,3_b6_1
58939,3_b6_1
58940,3_a9_1
58941,3_00_0
58942,4_00_0
58943,5_00_0
58944,3_00_0
58945,1_00_0
58946,6_b5_1
58947,1_00_0
58948,4_00_0
58949,3_00_0
58951,3_00_0
58952,3_00_0
58953,4_00_0
58954,1_00_0
58955,3_00_0
58956,3_00_0
58957,5_b7_1
58958,3_b6_1
58959,3_00_0
58960,1_00_0
58961,3_b8_1
58962,2_a5_2
58964,3_00_0
58965,3_b6_1
58966,1_00_0
58967,2_a5_2
58968,3_00_0
58969,4_00_0
58970,1_00_0
58972,6_00_0
58973,4_00_0
58974,4_00_0
58975,5_b6_1
58976,3_00_0
58978,3_00_0
58979,3_b6_1
58980,5_b6_1
58981,6_00_0
58982,3_00_0
58983,6_b4_3
58984,2_a5_2
58985,5_b6_1
58986,6_00_0
58987,6_00_0
58988,3_a9_1
58989,1_00_0
58990,6_00_0
58991,4_00_0
58992,4_00_0
58993,4_00_0
58994,2_00_0
58995,5_b6_1
58996,5_a7_2
58997,5_a7_2
58998,3_b8_1
58999,3_b6_1
59000,3_b3_1
59001,6_00_0
59002,3_b3_1
59003,4_00_0
59004,3_a9_3
59005,3_00_0
59006,6_b5_1
59007,1_00_0
59008,1_00_0
59009,1_00_0
59010,3_00_0
59012,3_00_0
59013,4_00_0
59014,6_00_0
59015,1_00_0
59016,3_b8_1
59017,6_00_0
59018,3_b6_1
59019,3_b8_1
59020,1_00_0
59021,4_00_0
59022,4_00_0
59023,3_00_0
59024,1_00_0
59025,6_00_0
59026,6_00_0
59027,1_00_0
59028,6_00_0
59029,5_00_0
59031,2_a5_2
59032,1_00_0
59033,5_b8_1
59034,6_00_0
59035,3_00_0
59036,6_a12_2
59037,6_00_0
59038,5_00_0
59039,1_00_0
59040,4_00_0
59041,6_a12_2
59042,1_00_0
59043,6_00_0
59044,3_00_0
59045,3_b6_1
59046,4_00_0
59047,3_a9_2
59048,3_a9_2
59049,1_00_0
59050,5_a7_2
59051,3_a9_3
59052,1_00_0
59053,3_b7_1
59054,3_b6_1
59055,5_b8_1
59056,3_00_0
59057,5_b8_1
59058,1_00_0
59059,3_00_0
59060,1_00_0
59061,1_00_0
59062,6_00_0
59063,1_00_0
59064,2_a5_2
59065,4_00_0
59066,1_00_0
59067,1_00_0
59068,3_00_0
59069,4_00_0
59070,6_00_0
59071,6_00_0
59072,2_00_0
59073,3_00_0
59074,1_00_0
59075,3_00_0
59076,3_00_0
59077,3_00_0
59078,3_a9_2
59079,4_00_0
59080,3_00_0
59081,4_00_0
59082,3_00_0
59083,3_a9_2
59084,6_00_0
59086,4_00_0
59087,3_b7_1
59088,1_00_0
59089,1_00_0
59090,3_b3_1
59091,1_00_0
59092,6_00_0
59093,1_00_0
59094,2_a5_2
59095,3_00_0
59096,3_b6_1
59098,3_a9_2
59099,1_00_0
59100,5_a7_2
59101,3_b8_1
59102,6_00_0
59103,5_b7_1
59105,3_b7_1
59107,3_b8_1
59108,6_00_0
59109,4_00_0
59110,1_00_0
59111,3_b3_1
59112,3_00_0
59113,6_b4_3
59114,2_a5_2
59115,3_a9_1
59116,4_00_0
59117,2_a5_2
59118,3_00_0
59119,4_00_0
59120,3_b7_1
59121,3_b8_1
59122,5_b6_1
59124,5_a7_2
59127,3_00_0
59128,6_00_0
59129,2_a5_2
59130,3_00_0
59131,3_00_0
59132,6_00_0
59133,6_00_0
59134,2_a5_2
59135,2_a5_2
59136,2_00_0
59137,1_00_0
59139,4_00_0
59140,5_a7_2
59141,4_00_0
59142,3_b3_1
59143,1_00_0
59144,1_00_0
59145,4_00_0
59146,5_b8_1
59147,3_a9_2
59148,3_b6_1
59149,6_00_0
59150,4_00_0
59151,4_00_0
59152,3_00_0
59153,1_00_0
59154,2_a5_2
59155,3_b8_1
59156,4_00_0
59157,3_b3_1
59158,3_00_0
59159,6_00_0
59161,4_00_0
59162,5_b7_1
59163,1_00_0
59164,6_00_0
59165,3_a9_3
59166,1_00_0
59167,6_00_0
59168,2_a5_2
59169,4_00_0
59170,6_00_0
59172,5_b8_1
59173,5_b8_1
59174,4_00_0
59175,5_b6_1
59176,5_b8_1
59177,4_00_0
59178,2_a5_2
59180,3_b3_1
59181,4_00_0
59182,6_00_0
59183,6_00_0
59184,1_00_0
59185,5_b7_1
59186,4_00_0
59187,4_00_0
59188,6_a11_1
59189,3_00_0
59191,5_00_0
59192,4_00_0
59193,3_b6_1
59194,4_00_0
59196,3_a9_2
59197,6_b5_1
59198,6_00_0
59199,3_00_0
59200,1_00_0
59201,3_a9_2
59202,3_00_0
59203,6_00_0
59204,3_b6_1
59205,3_00_0
59206,1_00_0
59207,4_00_0
59208,3_00_0
59209,3_00_0
59210,4_00_0
59211,5_b6_1
59212,6_00_0
59213,3_b6_1
59214,2_00_0
59215,6_00_0
59216,3_00_0
59219,6_00_0
59220,3_00_0
59221,1_00_0
59222,4_00_0
59223,3_00_0
59224,4_00_0
59225,3_00_0
59226,6_00_0
59227,3_00_0
59228,1_00_0
59229,5_a7_2
59230,3_00_0
59231,4_00_0
59232,1_00_0
59233,6_00_0
59234,5_b8_1
59235,6_00_0
59236,4_00_0
59237,4_00_0
59238,4_00_0
59239,3_b3_1
59240,2_a5_2
59241,3_00_0
59243,4_00_0
59244,6_00_0
59245,5_b6_1
59246,6_00_0
59247,3_b3_1
59248,6_a11_1
59249,6_00_0
59250,3_00_0
59251,4_00_0
59252,5_00_0
59253,3_00_0
59254,6_00_0
59255,3_b6_1
59257,6_00_0
59258,5_b7_1
59260,6_a12_1
59261,3_b3_1
59262,5_b8_1
59263,3_00_0
59264,1_00_0
59265,5_b7_1
59267,6_00_0
59268,3_00_0
59269,6_00_0
59270,6_00_0
59271,4_00_0
59272,6_00_0
59273,3_b8_1
59274,5_00_0
59275,3_a9_2
59276,6_00_0
59277,1_00_0
59278,3_a9_3
59279,6_00_0
59280,6_00_0
59281,1_00_0
59283,4_00_0
59284,3_00_0
59285,3_00_0
59286,6_00_0
59287,3_00_0
59288,3_00_0
59289,1_00_0
59290,5_00_0
59291,3_a9_1
59292,4_00_0
59293,3_00_0
59295,3_00_0
59296,4_00_0
59297,1_00_0
59298,1_00_0
59299,3_b6_1
59300,6_00_0
59301,3_00_0
59302,3_00_0
59304,6_00_0
59305,1_00_0
59306,6_00_0
59307,5_b7_1
59309,1_00_0
59311,3_b7_1
59312,6_00_0
59314,3_b6_1
59315,5_b6_1
59316,6_00_0
59317,3_00_0
59318,6_00_0
59320,3_00_0
59321,1_00_0
59322,6_00_0
59323,2_00_0
59324,3_a9_2
59325,3_00_0
59326,2_a5_2
59327,4_00_0
59328,1_00_0
59329,3_00_0
59330,6_00_0
59331,4_00_0
59333,1_00_0
59334,1_00_0
59335,6_00_0
59336,3_b3_1
59338,3_00_0
59339,6_00_0
59340,2_a5_2
59341,3_00_0
59342,3_00_0
59343,5_b6_1
59344,5_b6_1
59345,3_00_0
59346,4_00_0
59347,1_00_0
59348,5_b8_1
59349,4_00_0
59350,3_b7_1
59351,3_b6_1
59352,6_00_0
59353,6_b5_1
59354,3_00_0
59355,4_00_0
59356,3_00_0
59357,3_a9_1
59358,2_a5_2
59359,1_00_0
59360,3_b3_1
59361,5_b8_1
59363,4_00_0
59364,4_00_0
59365,3_b7_1
59366,3_b3_1
59367,4_00_0
59368,2_a5_2
59369,1_00_0
59370,6_00_0
59371,5_b8_1
59372,3_00_0
59373,5_b8_1
59375,6_00_0
59376,1_00_0
59377,3_00_0
59378,4_00_0
59379,4_00_0
59380,4_00_0
59381,1_00_0
59382,5_b6_1
59383,3_b7_1
59384,6_00_0
59385,6_00_0
59386,3_b7_1
59387,2_00_0
59388,1_00_0
59389,5_b8_1
59390,6_00_0
59391,2_00_0
59392,1_00_0
59393,3_00_0
59394,5_b6_1
59395,3_00_0
59396,4_00_0
59397,1_00_0
59398,2_a5_2
59399,6_a11_1
59400,5_b8_1
59401,2_a5_2
59402,1_00_0
59403,5_a7_2
59404,1_00_0
59405,5_b7_1
59407,6_00_0
59409,3_00_0
59410,4_00_0
59411,5_b8_1
59412,1_00_0
59413,4_00_0
59414,6_00_0
59415,1_00_0
59416,3_b6_1
59417,3_00_0
59419,4_00_0
59420,1_00_0
59421,4_00_0
59422,5_a7_2
59423,3_a9_2
59424,1_00_0
59425,5_b8_1
59426,1_00_0
59427,6_00_0
59428,5_b7_1
59429,6_00_0
59430,3_00_0
59431,6_00_0
59432,1_00_0
59433,3_00_0
59434,2_00_0
59437,3_00_0
59438,3_00_0
59439,3_b6_1
59440,5_a7_2
59441,3_b6_1
59442,5_b8_1
59443,6_00_0
59444,4_00_0
59445,6_00_0
59446,3_00_0
59449,1_00_0
59450,3_a9_2
59452,3_b8_1
59453,3_00_0
59454,6_00_0
59455,5_b8_1
59456,2_a5_2
59457,1_00_0
59459,1_00_0
59461,3_b8_1
59462,4_00_0
59463,5_00_0
59464,1_00_0
59466,3_00_0
59467,4_00_0
59468,1_00_0
59469,5_b8_1
59470,3_00_0
59471,4_00_0
59472,5_a7_2
59475,6_00_0
59476,4_00_0
59477,6_00_0
59478,5_b7_1
59479,3_00_0
59481,4_00_0
59482,4_00_0
59483,1_00_0
59484,3_00_0
59485,3_00_0
59486,3_00_0
59487,3_00_0
59488,6_00_0
59489,3_00_0
59490,6_00_0
59491,1_00_0
59493,2_a5_2
59494,3_a9_2
59495,5_b6_1
59496,2_a5_2
59497,1_00_0
59498,3_00_0
59499,3_00_0
59502,3_b6_1
59503,5_a7_2
59504,4_00_0
59505,6_00_0
59506,4_00_0
59507,3_00_0
59508,1_00_0
59510,6_00_0
59511,3_b3_1
59512,3_a9_2
59513,4_00_0
59514,5_b6_1
59515,2_00_0
59516,5_b7_1
59517,1_00_0
59519,4_00_0
59520,6_00_0
59521,3_00_0
59523,3_b8_1
59524,1_00_0
59525,3_00_0
59526,6_00_0
59527,2_00_0
59528,3_00_0
59529,3_00_0
59530,3_a9_2
59531,6_00_0
59532,4_00_0
59533,5_b8_1
59534,3_00_0
59535,6_00_0
59536,4_00_0
59537,6_00_0
59538,1_00_0
59539,3_b3_1
59540,6_00_0
59541,3_a9_1
59542,3_a9_1
59543,3_a9_2
59544,4_00_0
59545,3_00_0
59546,3_00_0
59547,5_00_0
59548,3_00_0
59549,3_a9_1
59550,6_00_0
59551,3_b3_1
59552,3_00_0
59553,4_00_0
59554,5_b6_1
59555,3_a9_1
59557,3_b8_1
59558,2_a5_2
59559,3_00_0
59560,5_b6_1
59561,6_b4_3
59562,4_00_0
59563,4_00_0
59564,4_00_0
59565,3_00_0
59567,3_00_0
59568,3_00_0
59569,1_00_0
59570,6_00_0
59571,1_00_0
59572,2_a5_2
59573,1_00_0
59574,5_b8_1
59575,6_00_0
59576,3_00_0
59577,2_00_0
59578,6_00_0
59579,3_b3_1
59581,2_a5_2
59582,3_a9_2
59583,6_00_0
59584,5_b8_1
59585,2_00_0
59586,4_00_0
59587,4_00_0
59588,3_b3_1
59589,3_00_0
59590,3_00_0
59591,3_00_0
59592,4_00_0
59593,3_00_0
59594,3_a9_2
59595,5_00_0
59596,6_00_0
59599,3_a9_1
59601,3_a9_1
59602,4_00_0
59603,3_a9_2
59604,3_a9_1
59605,1_00_0
59606,3_00_0
59608,3_00_0
59609,3_b3_1
59610,3_00_0
59611,1_00_0
59612,4_00_0
59613,3_a9_1
59614,1_00_0
59615,4_00_0
59616,6_00_0
59617,3_b7_1
59618,6_a11_1
59619,3_00_0
59620,1_00_0
59621,4_00_0
59622,3_00_0
59623,6_00_0
59624,3_a9_2
59625,5_b6_1
59626,5_a7_2
59627,4_00_0
59628,3_b7_1
59629,6_00_0
59630,2_a5_2
59632,3_00_0
59633,6_00_0
59634,6_00_0
59636,3_b8_1
59637,5_a7_2
59638,4_00_0
59639,3_a9_1
59640,4_00_0
59641,2_a5_2
59642,3_00_0
59643,1_00_0
59644,3_a9_2
59646,3_b3_1
59647,3_00_0
59649,3_00_0
59650,3_b3_1
59651,6_00_0
59652,4_00_0
59654,3_00_0
59655,6_a12_2
59656,3_b3_1
59657,1_00_0
59658,6_00_0
59659,3_b7_1
59660,4_00_0
59661,1_00_0
59662,5_b8_1
59663,5_b7_1
59664,3_00_0
59665,3_00_0
59667,4_00_0
59668,3_a9_1
59669,2_a5_2
59670,5_b6_1
59672,3_00_0
59673,4_00_0
59674,1_00_0
59675,2_a5_2
59676,3_00_0
59677,3_00_0
59678,1_00_0
59679,6_00_0
59681,5_a7_2
59682,3_b6_1
59683,4_00_0
59684,3_b7_1
59685,3_b6_1
59686,4_00_0
59687,5_b8_1
59688,3_00_0
59689,3_b8_1
59691,4_00_0
59692,4_00_0
59693,3_00_0
59694,5_a7_2
59695,3_00_0
59696,2_00_0
59697,6_00_0
59698,4_00_0
59699,6_00_0
59700,3_b7_1
59701,6_00_0
59702,6_a12_2
59703,4_00_0
59704,5_b7_1
59705,2_a5_2
59706,6_00_0
59707,3_a9_1
59708,6_00_0
59709,4_00_0
59710,4_00_0
59711,3_b3_1
59712,4_00_0
59714,3_a9_2
59717,5_a7_2
59718,3_00_0
59719,3_00_0
59720,3_b7_1
59721,4_00_0
59722,4_00_0
59723,6_a11_1
59724,3_00_0
59725,3_b8_1
59726,4_00_0
59727,1_00_0
59729,3_a9_1
59730,1_00_0
59731,3_00_0
59732,5_b8_1
59733,4_00_0
59734,3_a9_1
59735,6_00_0
59736,3_00_0
59737,1_00_0
59738,6_00_0
59739,4_00_0
59740,3_00_0
59741,5_00_0
59742,3_00_0
59743,6_00_0
59744,2_a5_2
59745,2_a5_2
59746,6_00_0
59747,6_a11_1
59748,3_00_0
59749,6_00_0
59750,3_00_0
59751,3_b8_1
59752,4_00_0
59754,3_00_0
59756,3_00_0
59757,3_b3_1
59758,6_00_0
59759,2_a5_2
59760,5_b7_1
59761,5_b6_1
59762,4_00_0
59763,3_b7_1
59764,6_00_0
59765,1_00_0
59767,3_00_0
59768,4_00_0
59769,2_a5_2
59770,3_b8_1
59771,3_a9_2
59773,3_a9_1
59774,6_00_0
59775,4_00_0
59776,1_00_0
59777,3_a9_2
59778,6_00_0
59779,3_00_0
59780,2_a5_2
59781,1_00_0
59782,1_00_0
59784,3_00_0
59785,5_b7_1
59786,1_00_0
59788,3_00_0
59789,6_a12_1
59790,6_00_0
59792,6_a11_1
59793,6_00_0
59794,3_00_0
59797,3_a9_3
59798,5_b8_1
59799,3_00_0
59800,3_00_0
59801,4_00_0
59802,2_a5_2
59803,4_00_0
59804,3_b3_1
59805,3_00_0
59806,3_00_0
59807,2_a5_2
59809,6_00_0
59810,6_00_0
59811,6_00_0
59812,4_00_0
59813,4_00_0
59814,4_00_0
59815,2_00_0
59816,4_00_0
59817,3_b6_1
59818,6_00_0
59819,6_00_0
59820,2_00_0
59821,3_00_0
59822,3_b8_1
59823,5_a7_2
59824,3_00_0
59825,3_00_0
59826,1_00_0
59827,3_b8_1
59828,2_a5_2
59829,6_00_0
59831,3_00_0
59832,4_00_0
59833,5_b6_1
59834,3_b8_1
59835,3_b6_1
59838,2_a5_2
59839,2_a5_2
59840,3_00_0
59841,3_b6_1
59842,3_00_0
59843,6_00_0
59844,4_00_0
59846,1_00_0
59847,1_00_0
59848,4_00_0
59849,5_b8_1
59850,6_b5_1
59851,6_00_0
59852,6_00_0
59853,1_00_0
59854,1_00_0
59856,4_00_0
59857,1_00_0
59858,6_00_0
59859,5_b7_1
59860,3_00_0
59861,3_a9_1
59862,1_00_0
59863,1_00_0
59864,2_a5_2
59865,4_00_0
59867,6_00_0
59868,3_00_0
59870,5_b8_1
59871,6_a11_1
59872,3_a9_3
59873,5_b7_1
59874,3_b7_1
59876,6_00_0
59877,6_a11_1
59878,3_00_0
59879,6_a11_1
59880,2_00_0
59881,2_a5_2
59882,5_b7_1
59883,3_b7_1
59884,3_00_0
59885,3_a9_2
59886,4_00_0
59887,6_00_0
59888,6_00_0
59889,3_b6_1
59890,4_00_0
59891,4_00_0
59892,5_b8_1
59893,1_00_0
59894,5_b8_1
59895,3_b6_1
59896,1_00_0
59897,3_a9_3
59899,4_00_0
59900,4_00_0
59901,1_00_0
59902,4_00_0
59903,5_b7_1
59905,6_00_0
59906,6_00_0
59907,2_a5_2
59908,2_00_0
59909,5_00_0
59910,5_b8_1
59911,4_00_0
59912,6_a12_1
59913,3_b7_1
59914,4_00_0
59915,3_a9_2
59916,3_00_0
59917,6_00_0
59919,3_00_0
59920,6_00_0
59921,3_00_0
59922,3_00_0
59924,5_b6_1
59925,4_00_0
59927,1_00_0
59928,4_00_0
59929,4_00_0
59931,6_00_0
59932,3_00_0
59934,3_b3_1
59935,3_00_0
59936,5_b6_1
59938,6_00_0
59939,3_00_0
59940,4_00_0
59941,1_00_0
59942,6_00_0
59943,5_b6_1
59944,4_00_0
59946,4_00_0
59947,3_00_0
59948,5_00_0
59949,4_00_0
59950,4_00_0
59951,3_a9_1
59953,6_00_0
59954,1_00_0
59955,3_b6_1
59956,3_00_0
59958,2_a5_2
59960,5_b6_1
59961,3_00_0
59962,6_a11_1
59964,3_00_0
59965,4_00_0
59966,6_00_0
59967,4_00_0
59968,3_b3_1
59969,6_00_0
59970,5_b7_1
59971,6_00_0
59972,3_00_0
59973,3_a9_1
59974,3_00_0
59975,2_a5_2
59976,1_00_0
59977,3_b3_1
59978,2_00_0
59980,6_a12_1
59982,3_00_0
59983,6_00_0
59984,4_00_0
59985,6_a12_2
59986,4_00_0
59987,1_00_0
59989,1_00_0
59990,4_00_0
59991,1_00_0
59992,3_a9_2
59993,4_00_0
59994,3_b3_1
59995,6_00_0
59996,3_00_0
59997,4_00_0
59998,3_b3_1
59999,4_00_0
60000,3_00_0
60001,1_00_0
60002,6_00_0
60003,5_b6_1
60004,3_00_0
60005,5_a7_2
60007,3_00_0
60008,3_b6_1
60010,4_00_0
60012,4_00_0
60013,3_b6_1
60014,4_00_0
60015,3_b8_1
60016,5_b6_1
60017,3_a9_2
60018,6_00_0
60019,3_00_0
60020,6_00_0
60021,3_00_0
60022,1_00_0
60023,6_00_0
60024,3_b8_1
60025,4_00_0
60026,3_00_0
60027,4_00_0
60028,4_00_0
60029,5_b6_1
60030,6_00_0
60031,4_00_0
60033,5_b8_1
60034,6_00_0
60035,1_00_0
60038,4_00_0
60039,4_00_0
60040,5_b8_1
60043,6_00_0
60044,6_00_0
60048,3_b6_1
60049,3_b6_1
60050,5_b7_1
60051,3_00_0
60052,1_00_0
60053,1_00_0
60054,1_00_0
60055,3_a9_1
60056,1_00_0
60057,6_00_0
60058,3_b6_1
60059,5_b6_1
60060,4_00_0
60061,3_b6_1
60063,6_a12_2
60064,6_00_0
60065,5_b6_1
60066,5_a7_2
60067,3_00_0
60068,6_00_0
60069,6_00_0
60070,3_b8_1
60071,6_00_0
60073,3_00_0
60075,6_00_0
60076,3_b3_1
60077,1_00_0
60078,4_00_0
60079,4_00_0
60080,5_b6_1
60081,6_00_0
60082,3_00_0
60083,3_00_0
60084,1_00_0
60085,3_b8_1
60086,3_b3_1
60087,2_00_0
60088,4_00_0
60089,6_00_0
60091,4_00_0
60092,3_00_0
60093,2_a5_2
60094,5_b8_1
60095,3_00_0
60096,3_a9_1
60097,2_a5_2
60098,4_00_0
60099,1_00_0
60100,3_b8_1
60101,6_00_0
60103,5_b7_1
60104,1_00_0
60105,3_00_0
60106,4_00_0
60108,3_00_0
60109,6_00_0
60110,3_b7_1
60111,3_00_0
60112,1_00_0
60113,3_00_0
60114,6_a12_2
60115,3_00_0
60116,3_a9_2
60117,3_00_0
60118,6_00_0
60119,1_00_0
60120,5_a7_2
60121,6_00_0
60122,3_00_0
60123,3_00_0
60124,3_00_0
60125,3_a9_2
60127,3_00_0
60128,6_00_0
60129,4_00_0
60130,3_b7_1
60131,1_00_0
60132,3_00_0
60134,1_00_0
60135,3_00_0
60136,1_00_0
60137,3_b3_1
60138,3_00_0
60139,3_a9_2
60140,4_00_0
60141,3_00_0
60142,4_00_0
60143,3_a9_1
60144,5_b6_1
60145,3_00_0
60146,3_a9_1
60147,6_00_0
60148,3_00_0
60149,2_00_0
60151,3_00_0
60152,3_b3_1
60153,5_a7_2
60155,5_b7_1
60157,2_00_0
60158,1_00_0
60159,2_a5_2
60160,1_00_0
60161,3_00_0
60162,3_00_0
60163,1_00_0
60164,5_b8_1
60165,2_a5_2
60166,4_00_0
60167,4_00_0
60168,4_00_0
60169,3_00_0
60170,4_00_0
60171,4_00_0
60172,3_00_0
60173,6_00_0
60174,3_00_0
60175,3_b6_1
60176,3_00_0
60177,2_a5_2
60178,3_00_0
60179,3_00_0
60180,1_00_0
60181,3_00_0
60182,4_00_0
60183,1_00_0
60184,1_00_0
60185,3_b7_1
60186,4_00_0
60187,3_00_0
60188,3_b6_1
60189,6_00_0
60190,3_00_0
60191,3_00_0
60192,4_00_0
60193,4_00_0
60194,1_00_0
60195,1_00_0
60196,1_00_0
60197,3_00_0
60198,3_b8_1
60199,4_00_0
60200,6_00_0
60201,3_a9_1
60202,4_00_0
60203,1_00_0
60204,3_a9_2
60205,4_00_0
60206,3_00_0
60207,1_00_0
60208,3_00_0
60210,5_b7_1
60211,4_00_0
60212,3_a9_2
60213,6_00_0
60214,3_b6_1
60215,5_b7_1
60216,3_a9_1
60217,3_b7_1
60218,3_00_0
60219,4_00_0
60221,3_00_0
60222,3_b6_1
60223,1_00_0
60225,3_a9_2
60227,1_00_0
60228,1_00_0
60230,6_00_0
60231,6_00_0
60232,4_00_0
60233,2_00_0
60234,4_00_0
60235,3_b8_1
60236,4_00_0
60237,3_b6_1
60238,1_00_0
60239,5_00_0
60240,3_00_0
60241,6_00_0
60242,6_00_0
60243,4_00_0
60244,5_b8_1
60245,3_b8_1
60247,3_a9_2
60248,6_a11_1
60249,5_b8_1
60250,3_00_0
60252,3_a9_1
60253,6_00_0
60254,1_00_0
60255,3_00_0
60256,6_00_0
60257,6_00_0
60258,5_b8_1
60259,1_00_0
60260,6_00_0
60261,1_00_0
60262,6_00_0
60263,5_b6_1
60264,1_00_0
60265,1_00_0
60266,3_00_0
60267,3_a9_1
60268,3_00_0
60269,3_00_0
60270,4_00_0
60271,3_b7_1
60272,2_a5_2
60273,3_b3_1
60274,3_b7_1
60275,3_b8_1
60276,3_b7_1
60277,2_00_0
60278,3_00_0
60279,4_00_0
60280,3_00_0
60281,3_b8_1
60282,4_00_0
60283,6_00_0
60285,5_b6_1
60286,3_00_0
60287,3_b7_1
60288,3_00_0
60289,3_00_0
60290,3_b7_1
60291,3_b7_1
60292,4_00_0
60293,5_b7_1
60294,6_00_0
60295,3_00_0
60296,5_b6_1
60297,3_00_0
60298,6_00_0
60299,5_b7_1
60300,3_b8_1
60301,3_00_0
60302,4_00_0
60303,3_00_0
60304,4_00_0
60305,5_b8_1
60306,4_00_0
60308,3_00_0
60309,5_b8_1
60310,3_00_0
60311,6_00_0
60313,3_b8_1
60314,5_a7_2
60315,6_00_0
60316,5_b8_1
60317,3_b7_1
60318,1_00_0
60319,3_00_0
60320,5_b7_1
60321,4_00_0
60322,1_00_0
60323,6_00_0
60324,3_a9_2
60325,3_b8_1
60326,3_00_0
60327,1_00_0
60328,1_00_0
60329,6_00_0
60330,1_00_0
60331,3_00_0
60333,1_00_0
60334,4_00_0
60335,6_b4_1
60336,3_a9_3
60337,1_00_0
60338,4_00_0
60339,4_00_0
60340,4_00_0
60341,2_00_0
60342,3_00_0
60344,3_00_0
60345,3_b8_1
60346,3_b3_1
60348,6_00_0
60349,4_00_0
60350,2_00_0
60352,4_00_0
60353,6_00_0
60354,3_00_0
60355,1_00_0
60356,1_00_0
60358,6_00_0
60359,4_00_0
60360,3_00_0
60361,3_00_0
60362,1_00_0
60363,4_00_0
60364,5_b6_1
60365,5_b7_1
60366,3_b3_1
60367,5_a7_2
60368,1_00_0
60369,3_00_0
60370,3_00_0
60371,1_00_0
60372,5_00_0
60373,3_b6_1
60374,6_00_0
60375,3_b8_1
60376,3_00_0
60377,4_00_0
60379,1_00_0
60380,3_00_0
60381,4_00_0
60382,4_00_0
60383,1_00_0
60384,3_00_0
60385,3_00_0
60386,5_a7_2
60387,2_a5_2
60388,6_00_0
60390,4_00_0
60391,5_b8_1
60392,6_b4_3
60393,3_a9_1
60394,4_00_0
60395,3_00_0
60396,3_00_0
60397,2_00_0
60398,3_a9_2
60399,6_a12_2
60400,3_a9_3
60401,3_00_0
60402,1_00_0
60403,4_00_0
60404,1_00_0
60405,6_00_0
60406,3_b3_1
60407,3_a9_1
60408,3_a9_1
60410,3_b8_1
60411,6_00_0
60412,6_00_0
60413,1_00_0
60414,6_00_0
60415,3_a9_1
60416,1_00_0
60417,1_00_0
60418,6_00_0
60419,3_00_0
60420,1_00_0
60422,3_00_0
60423,3_a9_2
60424,3_b8_1
60425,4_00_0
60426,4_00_0
60427,5_00_0
60428,6_00_0
60429,3_00_0
60430,3_b3_1
60431,6_00_0
60432,4_00_0
60433,5_b6_1
60434,4_00_0
60435,4_00_0
60436,5_b6_1
60437,4_00_0
60438,1_00_0
60439,2_a5_2
60440,2_00_0
60441,1_00_0
60442,4_00_0
60443,3_b8_1
60444,3_a9_2
60445,4_00_0
60446,2_00_0
60447,3_00_0
60448,2_00_0
60449,3_b6_1
60451,3_00_0
60452,3_00_0
60453,4_00_0
60454,1_00_0
60455,4_00_0
60456,3_00_0
60457,4_00_0
60458,2_00_0
60459,3_b3_1
60460,6_a12_2
60461,4_00_0
60463,6_00_0
60464,5_b7_1
60465,3_00_0
60466,3_00_0
60467,3_00_0
60469,6_00_0
60470,6_00_0
60471,3_a9_2
60472,4_00_0
60474,2_a5_2
60475,1_00_0
60476,3_a9_1
60477,3_00_0
60479,3_00_0
60480,2_00_0
60481,3_00_0
60483,3_00_0
60484,1_00_0
60485,3_00_0
60486,4_00_0
60487,3_00_0
60488,4_00_0
60489,4_00_0
60490,3_a9_1
60491,6_00_0
60492,1_00_0
60493,3_00_0
60494,3_a9_2
60495,3_b6_1
60496,6_00_0
60497,3_a9_2
60498,3_00_0
60501,3_b8_1
60502,3_00_0
60503,5_b7_1
60504,5_00_0
60505,2_a5_2
60506,6_00_0
60507,1_00_0
60508,6_00_0
60509,4_00_0
60510,3_00_0
60511,6_00_0
60512,3_b6_1
60513,3_00_0
60514,4_00_0
60515,4_00_0
60517,6_00_0
60518,6_00_0
60519,1_00_0
60520,5_b8_1
60521,6_a12_2
60522,5_b6_1
60524,4_00_0
60525,6_00_0
60526,4_00_0
60527,3_00_0
60528,3_b6_1
60530,6_00_0
60532,3_b8_1
60533,4_00_0
60534,4_00_0
60535,5_a7_2
60536,2_a5_2
60537,1_00_0
60538,3_a9_2
60539,3_00_0
60540,3_00_0
60541,3_00_0
60542,5_b6_1
60543,1_00_0
60545,4_00_0
60546,4_00_0
60547,1_00_0
60549,6_00_0
60550,4_00_0
60551,1_00_0
60552,4_00_0
60553,2_00_0
60554,6_00_0
60555,3_b3_1
60556,5_b8_1
60557,1_00_0
60558,3_00_0
60559,3_00_0
60561,3_a9_1
60562,4_00_0
60563,2_00_0
60564,2_a5_2
60565,1_00_0
60568,3_00_0
60570,2_a5_2
60571,3_b8_1
60572,4_00_0
60573,2_a5_2
60574,1_00_0
60575,5_b8_1
60577,4_00_0
60580,3_a9_2
60581,6_00_0
60582,3_00_0
60583,3_b6_1
60585,3_00_0
60586,3_a9_1
60587,1_00_0
60588,6_00_0
60589,5_b8_1
60590,3_00_0
60591,5_a7_2
60592,1_00_0
60593,1_00_0
60594,1_00_0
60595,4_00_0
60596,6_00_0
60597,3_b6_1
60598,5_b7_1
60599,6_00_0
60600,3_b7_1
60601,6_b4_3
60602,3_00_0
60603,6_00_0
60604,4_00_0
60605,6_00_0
60606,3_00_0
60607,6_a11_1
60608,3_00_0
60609,6_00_0
60611,5_b6_1
60612,4_00_0
60613,1_00_0
60615,3_00_0
60618,6_00_0
60619,1_00_0
60620,3_00_0
60621,3_00_0
60622,3_00_0
60623,6_00_0
60624,5_a7_2
60625,3_a9_1
60626,3_b7_1
60628,6_00_0
60629,6_00_0
60630,6_00_0
60631,4_00_0
60632,6_00_0
60633,1_00_0
60634,3_b8_1
60635,3_b8_1
60636,6_00_0
60637,6_a11_2
60638,5_b8_1
60639,1_00_0
60640,3_a9_2
60641,1_00_0
60642,4_00_0
60644,6_b4_3
60645,3_00_0
60646,4_00_0
60648,1_00_0
60649,6_00_0
60650,1_00_0
60651,6_00_0
60654,3_b6_1
60655,3_00_0
60656,3_00_0
60657,5_b7_1
60658,3_00_0
60660,6_00_0
60661,3_00_0
60662,3_b6_1
60663,3_00_0
60664,3_a9_2
60666,3_00_0
60667,3_b6_1
60668,6_00_0
60669,4_00_0
60670,3_00_0
60671,5_b7_1
60672,6_00_0
60673,3_a9_2
60674,3_b7_1
60675,3_00_0
60676,3_b8_1
60677,3_a9_1
60678,6_00_0
60679,6_a12_2
60680,5_b6_1
60682,5_b6_1
60683,6_00_0
60684,3_00_0
60687,3_b3_1
60689,6_a11_1
60690,1_00_0
60691,3_00_0
60692,3_00_0
60693,6_00_0
60694,5_b6_1
60695,6_00_0
60696,4_00_0
60697,3_b8_1
60698,4_00_0
60699,3_00_0
60700,3_00_0
60701,2_00_0
60702,6_00_0
60703,6_a12_2
60704,4_00_0
60706,3_a9_2
60707,3_00_0
60708,4_00_0
60709,1_00_0
60710,4_00_0
60711,1_00_0
60712,5_b8_1
60713,3_00_0
60714,6_00_0
60715,5_a7_2
60716,3_b6_1
60717,2_00_0
60718,4_00_0
60719,3_00_0
60720,5_b7_1
60721,5_b6_1
60722,3_00_0
60723,6_a11_1
60724,3_a9_2
60725,4_00_0
60726,4_00_0
60727,6_a12_2
60728,3_a9_1
60729,1_00_0
60730,3_00_0
60731,6_00_0
60732,5_00_0
60733,3_00_0
60734,5_a7_2
60735,6_00_0
60736,1_00_0
60737,3_00_0
60738,4_00_0
60739,3_00_0
60741,4_00_0
60742,1_00_0
60743,2_00_0
60744,5_a7_2
60745,6_00_0
60747,4_00_0
60748,1_00_0
60749,6_00_0
60750,3_a9_1
60751,4_00_0
60752,5_b7_1
60753,3_a9_1
60754,3_00_0
60755,3_00_0
60756,6_00_0
60757,3_a9_1
60758,3_b7_1
60760,3_00_0
60761,1_00_0
60762,3_b3_1
60763,6_00_0
60764,2_a5_2
60765,1_00_0
60766,2_00_0
60767,3_b7_1
60768,5_a7_2
60769,1_00_0
60770,3_b7_1
60771,1_00_0
60772,4_00_0
60773,3_00_0
60774,3_00_0
60775,5_b6_1
60776,4_00_0
60777,3_a9_1
60778,3_a9_1
60779,3_b3_1
60780,5_b6_1
60781,6_00_0
60782,5_b8_1
60783,6_00_0
60784,3_00_0
60785,1_00_0
60786,4_00_0
60788,3_00_0
60789,3_a9_1
60790,3_00_0
60791,5_b7_1
60792,6_00_0
60793,4_00_0
60794,3_b8_1
60795,3_b6_1
60796,3_00_0
60797,3_00_0
60798,3_00_0
60801,2_00_0
60802,6_a12_2
60803,3_00_0
60804,3_00_0
60805,3_b7_1
60806,5_b7_1
60807,2_a5_2
60809,4_00_0
60810,6_00_0
60811,3_00_0
60812,2_00_0
60813,6_00_0
60814,2_a5_2
60815,6_00_0
60816,6_00_0
60817,3_00_0
60819,3_b7_1
60820,1_00_0
60821,3_00_0
60822,1_00_0
60823,6_00_0
60824,6_00_0
60825,3_00_0
60826,3_b8_1
60827,1_00_0
60828,4_00_0
60829,5_b7_1
60830,3_00_0
60831,1_00_0
60832,6_00_0
60833,4_00_0
60834,6_a11_1
60835,2_a5_2
60836,3_b6_1
60837,3_b6_1
60839,4_00_0
60840,3_b3_1
60841,3_b3_1
60842,4_00_0
60844,1_00_0
60845,4_00_0
60846,6_00_0
60847,4_00_0
60848,3_00_0
60849,3_b6_1
60850,1_00_0
60851,5_b7_1
60852,3_00_0
60853,3_b7_1
60854,3_a9_2
60856,6_00_0
60857,3_00_0
60858,3_00_0
60859,1_00_0
60860,3_00_0
60861,6_a11_1
60862,4_00_0
60863,3_b8_1
60865,3_00_0
60866,6_00_0
60867,1_00_0
60868,3_b7_1
60869,4_00_0
60870,6_00_0
60872,3_b6_1
60873,2_00_0
60874,4_00_0
60875,1_00_0
60876,6_00_0
60877,3_00_0
60878,3_b8_1
60879,3_b3_1
60880,3_00_0
60881,3_b6_1
60882,3_b8_1
60883,3_a9_2
60884,6_00_0
60885,6_00_0
60886,1_00_0
60887,5_b8_1
60888,4_00_0
60889,3_00_0
60890,1_00_0
60891,5_b6_1
60892,2_a5_2
60893,3_a9_1
60894,6_00_0
60895,4_00_0
60897,1_00_0
60898,6_a11_1
60899,2_a5_2
60901,5_b7_1
60902,3_00_0
60903,3_00_0
60904,5_b6_1
60905,3_00_0
60906,3_b6_1
60907,3_a9_1
60908,1_00_0
60909,3_00_0
60910,6_00_0
60911,4_00_0
60913,1_00_0
60914,2_a5_2
60915,1_00_0
60916,3_00_0
60917,3_b7_1
60918,4_00_0
60919,3_00_0
60920,4_00_0
60922,4_00_0
60923,3_00_0
60924,5_00_0
60925,4_00_0
60926,6_00_0
60927,1_00_0
60928,4_00_0
60929,3_00_0
60930,4_00_0
60931,4_00_0
60932,5_b8_1
60933,1_00_0
60934,1_00_0
60935,3_00_0
60936,3_b3_1
60937,3_b7_1
60939,4_00_0
60940,4_00_0
60941,4_00_0
60942,3_00_0
60943,4_00_0
60944,6_00_0
60945,3_00_0
60946,3_00_0
60948,1_00_0
60949,3_00_0
60950,6_00_0
60951,3_b7_1
60952,5_b8_1
60953,1_00_0
60954,4_00_0
60955,1_00_0
60956,4_00_0
60957,3_00_0
60958,4_00_0
60959,1_00_0
60960,5_a7_2
60961,3_b7_1
60962,3_b3_1
60963,3_b6_1
60964,4_00_0
60965,6_00_0
60966,6_00_0
60967,6_00_0
60968,3_00_0
60969,2_00_0
60970,3_a9_2
60971,1_00_0
60972,6_00_0
60973,3_00_0
60975,3_00_0
60977,1_00_0
60978,5_b8_1
60980,3_00_0
60981,2_00_0
60982,3_a9_2
60983,5_b6_1
60984,3_00_0
60985,6_00_0
60986,3_00_0
60987,4_00_0
60988,1_00_0
60989,1_00_0
60991,3_b7_1
60992,6_00_0
60993,3_00_0
60994,4_00_0
60995,3_b6_1
60996,3_a9_2
60997,1_00_0
60998,5_b6_1
60999,6_00_0
61000,4_00_0
61002,3_b7_1
61003,4_00_0
61005,3_00_0
61007,1_00_0
61008,3_00_0
61009,3_00_0
61010,4_00_0
61011,2_a5_2
61012,6_00_0
61013,3_00_0
61014,1_00_0
61015,1_00_0
61016,3_00_0
61017,4_00_0
61018,3_b3_1
61020,4_00_0
61021,6_00_0
61022,3_00_0
61023,3_00_0
61025,6_a11_2
61026,6_00_0
61027,6_00_0
61028,4_00_0
61030,1_00_0
61031,5_b8_1
61032,1_00_0
61033,1_00_0
61034,6_00_0
61035,2_a5_2
61036,5_00_0
61037,3_a9_1
61038,4_00_0
61039,6_00_0
61040,3_00_0
61042,4_00_0
61043,6_00_0
61044,1_00_0
61045,3_b6_1
61046,4_00_0
61047,3_00_0
61048,5_00_0
61049,6_b5_1
61050,6_a11_1
61051,3_a9_1
61052,1_00_0
61053,6_00_0
61054,6_a12_1
61056,2_a5_2
61057,1_00_0
61058,6_00_0
61059,3_b6_1
61060,3_b3_1
61061,4_00_0
61062,3_00_0
61063,4_00_0
61064,4_00_0
61065,3_00_0
61066,6_00_0
61067,1_00_0
61068,3_00_0
61069,3_00_0
61070,5_a7_2
61071,5_00_0
61072,6_00_0
61073,4_00_0
61074,4_00_0
61076,3_00_0
61077,5_b7_1
61078,3_a9_2
61079,3_b7_1
61080,2_a5_2
61081,5_b7_1
61082,5_b7_1
61083,5_a7_2
61084,4_00_0
61086,6_00_0
61088,3_00_0
61089,3_a9_2
61090,4_00_0
61091,1_00_0
61092,1_00_0
61093,1_00_0
61094,3_00_0
61095,3_00_0
61096,3_00_0
61097,2_a5_2
61098,5_b8_1
61099,2_a5_2
61100,6_00_0
61101,3_00_0
61102,5_a7_2
61103,3_b7_1
61104,1_00_0
61105,3_00_0
61106,3_00_0
61107,2_00_0
61108,2_a5_2
61109,3_b7_1
61110,3_a9_1
61111,1_00_0
61112,1_00_0
61113,4_00_0
61114,3_00_0
61115,6_00_0
61116,3_00_0
61117,5_00_0
61119,6_00_0
61120,3_b8_1
61121,4_00_0
61122,5_a7_2
61123,1_00_0
61124,4_00_0
61125,3_a9_1
61127,6_00_0
61128,4_00_0
61129,5_a7_2
61130,1_00_0
61131,5_b7_1
61132,5_b8_1
61133,4_00_0
61134,4_00_0
61135,3_b7_1
61136,3_00_0
61138,5_a7_2
61139,6_00_0
61140,6_00_0
61141,3_00_0
61142,3_00_0
61143,5_b8_1
61144,3_b8_1
61145,2_00_0
61146,5_b8_1
61147,4_00_0
61148,3_00_0
61149,1_00_0
61150,3_b6_1
61151,6_00_0
61152,1_00_0
61154,6_00_0
61155,1_00_0
61157,1_00_0
61158,4_00_0
61159,5_a7_2
61160,6_00_0
61161,3_00_0
61162,6_00_0
61163,1_00_0
61164,3_00_0
61165,3_b6_1
61166,3_00_0
61167,5_b8_1
61168,3_00_0
61169,6_00_0
61170,6_00_0
61171,1_00_0
61172,3_00_0
61173,6_00_0
61174,3_00_0
61175,6_00_0
61176,3_00_0
61177,1_00_0
61178,3_a9_2
61179,3_00_0
61180,6_a12_2
61181,5_b8_1
61182,5_b6_1
61183,3_00_0
61184,4_00_0
61185,3_a9_1
61186,4_00_0
61187,4_00_0
61188,3_00_0
61189,3_00_0
61191,1_00_0
61192,3_00_0
61193,4_00_0
61194,3_00_0
61196,6_00_0
61197,3_00_0
61198,3_00_0
61199,3_00_0
61201,3_00_0
61202,5_00_0
61203,4_00_0
61204,5_b8_1
61206,1_00_0
61207,6_00_0
61208,3_b3_1
61209,3_00_0
61210,4_00_0
61211,4_00_0
61212,6_00_0
61213,4_00_0
61214,3_00_0
61215,6_00_0
61216,6_00_0
61217,3_00_0
61218,3_a9_1
61219,3_00_0
61220,3_b3_1
61221,5_a7_2
61222,1_00_0
61223,3_b3_1
61224,1_00_0
61225,1_00_0
61226,5_b7_1
61227,1_00_0
61228,4_00_0
61229,6_00_0
61230,4_00_0
61231,4_00_0
61232,1_00_0
61233,3_00_0
61234,1_00_0
61235,3_a9_1
61236,4_00_0
61237,6_00_0
61238,3_a9_2
61239,1_00_0
61240,1_00_0
61241,3_00_0
61242,3_b3_1
61243,1_00_0
61244,1_00_0
61246,3_a9_2
61247,3_00_0
61248,3_a9_2
61249,6_00_0
61250,6_00_0
61252,3_00_0
61254,6_00_0
61255,1_00_0
61256,3_00_0
61257,3_b7_1
61258,4_00_0
61259,3_00_0
61260,3_00_0
61261,3_a9_2
61262,3_a9_2
61263,5_b8_1
61264,3_b8_1
61265,1_00_0
61266,4_00_0
61267,5_a7_2
61268,4_00_0
61269,3_a9_2
61270,1_00_0
61272,6_00_0
61273,2_00_0
61274,4_00_0
61276,3_a9_1
61277,5_b8_1
61278,3_b7_1
61280,6_00_0
61281,3_00_0
61282,3_00_0
61283,5_00_0
61284,6_00_0
61285,6_00_0
61286,5_b6_1
61287,3_00_0
61288,6_00_0
61289,3_00_0
61290,4_00_0
61291,3_b3_1
61292,6_00_0
61293,3_b7_1
61294,3_00_0
61295,2_a5_2
61296,4_00_0
61297,1_00_0
61298,6_00_0
61299,6_00_0
61300,1_00_0
61301,6_00_0
61302,6_00_0
61303,1_00_0
61304,5_b6_1
61305,6_00_0
61306,6_a12_2
61307,1_00_0
61308,6_00_0
61309,3_00_0
61311,6_00_0
61312,1_00_0
61313,3_00_0
61314,3_00_0
61315,4_00_0
61316,5_b6_1
61317,1_00_0
61318,1_00_0
61319,6_00_0
61320,4_00_0
61321,3_b3_1
61322,3_00_0
61323,6_00_0
61325,4_00_0
61326,4_00_0
61327,1_00_0
61329,3_00_0
61330,1_00_0
61332,3_00_0
61333,4_00_0
61334,3_b6_1
61335,4_00_0
61336,3_00_0
61337,1_00_0
61338,4_00_0
61339,1_00_0
61340,4_00_0
61341,4_00_0
61342,3_00_0
61343,5_b6_1
61344,3_00_0
61345,4_00_0
61346,6_00_0
61347,3_a9_2
61348,5_b6_1
61349,1_00_0
61350,3_00_0
61351,6_00_0
61352,3_00_0
61353,3_00_0
61355,6_00_0
61356,6_00_0
61357,3_b6_1
61358,1_00_0
61360,4_00_0
61361,4_00_0
61362,4_00_0
61364,3_00_0
61365,1_00_0
61368,6_00_0
61369,3_a9_3
61370,5_b7_1
61371,3_b6_1
61372,4_00_0
61374,3_00_0
61375,5_b6_1
61376,3_00_0
61377,1_00_0
61379,3_00_0
61380,3_00_0
61381,4_00_0
61382,3_00_0
61384,4_00_0
61385,3_a9_1
61386,4_00_0
61387,3_00_0
61388,4_00_0
61389,4_00_0
61390,6_00_0
61391,3_00_0
61392,5_b7_1
61393,6_00_0
61394,3_00_0
61395,6_00_0
61396,6_00_0
61398,6_00_0
61399,5_b6_1
61400,3_00_0
61401,5_b7_1
61403,6_00_0
61404,3_00_0
61406,6_00_0
61407,6_00_0
61408,5_b8_1
61409,4_00_0
61410,6_00_0
61411,3_b3_1
61412,3_b7_1
61413,4_00_0
61414,3_00_0
61415,3_a9_3
61417,6_a11_1
61418,1_00_0
61419,6_00_0
61420,5_b6_1
61422,6_00_0
61423,1_00_0
61424,5_b8_1
61425,2_00_0
61426,3_00_0
61427,6_00_0
61428,6_00_0
61429,6_00_0
61430,2_00_0
61431,6_00_0
61432,5_b6_1
61433,4_00_0
61434,3_00_0
61436,6_00_0
61437,6_00_0
61438,3_a9_2
61439,1_00_0
61440,3_00_0
61441,5_b6_1
61442,3_a9_1
61443,5_b6_1
61445,4_00_0
61446,3_b8_1
61447,6_a11_1
61448,3_b8_1
61449,4_00_0
61450,4_00_0
61451,3_00_0
61452,3_00_0
61454,3_a9_1
61455,5_b7_1
61456,5_a7_2
61457,4_00_0
61458,4_00_0
61459,3_00_0
61460,3_00_0
61461,3_b6_1
61462,3_00_0
61463,1_00_0
61464,1_00_0
61465,5_b6_1
61466,3_a9_2
61467,4_00_0
61468,4_00_0
61469,3_a9_3
61470,5_a7_2
61471,6_00_0
61472,4_00_0
61473,1_00_0
61474,3_00_0
61475,1_00_0
61477,2_a5_2
61478,5_b8_1
61479,3_a9_1
61480,3_00_0
61481,3_a9_2
61482,5_b8_1
61483,5_a7_2
61484,3_00_0
61485,5_b6_1
61486,3_b3_1
61488,6_00_0
61489,6_00_0
61490,6_00_0
61491,3_b3_1
61492,3_a9_1
61493,5_b8_1
61494,5_b8_1
61495,4_00_0
61496,6_00_0
61497,4_00_0
61498,4_00_0
61499,4_00_0
61500,3_a9_1
61501,3_00_0
61502,6_00_0
61503,4_00_0
61504,4_00_0
61505,6_a12_2
61506,3_b3_1
61509,6_00_0
61510,4_00_0
61512,6_00_0
61514,3_b6_1
61516,4_00_0
61518,3_b7_1
61519,3_00_0
61520,6_00_0
61521,1_00_0
61522,3_b8_1
61523,1_00_0
61524,3_00_0
61525,4_00_0
61526,2_00_0
61527,3_b3_1
61529,4_00_0
61530,3_00_0
61531,2_00_0
61532,3_00_0
61533,1_00_0
61534,6_00_0
61535,1_00_0
61536,4_00_0
61537,4_00_0
61538,4_00_0
61539,3_b6_1
61540,3_00_0
61541,1_00_0
61542,1_00_0
61543,4_00_0
61544,3_00_0
61545,2_a5_2
61546,3_a9_1
61547,5_b7_1
61548,3_b8_1
61549,1_00_0
61550,5_b6_1
61551,5_b8_1
61552,3_b3_1
61553,3_00_0
61554,6_00_0
61555,6_00_0
61556,6_00_0
61557,3_00_0
61558,3_00_0
61559,6_00_0
61560,3_00_0
61561,4_00_0
61562,1_00_0
61563,4_00_0
61564,4_00_0
61565,6_00_0
61566,3_00_0
61567,1_00_0
61568,3_00_0
61569,3_00_0
61570,1_00_0
61572,3_00_0
61573,1_00_0
61574,5_b8_1
61575,3_b6_1
61576,1_00_0
61577,3_00_0
61578,3_00_0
61580,4_00_0
61581,3_00_0
61583,4_00_0
61584,2_00_0
61585,3_b7_1
61587,6_00_0
61588,3_00_0
61589,4_00_0
61590,2_a5_2
61591,4_00_0
61593,1_00_0
61594,3_00_0
61596,6_00_0
61597,6_00_0
61598,3_00_0
61599,4_00_0
61600,2_00_0
61601,6_00_0
61602,3_00_0
61603,3_a9_1
61606,4_00_0
61607,4_00_0
61608,3_00_0
61609,2_00_0
61610,4_00_0
61613,6_00_0
61614,6_a11_1
61615,3_00_0
61616,5_b7_1
61617,3_00_0
61618,1_00_0
61619,3_00_0
61620,4_00_0
61621,1_00_0
61623,4_00_0
61624,3_a9_2
61625,1_00_0
61627,3_00_0
61628,6_a11_1
61629,3_00_0
61630,3_00_0
61631,1_00_0
61632,4_00_0
61633,3_00_0
61634,6_00_0
61635,3_00_0
61636,3_00_0
61637,4_00_0
61638,3_00_0
61639,1_00_0
61640,4_00_0
61641,6_00_0
61642,1_00_0
61643,5_a7_2
61645,3_00_0
61646,6_00_0
61647,6_00_0
61649,4_00_0
61650,3_00_0
61651,6_00_0
61652,3_00_0
61653,6_b5_1
61654,4_00_0
61655,4_00_0
61656,3_00_0
61657,6_00_0
61658,3_00_0
61659,3_00_0
61661,3_00_0
61662,5_b6_1
61663,6_00_0
61664,4_00_0
61666,3_a9_2
61667,1_00_0
61668,3_00_0
61669,4_00_0
61670,3_00_0
61671,5_b8_1
61672,1_00_0
61673,3_00_0
61674,3_b6_1
61675,3_00_0
61676,6_00_0
61677,4_00_0
61678,3_00_0
61679,3_b6_1
61681,3_00_0
61682,1_00_0
61685,1_00_0
61686,3_00_0
61687,2_a5_2
61688,5_b8_1
61689,6_00_0
61690,3_b6_1
61691,4_00_0
61692,3_00_0
61693,5_00_0
61694,4_00_0
61695,6_00_0
61696,1_00_0
61697,5_b6_1
61698,6_00_0
61699,4_00_0
61701,5_b6_1
61702,5_b8_1
61703,3_00_0
61704,5_b6_1
61705,1_00_0
61706,2_a5_2
61707,6_a11_1
61708,3_a9_2
61709,6_00_0
61710,3_b3_1
61711,3_00_0
61712,1_00_0
61713,2_00_0
61715,3_00_0
61716,4_00_0
61717,3_00_0
61718,6_b4_3
61719,3_b7_1
61720,3_a9_1
61721,3_b6_1
61722,1_00_0
61723,4_00_0
61724,3_b6_1
61726,6_b4_1
61728,3_b6_1
61729,4_00_0
61731,3_00_0
61732,3_00_0
61733,4_00_0
61734,6_00_0
61735,4_00_0
61736,5_b6_1
61737,3_00_0
61738,4_00_0
61739,1_00_0
61740,6_00_0
61741,3_a9_2
61742,5_b6_1
61743,6_00_0
61744,4_00_0
61745,3_00_0
61746,3_00_0
61747,3_00_0
61748,5_b8_1
61749,1_00_0
61750,1_00_0
61751,3_b7_1
61752,5_b7_1
61753,1_00_0
61754,5_b7_1
61755,5_b7_1
61756,3_b6_1
61757,6_00_0
61758,6_00_0
61759,1_00_0
61760,6_b4_1
61761,4_00_0
61763,4_00_0
61764,6_00_0
61765,3_00_0
61766,4_00_0
61767,5_b6_1
61768,4_00_0
61770,3_00_0
61771,2_a5_2
61772,3_b8_1
61773,4_00_0
61775,3_a9_2
61776,3_00_0
61777,1_00_0
61778,1_00_0
61779,3_b3_1
61780,5_a7_2
61782,1_00_0
61783,6_a12_2
61784,5_b8_1
61785,3_00_0
61786,1_00_0
61787,1_00_0
61788,3_b6_1
61789,5_a7_2
61790,3_00_0
61791,3_00_0
61792,3_00_0
61793,6_00_0
61794,5_b7_1
61796,3_b3_1
61797,1_00_0
61799,4_00_0
61801,1_00_0
61802,5_b7_1
61803,1_00_0
61804,3_00_0
61805,3_00_0
61806,3_a9_2
61808,4_00_0
61809,3_00_0
61810,3_00_0
61811,5_b6_1
61812,3_a9_2
61813,6_00_0
61814,3_00_0
61815,4_00_0
61816,1_00_0
61818,1_00_0
61819,3_00_0
61820,3_00_0
61821,5_b7_1
61822,1_00_0
61823,3_b7_1
61824,5_b7_1
61825,3_00_0
61827,3_00_0
61828,4_00_0
61829,4_00_0
61830,3_00_0
61831,5_b7_1
61832,1_00_0
61833,3_00_0
61834,1_00_0
61835,3_00_0
61836,6_00_0
61837,3_00_0
61839,4_00_0
61840,6_00_0
61841,5_b6_1
61842,5_b6_1
61843,6_00_0
61844,6_00_0
61845,5_a7_2
61846,6_00_0
61847,6_a11_1
61848,3_b6_1
61849,3_b8_1
61850,1_00_0
61851,6_00_0
61852,4_00_0
61853,3_00_0
61854,2_00_0
61855,6_00_0
61856,3_b7_1
61857,2_00_0
61858,3_a9_3
61859,5_b6_1
61860,3_00_0
61861,5_b8_1
61862,3_00_0
61863,4_00_0
61864,6_b5_1
61865,4_00_0
61866,4_00_0
61867,3_b6_1
61868,5_b8_1
61869,4_00_0
61870,3_00_0
61871,3_a9_2
61872,3_00_0
61873,3_a9_2
61874,3_00_0
61876,3_00_0
61877,6_00_0
61879,3_00_0
61880,1_00_0
61881,4_00_0
61882,3_00_0
61883,1_00_0
61884,6_00_0
61885,5_b8_1
61886,5_b6_1
61887,3_00_0
61888,6_00_0
61889,6_00_0
61891,5_b7_1
61892,3_00_0
61893,5_a7_2
61894,6_00_0
61895,3_b7_1
61896,3_a9_1
61897,2_00_0
61898,4_00_0
61899,5_a7_2
61900,3_00_0
61901,5_b8_1
61902,6_b5_1
61903,6_00_0
61904,5_b8_1
61905,3_00_0
61906,6_00_0
61908,3_00_0
61910,4_00_0
61911,2_a5_2
61912,6_00_0
61913,3_a9_2
61915,3_00_0
61916,3_00_0
61918,3_00_0
61919,3_00_0
61920,2_00_0
61921,4_00_0
61922,1_00_0
61923,3_00_0
61924,5_b8_1
61925,2_a5_2
61926,6_a12_2
61927,3_00_0
61928,3_00_0
61929,4_00_0
61931,3_b3_1
61932,6_00_0
61933,3_00_0
61934,1_00_0
61935,6_00_0
61936,4_00_0
61937,3_b7_1
61938,4_00_0
61939,2_00_0
61940,4_00_0
61941,4_00_0
61942,3_b3_1
61945,3_00_0
61946,1_00_0
61947,3_00_0
61948,3_00_0
61949,4_00_0
61950,3_a9_2
61951,2_00_0
61952,4_00_0
61954,3_a9_2
61955,3_a9_1
61956,3_a9_2
61957,6_00_0
61958,1_00_0
61959,3_00_0
61960,2_a5_2
61962,1_00_0
61963,3_a9_2
61964,6_00_0
61966,6_00_0
61967,5_b6_1
61968,3_00_0
61969,3_00_0
61970,3_a9_2
61971,6_00_0
61972,4_00_0
61973,3_00_0
61974,6_00_0
61975,3_00_0
61976,6_00_0
61977,1_00_0
61978,6_00_0
61979,4_00_0
61980,3_a9_2
61981,6_b5_1
61982,5_a7_2
61983,1_00_0
61985,3_00_0
61986,4_00_0
61987,3_00_0
61990,3_00_0
61991,4_00_0
61992,3_00_0
61993,1_00_0
61994,4_00_0
61995,4_00_0
61996,4_00_0
61997,2_00_0
61998,4_00_0
61999,3_00_0
62000,6_00_0
62001,6_00_0
62002,1_00_0
62004,5_b6_1
62005,5_b6_1
62006,3_b6_1
62007,1_00_0
62009,3_00_0
62010,3_00_0
62011,6_00_0
62012,1_00_0
62013,3_00_0
62014,3_00_0
62015,3_b6_1
62017,1_00_0
62018,3_b3_1
62019,5_b7_1
62020,3_00_0
62021,3_00_0
62022,6_00_0
62023,1_00_0
62024,6_00_0
62025,4_00_0
62026,5_b6_1
62027,4_00_0
62029,4_00_0
62030,6_00_0
62031,3_00_0
62033,2_a5_2
62034,1_00_0
62035,5_b6_1
62036,3_b8_1
62037,5_00_0
62038,3_a9_1
62039,2_00_0
62041,5_b6_1
62042,1_00_0
62043,5_a7_2
62044,3_a9_2
62045,4_00_0
62046,3_b3_1
62047,4_00_0
62048,3_00_0
62049,3_00_0
62050,1_00_0
62051,4_00_0
62052,4_00_0
62053,4_00_0
62054,3_a9_2
62055,4_00_0
62056,3_b6_1
62057,3_00_0
62058,1_00_0
62059,3_00_0
62060,3_b3_1
62061,4_00_0
62062,3_00_0
62063,1_00_0
62064,3_b6_1
62065,3_00_0
62066,3_00_0
62067,6_00_0
62068,4_00_0
62069,2_00_0
62070,6_00_0
62071,5_00_0
62072,3_00_0
62075,4_00_0
62076,4_00_0
62077,3_b8_1
62078,6_00_0
62079,1_00_0
62081,3_00_0
62082,6_00_0
62083,3_b3_1
62084,3_00_0
62085,6_00_0
62086,6_00_0
62087,3_00_0
62088,3_00_0
62089,4_00_0
62090,3_a9_2
62091,6_00_0
62092,3_a9_1
62095,1_00_0
62096,3_b6_1
62097,1_00_0
62099,3_00_0
62100,3_a9_3
62101,1_00_0
62102,4_00_0
62103,6_00_0
62104,2_00_0
62105,3_00_0
62106,4_00_0
62107,3_a9_1
62108,1_00_0
62109,4_00_0
62111,3_b3_1
62114,3_b6_1
62115,4_00_0
62116,1_00_0
62117,3_00_0
62119,3_b8_1
62120,3_00_0
62121,6_a11_1
62122,1_00_0
62124,1_00_0
62126,3_00_0
62127,4_00_0
62128,5_b6_1
62129,2_00_0
62130,6_00_0
62132,4_00_0
62133,6_a11_1
62134,4_00_0
62135,4_00_0
62137,1_00_0
62138,6_00_0
62139,3_b6_1
62140,3_00_0
62142,3_00_0
62143,5_a7_2
62144,3_a9_2
62145,6_00_0
62146,6_00_0
62147,3_b6_1
62148,4_00_0
62149,6_00_0
62150,1_00_0
62151,1_00_0
62152,1_00_0
62153,3_00_0
62154,3_00_0
62155,1_00_0
62157,2_a5_2
62158,6_00_0
62159,6_00_0
62160,4_00_0
62161,3_00_0
62162,5_a7_2
62163,4_00_0
62164,6_00_0
62165,5_b8_1
62166,4_00_0
62167,5_b6_1
62168,3_b3_1
62170,3_00_0
62171,3_00_0
62172,2_a5_2
62173,6_00_0
62174,1_00_0
62175,6_00_0
62176,4_00_0
62177,3_00_0
62178,1_00_0
62179,3_b7_1
62180,3_00_0
62181,6_00_0
62182,5_b7_1
62183,6_00_0
62184,6_00_0
62185,6_00_0
62186,4_00_0
62187,3_00_0
62188,1_00_0
62189,3_a9_2
62190,3_b8_1
62191,5_b8_1
62193,4_00_0
62194,3_00_0
62196,1_00_0
62197,6_00_0
62198,3_a9_2
62199,3_b3_1
62200,2_a5_2
62201,3_a9_1
62202,3_b7_1
62203,3_00_0
62205,1_00_0
62207,3_00_0
62208,4_00_0
62209,6_00_0
62210,6_00_0
62211,2_a5_2
62212,5_b6_1
62214,2_a5_2
62215,3_00_0
62216,1_00_0
62217,3_00_0
62219,5_b7_1
62220,6_a12_2
62221,6_00_0
62222,3_00_0
62223,3_00_0
62224,4_00_0
62225,6_00_0
62226,6_00_0
62227,3_00_0
62228,4_00_0
62229,6_00_0
62230,2_a5_2
62231,3_00_0
62233,1_00_0
62234,6_00_0
62235,3_00_0
62236,4_00_0
62237,3_00_0
62238,5_b7_1
62239,3_00_0
62240,3_00_0
62242,3_a9_2
62243,3_a9_2
62244,1_00_0
62245,3_00_0
62246,2_a5_2
62247,6_00_0
62248,3_b6_1
62250,4_00_0
62251,5_b6_1
62252,6_00_0
62253,2_00_0
62254,3_00_0
62255,3_00_0
62257,2_a5_2
62258,6_00_0
62259,1_00_0
62260,1_00_0
62261,6_00_0
62262,1_00_0
62263,4_00_0
62264,3_00_0
62265,1_00_0
62266,3_b6_1
62267,3_a9_3
62268,1_00_0
62269,4_00_0
62270,5_b7_1
62271,4_00_0
62273,6_00_0
62274,6_00_0
62276,1_00_0
62277,3_b6_1
62278,3_00_0
62279,3_00_0
62280,1_00_0
62281,4_00_0
62282,4_00_0
62283,4_00_0
62284,4_00_0
62285,6_00_0
62286,3_a9_1
62287,6_00_0
62288,3_a9_2
62289,4_00_0
62290,3_b8_1
62291,1_00_0
62292,4_00_0
62293,3_b7_1
62294,3_00_0
62295,2_00_0
62296,2_a5_2
62297,1_00_0
62298,1_00_0
62299,3_00_0
62300,1_00_0
62301,3_00_0
62302,6_00_0
62303,6_00_0
62304,6_00_0
62305,3_b7_1
62306,6_00_0
62307,6_00_0
62308,3_00_0
62309,5_b7_1
62310,4_00_0
62311,6_a11_1
62313,3_00_0
62314,6_00_0
62315,5_b7_1
62316,6_00_0
62317,3_00_0
62318,2_a5_2
62319,6_00_0
62320,2_a5_2
62321,6_00_0
62322,3_00_0
62323,6_a12_2
62324,5_a7_2
62325,3_b7_1
62326,6_00_0
62327,4_00_0
62329,3_00_0
62330,5_b8_1
62331,3_b7_1
62332,5_a7_2
62334,3_00_0
62335,3_00_0
62336,3_b6_1
62338,6_00_0
62339,1_00_0
62341,6_00_0
62342,5_b7_1
62343,3_00_0
62344,6_00_0
62345,3_00_0
62346,3_00_0
62348,3_00_0
62349,2_a5_2
62351,4_00_0
62352,3_b7_1
62353,3_a9_1
62354,1_00_0
62356,3_b6_1
62357,4_00_0
62358,1_00_0
62359,4_00_0
62360,6_a12_2
62361,3_00_0
62362,3_a9_1
62363,4_00_0
62364,3_00_0
62365,6_00_0
62366,2_a5_2
62367,3_00_0
62368,3_00_0
62369,3_b3_1
62370,5_b8_1
62374,6_00_0
62376,4_00_0
62377,6_a11_1
62378,3_00_0
62380,4_00_0
62381,3_b3_1
62382,3_00_0
62383,4_00_0
62384,3_a9_2
62385,4_00_0
62386,3_b7_1
62387,4_00_0
62389,6_a12_2
62390,5_b7_1
62391,6_00_0
62392,2_00_0
62393,6_a12_1
62394,4_00_0
62395,2_00_0
62397,3_00_0
62398,6_00_0
62399,1_00_0
62401,4_00_0
62402,4_00_0
62403,3_00_0
62404,3_00_0
62405,1_00_0
62406,6_a11_1
62408,3_00_0
62409,1_00_0
62410,5_b7_1
62411,6_00_0
62412,6_00_0
62414,3_00_0
62415,3_b7_1
62416,6_a12_2
62417,2_00_0
62418,3_00_0
62419,4_00_0
62421,3_b7_1
62422,1_00_0
62423,3_b3_1
62424,3_00_0
62425,5_b8_1
62426,6_00_0
62427,3_b6_1
62428,1_00_0
62429,5_b7_1
62430,1_00_0
62432,4_00_0
62433,3_00_0
62434,2_00_0
62435,3_00_0
62436,4_00_0
62437,5_b6_1
62438,3_00_0
62439,3_a9_1
62440,3_00_0
62441,3_b6_1
62442,4_00_0
62443,3_00_0
62444,3_00_0
62445,3_b7_1
62446,4_00_0
62447,6_00_0
62448,3_00_0
62449,4_00_0
62452,4_00_0
62454,2_00_0
62455,4_00_0
62456,3_b6_1
62457,3_00_0
62458,3_b6_1
62459,5_b6_1
62460,1_00_0
62461,5_b6_1
62462,5_b7_1
62463,1_00_0
62464,3_00_0
62465,3_b7_1
62466,1_00_0
62467,5_b6_1
62468,1_00_0
62469,6_00_0
62470,6_00_0
62471,4_00_0
62472,3_a9_2
62473,3_b7_1
62474,3_00_0
62475,3_b6_1
62477,3_b6_1
62479,6_00_0
62480,6_00_0
62481,6_00_0
62482,3_a9_1
62484,4_00_0
62485,6_00_0
62486,2_00_0
62488,4_00_0
62489,1_00_0
62490,6_00_0
62491,3_b7_1
62492,3_00_0
62493,6_00_0
62494,5_b7_1
62495,5_b7_1
62496,3_00_0
62497,5_b7_1
62498,5_b7_1
62499,3_00_0
62500,4_00_0
62501,3_b7_1
62502,5_a7_2
62503,3_a9_3
62504,1_00_0
62505,4_00_0
62506,2_00_0
62509,3_00_0
62510,6_00_0
62511,3_a9_1
62512,3_00_0
62513,4_00_0
62514,1_00_0
62516,3_00_0
62517,1_00_0
62518,1_00_0
62519,4_00_0
62521,2_a5_2
62522,3_b3_1
62523,5_a7_2
62524,3_00_0
62525,3_00_0
62526,2_a5_2
62528,5_b7_1
62529,1_00_0
62530,3_a9_2
62531,4_00_0
62532,5_b7_1
62533,5_b7_1
62534,3_00_0
62536,4_00_0
62537,1_00_0
62538,2_a5_2
62539,3_00_0
62540,4_00_0
62541,6_00_0
62543,3_b7_1
62544,3_00_0
62545,3_00_0
62546,3_00_0
62547,4_00_0
62549,1_00_0
62550,1_00_0
62551,6_00_0
62552,4_00_0
62553,5_a7_2
62555,3_00_0
62556,4_00_0
62557,6_a12_2
62558,4_00_0
62559,1_00_0
62560,3_00_0
62561,6_a12_2
62562,6_00_0
62564,3_b6_1
62565,2_00_0
62566,5_a7_2
62567,3_00_0
62568,4_00_0
62569,3_00_0
62570,3_00_0
62572,3_a9_3
62573,3_a9_2
62574,4_00_0
62576,3_00_0
62577,4_00_0
62578,3_b3_1
62579,5_00_0
62580,6_00_0
62581,2_a5_2
62582,5_b7_1
62583,4_00_0
62584,4_00_0
62585,3_a9_1
62586,6_00_0
62588,3_b6_1
62589,6_00_0
62590,4_00_0
62591,4_00_0
62592,4_00_0
62593,6_00_0
62594,3_00_0
62595,4_00_0
62596,1_00_0
62597,3_b7_1
62598,3_00_0
62599,1_00_0
62600,1_00_0
62601,3_b3_1
62602,3_a9_1
62603,1_00_0
62604,6_00_0
62605,6_00_0
62608,3_00_0
62609,2_a5_2
62610,6_00_0
62611,3_b8_1
62612,4_00_0
62613,3_00_0
62614,3_00_0
62615,1_00_0
62616,6_b5_1
62617,3_b8_1
62619,4_00_0
62620,3_00_0
62621,6_00_0
62622,3_b6_1
62623,3_b3_1
62624,3_00_0
62626,1_00_0
62628,4_00_0
62629,3_b3_1
62630,5_b6_1
62631,5_00_0
62632,1_00_0
62633,3_b8_1
62634,1_00_0
62635,6_00_0
62636,4_00_0
62637,6_00_0
62638,1_00_0
62639,3_00_0
62641,3_00_0
62642,6_00_0
62643,3_00_0
62644,3_00_0
62645,1_00_0
62646,3_a9_2
62647,3_00_0
62648,6_00_0
62649,6_00_0
62650,4_00_0
62651,3_00_0
62652,3_00_0
62653,3_00_0
62654,3_a9_2
62656,3_a9_1
62657,3_00_0
62658,2_a5_2
62659,5_b8_1
62660,6_00_0
62661,1_00_0
62663,1_00_0
62664,4_00_0
62665,3_00_0
62666,6_a12_2
62667,3_b3_1
62669,6_00_0
62670,3_00_0
62671,1_00_0
62672,1_00_0
62673,5_00_0
62674,3_b8_1
62675,1_00_0
62677,1_00_0
62678,5_b7_1
62679,1_00_0
62680,3_00_0
62681,3_00_0
62682,6_00_0
62684,4_00_0
62685,3_b3_1
62688,3_a9_2
62689,6_00_0
62690,3_b7_1
62691,1_00_0
62692,6_a12_1
62693,2_00_0
62694,3_00_0
62695,3_00_0
62696,1_00_0
62697,1_00_0
62698,4_00_0
62699,6_00_0
62701,3_00_0
62703,3_b6_1
62704,6_00_0
62705,6_00_0
62706,6_b4_1
62707,2_00_0
62708,3_00_0
62709,3_00_0
62710,3_00_0
62711,4_00_0
62712,4_00_0
62713,6_00_0
62714,6_a11_1
62715,5_00_0
62716,4_00_0
62717,3_a9_1
62719,1_00_0
62722,3_00_0
62723,4_00_0
62724,3_a9_1
62725,6_00_0
62726,6_00_0
62727,4_00_0
62728,3_a9_1
62729,1_00_0
62730,3_00_0
62731,5_b7_1
62732,4_00_0
62733,2_a5_2
62734,1_00_0
62735,3_00_0
62736,3_00_0
62737,6_00_0
62738,2_00_0
62739,3_00_0
62742,3_a9_2
62743,3_a9_2
62744,2_00_0
62745,6_00_0
62746,4_00_0
62747,3_00_0
62748,2_a5_2
62749,5_b6_1
62750,3_b8_1
62751,5_a7_2
62752,1_00_0
62753,6_b4_3
62754,5_b6_1
62756,1_00_0
62757,3_00_0
62758,3_a9_1
62759,6_00_0
62760,6_00_0
62761,5_b6_1
62762,6_00_0
62763,6_00_0
62764,6_b5_1
62765,6_00_0
62766,1_00_0
62767,1_00_0
62768,6_00_0
62769,3_00_0
62770,4_00_0
62771,3_b7_1
62772,1_00_0
62773,3_00_0
62774,3_a9_1
62776,6_00_0
62777,4_00_0
62779,2_a5_2
62780,6_00_0
62781,6_00_0
62782,5_b7_1
62784,1_00_0
62785,4_00_0
62786,3_00_0
62787,3_b6_1
62788,1_00_0
62789,1_00_0
62790,3_b3_1
62791,3_b7_1
62792,4_00_0
62793,3_00_0
62794,3_00_0
62795,5_b7_1
62796,2_a5_2
62797,3_b7_1
62798,3_00_0
62799,3_00_0
62800,3_b7_1
62801,4_00_0
62802,5_b6_1
62803,1_00_0
62804,3_b8_1
62805,3_00_0
62806,4_00_0
62807,3_00_0
62808,1_00_0
62809,5_b8_1
62810,2_00_0
62811,3_00_0
62812,3_00_0
62813,5_00_0
62814,6_00_0
62815,1_00_0
62817,1_00_0
62818,4_00_0
62819,6_00_0
62820,4_00_0
62822,2_00_0
62823,6_00_0
62825,4_00_0
62826,3_00_0
62829,6_a11_1
62830,3_a9_2
62831,3_00_0
62832,5_b7_1
62833,6_00_0
62834,4_00_0
62836,6_a11_1
62837,6_00_0
62838,6_00_0
62839,3_00_0
62840,1_00_0
62842,6_00_0
62843,6_00_0
62844,1_00_0
62845,6_00_0
62847,1_00_0
62848,3_00_0
62849,1_00_0
62851,3_00_0
62852,3_a9_2
62853,6_00_0
62854,2_a5_2
62855,6_00_0
62856,3_b6_1
62857,3_a9_1
62858,6_a11_1
62859,4_00_0
62860,1_00_0
62861,3_00_0
62862,3_00_0
62863,4_00_0
62865,3_00_0
62867,3_00_0
62868,4_00_0
62869,4_00_0
62870,3_00_0
62872,1_00_0
62873,1_00_0
62874,3_00_0
62875,3_00_0
62876,5_b6_1
62877,6_00_0
62878,3_00_0
62879,3_a9_1
62880,6_00_0
62882,3_00_0
62883,3_b3_1
62884,1_00_0
62885,1_00_0
62886,4_00_0
62887,6_00_0
62888,3_00_0
62889,3_00_0
62891,3_00_0
62892,3_00_0
62894,3_00_0
62895,1_00_0
62896,3_b6_1
62897,3_00_0
62898,6_00_0
62899,5_b6_1
62900,3_00_0
62901,4_00_0
62902,2_00_0
62903,4_00_0
62904,1_00_0
62905,6_00_0
62906,3_00_0
62907,1_00_0
62908,3_00_0
62909,2_a5_2
62910,3_00_0
62911,1_00_0
62913,3_00_0
62914,3_b6_1
62915,3_00_0
62916,3_b8_1
62917,3_b6_1
62918,3_b7_1
62919,3_00_0
62920,3_b7_1
62921,5_b6_1
62922,4_00_0
62923,2_a5_2
62925,3_b6_1
62926,1_00_0
62927,6_00_0
62929,4_00_0
62930,3_00_0
62931,3_00_0
62932,4_00_0
62933,4_00_0
62934,2_a5_2
62935,3_a9_1
62936,3_b7_1
62937,4_00_0
62938,4_00_0
62939,4_00_0
62941,6_00_0
62942,6_00_0
62943,3_00_0
62944,3_00_0
62945,5_b8_1
62946,3_b6_1
62947,6_00_0
62948,3_00_0
62949,3_a9_1
62950,4_00_0
62951,4_00_0
62952,6_00_0
62953,2_00_0
62954,1_00_0
62956,3_a9_1
62957,1_00_0
62958,6_00_0
62959,5_b8_1
62962,3_b7_1
62964,2_00_0
62965,4_00_0
62966,3_00_0
62967,3_b7_1
62970,4_00_0
62971,3_00_0
62972,4_00_0
62973,3_00_0
62975,3_a9_2
62977,1_00_0
62978,3_a9_1
62979,3_a9_1
62980,3_00_0
62981,4_00_0
62982,3_00_0
62983,1_00_0
62984,3_00_0
62985,3_00_0
62986,1_00_0
62987,3_00_0
62988,1_00_0
62989,3_00_0
62990,4_00_0
62991,5_b7_1
62992,6_00_0
62993,5_b8_1
62994,3_00_0
62995,6_00_0
62996,4_00_0
62997,3_b6_1
62998,3_00_0
62999,3_00_0
63000,4_00_0
63001,6_00_0
63002,1_00_0
63003,3_00_0
63004,6_00_0
63005,4_00_0
63007,6_00_0
63008,6_00_0
63009,3_b6_1
63010,3_00_0
63011,3_00_0
63013,3_00_0
63014,6_00_0
63017,4_00_0
63018,5_b6_1
63019,1_00_0
63020,3_00_0
63021,3_a9_2
63022,5_a7_2
63023,5_a7_2
63024,1_00_0
63025,4_00_0
63026,1_00_0
63027,3_00_0
63028,4_00_0
63029,3_b7_1
63031,5_a7_2
63032,3_00_0
63033,2_a5_2
63034,1_00_0
63035,4_00_0
63036,3_00_0
63037,3_00_0
63038,5_b6_1
63039,3_a9_1
63040,5_00_0
63041,3_b3_1
63042,1_00_0
63043,3_b6_1
63044,3_00_0
63045,3_b7_1
63046,3_00_0
63047,4_00_0
63048,4_00_0
63049,6_00_0
63050,3_00_0
63051,1_00_0
63052,6_00_0
63053,3_00_0
63054,5_b8_1
63055,3_00_0
63056,2_a5_2
63057,6_00_0
63058,3_b3_1
63059,6_00_0
63060,3_b7_1
63061,3_a9_3
63062,3_00_0
63063,3_a9_1
63064,3_b7_1
63065,1_00_0
63067,3_00_0
63068,1_00_0
63069,4_00_0
63070,3_00_0
63071,6_00_0
63072,1_00_0
63073,4_00_0
63074,4_00_0
63076,6_00_0
63077,3_a9_2
63078,3_b3_1
63079,3_b7_1
63080,3_b6_1
63081,3_00_0
63082,6_00_0
63083,6_a12_2
63084,3_00_0
63085,5_b8_1
63087,3_b3_1
63088,2_a5_2
63089,2_a5_2
63090,5_b7_1
63091,5_b8_1
63092,2_00_0
63093,3_00_0
63095,3_00_0
63096,4_00_0
63097,4_00_0
63098,6_00_0
63099,3_b3_1
63100,6_00_0
63101,3_b3_1
63102,3_b7_1
63103,6_00_0
63104,3_00_0
63105,6_b4_3
63106,4_00_0
63107,1_00_0
63108,3_00_0
63109,4_00_0
63110,5_b8_1
63111,3_00_0
63112,6_00_0
63113,3_00_0
63114,2_a5_2
63115,6_00_0
63116,5_b8_1
63117,1_00_0
63118,5_b6_1
63119,3_00_0
63120,3_00_0
63121,3_b7_1
63122,3_00_0
63123,5_b6_1
63124,1_00_0
63125,4_00_0
63126,3_00_0
63127,3_b7_1
63128,3_b3_1
63129,1_00_0
63131,6_00_0
63132,2_00_0
63133,1_00_0
63134,5_b8_1
63135,3_b3_1
63137,6_a12_2
63138,2_a5_2
63139,6_00_0
63140,5_b7_1
63141,3_b7_1
63142,2_a5_2
63143,6_00_0
63144,5_b6_1
63145,3_00_0
63146,2_a5_2
63147,5_b7_1
63148,3_b7_1
63149,3_a9_2
63150,3_00_0
63151,1_00_0
63152,1_00_0
63153,3_b8_1
63155,1_00_0
63156,3_b3_1
63157,4_00_0
63158,5_b6_1
63159,4_00_0
63160,5_b7_1
63161,3_b7_1
63162,4_00_0
63164,3_b6_1
63165,3_00_0
63166,3_00_0
63167,3_00_0
63168,5_b6_1
63169,3_00_0
63170,6_a11_1
63171,5_b7_1
63172,5_a7_2
63173,3_00_0
63174,5_b7_1
63175,1_00_0
63176,3_b3_1
63177,6_00_0
63178,6_00_0
63179,5_b6_1
63180,4_00_0
63181,4_00_0
63182,3_00_0
63183,5_b8_1
63184,4_00_0
63185,1_00_0
63186,5_b8_1
63187,1_00_0
63188,5_00_0
63189,3_00_0
63190,5_b7_1
63192,3_00_0
63193,3_00_0
63194,4_00_0
63195,3_00_0
63196,3_00_0
63197,3_00_0
63198,1_00_0
63199,4_00_0
63200,6_00_0
63201,1_00_0
63202,1_00_0
63203,3_00_0
63204,6_a12_2
63205,1_00_0
63206,4_00_0
63207,3_b7_1
63208,6_00_0
63210,3_00_0
63211,3_b7_1
63212,1_00_0
63213,3_00_0
63214,3_00_0
63216,3_00_0
63217,1_00_0
63218,6_a11_1
63219,5_b7_1
63220,1_00_0
63222,1_00_0
63223,6_00_0
63224,4_00_0
63225,3_00_0
63226,3_b7_1
63227,1_00_0
63228,3_00_0
63229,6_a11_1
63230,3_00_0
63231,1_00_0
63232,3_00_0
63233,1_00_0
63234,3_00_0
63235,3_00_0
63236,3_b7_1
63237,5_b6_1
63238,4_00_0
63239,1_00_0
63240,2_a5_2
63241,3_b7_1
63242,4_00_0
63243,2_a5_2
63244,1_00_0
63245,4_00_0
63246,5_b7_1
63247,3_00_0
63248,5_b6_1
63249,3_b7_1
63250,4_00_0
63251,1_00_0
63252,3_00_0
63253,6_00_0
63254,5_b6_1
63255,2_a5_2
63256,6_00_0
63257,3_00_0
63258,6_00_0
63259,4_00_0
63261,3_00_0
63263,4_00_0
63264,4_00_0
63265,2_a5_2
63266,3_00_0
63267,5_00_0
63268,4_00_0
63269,6_00_0
63270,1_00_0
63271,3_00_0
63272,4_00_0
63273,3_00_0
63274,3_00_0
63275,1_00_0
63276,1_00_0
63278,4_00_0
63279,4_00_0
63280,1_00_0
63281,3_00_0
63282,1_00_0
63283,4_00_0
63284,6_00_0
63285,5_00_0
63287,2_a5_2
63288,3_00_0
63289,6_00_0
63290,3_00_0
63291,2_00_0
63292,3_00_0
63293,1_00_0
63294,4_00_0
63295,1_00_0
63296,4_00_0
63297,3_00_0
63298,6_00_0
63299,5_b8_1
63300,4_00_0
63301,4_00_0
63302,4_00_0
63303,1_00_0
63304,4_00_0
63305,1_00_0
63306,3_00_0
63307,1_00_0
63308,1_00_0
63309,4_00_0
63310,3_b6_1
63311,4_00_0
63312,1_00_0
63313,3_a9_2
63314,1_00_0
63315,6_a12_2
63316,3_00_0
63317,3_00_0
63318,2_00_0
63319,3_00_0
63320,4_00_0
63321,2_a5_2
63322,4_00_0
63323,6_00_0
63324,6_00_0
63325,1_00_0
63326,2_a5_2
63327,4_00_0
63328,1_00_0
63329,6_00_0
63331,6_a11_1
63332,2_a5_2
63334,4_00_0
63335,6_00_0
63336,6_00_0
63338,1_00_0
63339,3_00_0
63340,6_a11_1
63341,3_00_0
63342,2_a5_2
63343,5_b7_1
63344,1_00_0
63345,3_00_0
63346,3_b3_1
63348,3_b8_1
63349,1_00_0
63350,4_00_0
63351,2_a5_2
63352,3_b6_1
63353,6_00_0
63354,2_a5_2
63355,1_00_0
63356,1_00_0
63357,6_00_0
63358,1_00_0
63359,3_b6_1
63360,2_a5_2
63361,3_a9_1
63362,1_00_0
63363,6_00_0
63364,2_a5_2
63365,2_a5_2
63366,4_00_0
63367,6_a12_2
63368,2_a5_2
63369,1_00_0
63370,3_00_0
63371,1_00_0
63372,4_00_0
63373,1_00_0
63374,4_00_0
63375,4_00_0
63377,6_00_0
63378,6_00_0
63379,1_00_0
63380,5_b6_1
63381,6_00_0
63382,3_00_0
63383,3_b7_1
63384,2_a5_2
63385,5_b7_1
63386,3_b6_1
63387,6_00_0
63388,3_b7_1
63390,1_00_0
63391,4_00_0
63392,3_b8_1
63393,5_b6_1
63394,5_b6_1
63395,3_00_0
63396,3_b3_1
63397,3_00_0
63398,2_00_0
63399,6_00_0
63400,3_00_0
63401,4_00_0
63402,2_00_0
63403,2_a5_2
63404,4_00_0
63405,4_00_0
63406,3_00_0
63407,5_b8_1
63408,6_00_0
63409,4_00_0
63410,1_00_0
63411,3_b6_1
63413,3_00_0
63414,5_b6_1
63415,1_00_0
63416,3_00_0
63417,1_00_0
63418,6_a11_1
63419,4_00_0
63420,4_00_0
63421,3_00_0
63422,5_b6_1
63424,1_00_0
63425,6_00_0
63426,3_00_0
63427,1_00_0
63428,4_00_0
63429,5_b8_1
63430,5_a7_2
63431,6_b4_1
63432,4_00_0
63433,3_00_0
63434,5_b8_1
63435,5_b6_1
63437,3_a9_2
63438,1_00_0
63439,2_a5_2
63440,3_00_0
63441,4_00_0
63442,3_b6_1
63444,1_00_0
63445,3_b7_1
63446,3_a9_1
63447,6_00_0
63448,3_00_0
63449,3_b7_1
63450,3_00_0
63451,3_b8_1
63452,4_00_0
63453,4_00_0
63454,3_00_0
63455,3_b3_1
63456,3_00_0
63457,2_a5_2
63458,3_00_0
63459,5_00_0
63460,3_a9_1
63461,1_00_0
63462,5_b6_1
63463,3_00_0
63464,1_00_0
63465,3_00_0
63466,4_00_0
63467,5_b7_1
63468,3_a9_2
63469,4_00_0
63470,5_b6_1
63471,5_a7_2
63472,5_b7_1
63473,6_00_0
63474,6_00_0
63475,1_00_0
63476,4_00_0
63477,3_b6_1
63478,3_00_0
63479,6_00_0
63480,4_00_0
63481,4_00_0
63483,1_00_0
63484,3_00_0
63485,4_00_0
63486,3_00_0
63487,3_b7_1
63489,3_b7_1
63490,3_a9_2
63491,2_00_0
63492,3_00_0
63493,5_b6_1
63494,3_b7_1
63495,6_00_0
63497,3_00_0
63498,5_a7_2
63499,5_a7_2
63500,1_00_0
63501,3_00_0
63502,4_00_0
63503,4_00_0
63504,4_00_0
63505,6_00_0
63506,6_00_0
63507,6_00_0
63508,1_00_0
63510,6_00_0
63511,2_00_0
63512,6_00_0
63513,3_b6_1
63515,6_b4_1
63516,3_a9_1
63517,3_b7_1
63518,5_b8_1
63519,6_00_0
63520,6_00_0
63521,5_b7_1
63522,6_00_0
63523,1_00_0
63524,3_00_0
63525,4_00_0
63526,3_b6_1
63527,1_00_0
63528,1_00_0
63529,1_00_0
63530,4_00_0
63531,5_b7_1
63532,1_00_0
63533,3_a9_1
63534,4_00_0
63535,6_00_0
63536,6_00_0
63537,4_00_0
63539,5_a7_2
63541,5_b6_1
63542,1_00_0
63543,6_00_0
63544,6_00_0
63545,1_00_0
63546,4_00_0
63547,1_00_0
63548,1_00_0
63549,1_00_0
63550,4_00_0
63551,6_00_0
63552,5_b7_1
63554,3_b8_1
63555,6_00_0
63556,6_00_0
63557,3_00_0
63558,4_00_0
63559,4_00_0
63560,3_00_0
63561,5_b8_1
63562,3_00_0
63563,3_00_0
63564,6_00_0
63565,5_b7_1
63566,4_00_0
63567,4_00_0
63569,2_a5_2
63571,4_00_0
63572,1_00_0
63573,4_00_0
63574,4_00_0
63575,6_a11_1
63577,5_b7_1
63578,6_a12_1
63579,6_00_0
63580,3_00_0
63581,4_00_0
63582,6_00_0
63583,4_00_0
63584,3_b6_1
63585,4_00_0
63586,6_00_0
63587,3_b8_1
63588,5_b8_1
63589,3_b7_1
63590,4_00_0
63591,6_00_0
63592,1_00_0
63593,4_00_0
63594,6_00_0
63595,6_00_0
63596,3_00_0
63597,1_00_0
63598,4_00_0
63599,3_b3_1
63600,3_b3_1
63602,6_00_0
63603,5_b6_1
63604,6_00_0
63605,1_00_0
63606,1_00_0
63607,4_00_0
63609,3_b7_1
63611,3_a9_2
63612,1_00_0
63613,3_00_0
63615,5_b7_1
63616,4_00_0
63617,5_b6_1
63618,5_b6_1
63619,5_b7_1
63620,4_00_0
63621,6_00_0
63622,3_00_0
63623,3_b7_1
63624,4_00_0
63626,5_b8_1
63627,4_00_0
63628,5_b8_1
63629,5_b8_1
63630,1_00_0
63633,1_00_0
63634,5_a7_2
63635,5_b8_1
63636,4_00_0
63637,3_b7_1
63638,1_00_0
63639,4_00_0
63641,4_00_0
63642,4_00_0
63643,2_00_0
63644,3_a9_2
63645,3_00_0
63646,1_00_0
63647,6_00_0
63648,4_00_0
63649,3_a9_2
63650,6_00_0
63651,4_00_0
63652,3_00_0
63653,3_b8_1
63654,3_b6_1
63655,4_00_0
63656,3_00_0
63657,3_b6_1
63659,5_00_0
63661,3_b3_1
63662,5_b8_1
63663,1_00_0
63664,3_00_0
63666,1_00_0
63667,4_00_0
63668,2_00_0
63669,5_b6_1
63670,3_00_0
63671,3_b6_1
63673,4_00_0
63674,2_00_0
63675,3_b3_1
63676,1_00_0
63677,3_b8_1
63678,6_00_0
63679,3_b6_1
63681,3_00_0
63682,1_00_0
63684,4_00_0
63685,4_00_0
63686,3_a9_1
63687,3_b7_1
63688,1_00_0
63689,3_00_0
63690,4_00_0
63691,2_00_0
63692,4_00_0
63693,4_00_0
63694,4_00_0
63695,6_00_0
63696,3_b6_1
63697,4_00_0
63698,4_00_0
63699,3_b6_1
63700,2_a5_2
63701,1_00_0
63703,5_b8_1
63704,2_a5_2
63705,3_00_0
63706,3_b6_1
63707,5_a7_2
63708,3_b7_1
63709,2_00_0
63710,3_00_0
63712,3_00_0
63713,2_a5_2
63714,2_00_0
63715,3_b6_1
63716,4_00_0
63717,3_b8_1
63719,5_b6_1
63720,1_00_0
63722,6_00_0
63723,3_a9_2
63724,1_00_0
63725,3_00_0
63726,3_b6_1
63727,4_00_0
63728,1_00_0
63729,4_00_0
63730,3_00_0
63731,1_00_0
63732,2_00_0
63733,4_00_0
63734,5_b7_1
63735,3_00_0
63736,3_b7_1
63739,3_00_0
63740,4_00_0
63741,3_a9_2
63742,5_b6_1
63743,3_b6_1
63744,1_00_0
63745,4_00_0
63746,3_00_0
63747,3_b7_1
63748,3_00_0
63749,3_00_0
63750,6_00_0
63751,4_00_0
63752,1_00_0
63753,6_00_0
63754,3_00_0
63755,3_00_0
63757,6_b4_3
63758,6_00_0
63759,4_00_0
63760,4_00_0
63761,3_00_0
63762,3_00_0
63763,6_00_0
63765,3_00_0
63766,4_00_0
63767,4_00_0
63768,4_00_0
63770,3_b3_1
63771,3_00_0
63772,5_b8_1
63773,1_00_0
63774,3_00_0
63775,3_00_0
63776,4_00_0
63777,5_b8_1
63778,5_b7_1
63779,1_00_0
63780,3_a9_2
63781,3_00_0
63782,3_b8_1
63783,2_00_0
63784,3_00_0
63785,1_00_0
63786,5_b8_1
63787,6_a11_1
63788,6_00_0
63789,2_a5_2
63790,3_b8_1
63791,4_00_0
63792,3_b6_1
63793,1_00_0
63794,6_00_0
63795,6_00_0
63796,3_a9_3
63798,3_00_0
63799,3_00_0
63800,4_00_0
63801,4_00_0
63802,3_00_0
63803,3_00_0
63804,3_a9_2
63806,5_b8_1
63807,6_00_0
63808,5_b6_1
63809,3_b6_1
63810,1_00_0
63811,3_a9_2
63812,4_00_0
63813,2_00_0
63816,3_b7_1
63817,4_00_0
63818,1_00_0
63819,6_00_0
63820,3_00_0
63821,3_b3_1
63822,3_00_0
63823,1_00_0
63824,1_00_0
63825,6_00_0
63826,6_00_0
63827,6_00_0
63829,3_00_0
63833,5_00_0
63834,6_00_0
63835,3_b7_1
63836,2_a5_2
63837,3_00_0
63838,4_00_0
63841,1_00_0
63842,3_00_0
63843,6_00_0
63844,1_00_0
63845,6_00_0
63846,3_a9_2
63847,3_b3_1
63848,3_b7_1
63849,3_00_0
63850,3_00_0
63851,3_b6_1
63852,2_a5_2
63853,3_00_0
63854,5_a7_2
63855,3_00_0
63856,5_b7_1
63857,5_a7_2
63858,3_00_0
63859,6_00_0
63860,3_00_0
63861,3_a9_2
63862,3_a9_1
63863,3_00_0
63864,1_00_0
63865,1_00_0
63866,1_00_0
63867,6_00_0
63868,3_00_0
63869,5_b6_1
63871,1_00_0
63872,4_00_0
63873,6_00_0
63874,4_00_0
63875,1_00_0
63876,5_b6_1
63877,4_00_0
63878,5_b7_1
63879,1_00_0
63880,6_00_0
63881,4_00_0
63882,3_b6_1
63883,4_00_0
63884,3_00_0
63885,6_00_0
63886,5_b8_1
63888,5_b6_1
63889,3_00_0
63890,6_a12_2
63891,1_00_0
63892,2_a5_2
63893,3_00_0
63894,3_00_0
63896,6_b4_1
63898,1_00_0
63899,1_00_0
63900,3_b3_1
63901,6_00_0
63902,4_00_0
63903,4_00_0
63904,5_00_0
63905,3_a9_1
63906,3_00_0
63907,1_00_0
63908,4_00_0
63909,1_00_0
63910,3_a9_2
63911,4_00_0
63912,3_00_0
63913,6_00_0
63915,3_00_0
63916,6_00_0
63917,5_b6_1
63918,4_00_0
63919,1_00_0
63920,1_00_0
63922,4_00_0
63924,6_a12_2
63925,2_a5_2
63926,1_00_0
63927,2_a5_2
63928,3_b6_1
63929,4_00_0
63930,1_00_0
63931,3_00_0
63932,4_00_0
63933,4_00_0
63934,1_00_0
63935,3_b6_1
63936,5_b8_1
63937,2_00_0
63939,4_00_0
63940,6_00_0
63941,3_a9_1
63942,3_b6_1
63943,4_00_0
63944,3_a9_2
63945,4_00_0
63946,3_00_0
63947,3_00_0
63948,4_00_0
63951,6_00_0
63952,5_b8_1
63953,3_a9_1
63954,2_00_0
63955,4_00_0
63956,3_b7_1
63957,3_00_0
63958,3_b7_1
63959,3_00_0
63960,4_00_0
63961,1_00_0
63962,3_00_0
63963,1_00_0
63964,4_00_0
63965,3_b6_1
63966,3_00_0
63967,3_00_0
63968,4_00_0
63969,1_00_0
63970,1_00_0
63971,3_b6_1
63972,5_b7_1
63973,3_00_0
63974,3_00_0
63975,3_b6_1
63976,3_a9_1
63977,4_00_0
63978,3_a9_1
63979,3_b3_1
63980,4_00_0
63981,2_00_0
63982,4_00_0
63983,3_00_0
63984,5_b6_1
63985,6_00_0
63986,1_00_0
63987,5_b8_1
63988,3_b3_1
63989,3_b8_1
63990,4_00_0
63991,6_00_0
63993,3_00_0
63994,1_00_0
63995,5_b7_1
63996,5_b6_1
63998,4_00_0
63999,4_00_0
64000,4_00_0
64002,3_00_0
64003,3_00_0
64004,6_00_0
64005,6_00_0
64006,3_b8_1
64007,1_00_0
64008,6_00_0
64009,6_00_0
64010,3_00_0
64011,5_b6_1
64012,1_00_0
64013,3_00_0
64014,3_b3_1
64015,5_00_0
64016,3_00_0
64017,6_00_0
64019,4_00_0
64020,3_b6_1
64021,6_00_0
64022,3_00_0
64023,3_b8_1
64024,3_b7_1
64025,1_00_0
64026,1_00_0
64027,3_00_0
64028,2_00_0
64031,6_00_0
64032,5_b7_1
64033,6_00_0
64034,3_a9_1
64035,3_00_0
64036,3_b7_1
64037,3_00_0
64038,5_00_0
64039,3_00_0
64040,6_00_0
64041,3_00_0
64042,2_a5_2
64044,6_00_0
64045,3_00_0
64046,4_00_0
64047,1_00_0
64048,6_00_0
64049,4_00_0
64050,1_00_0
64051,5_00_0
64052,6_a12_2
64053,3_a9_2
64054,6_00_0
64055,6_00_0
64056,2_a5_2
64057,3_00_0
64058,1_00_0
64059,6_00_0
64061,3_00_0
64062,5_a7_2
64063,5_b6_1
64064,3_b6_1
64065,6_00_0
64066,3_00_0
64067,3_00_0
64068,3_b6_1
64069,3_a9_2
64070,6_00_0
64071,5_a7_2
64072,1_00_0
64073,1_00_0
64074,5_b8_1
64075,4_00_0
64076,5_b6_1
64077,3_b7_1
64078,3_b6_1
64079,6_00_0
64080,5_b6_1
64081,1_00_0
64082,4_00_0
64083,3_00_0
64084,5_b6_1
64085,3_00_0
64086,5_a7_2
64087,6_00_0
64088,3_b6_1
64089,6_00_0
64090,1_00_0
64091,3_00_0
64092,3_00_0
64093,4_00_0
64094,2_00_0
64095,6_00_0
64096,6_00_0
64097,1_00_0
64098,3_00_0
64100,3_00_0
64102,1_00_0
64104,3_00_0
64105,4_00_0
64106,6_00_0
64107,6_00_0
64108,6_00_0
64109,3_b8_1
64110,2_a5_2
64111,3_00_0
64112,4_00_0
64113,3_00_0
64114,6_00_0
64115,3_00_0
64116,5_b7_1
64117,3_00_0
64118,3_a9_2
64121,5_b7_1
64122,4_00_0
64123,1_00_0
64124,3_b3_1
64125,3_b6_1
64126,1_00_0
64127,4_00_0
64128,4_00_0
64129,5_b7_1
64130,3_00_0
64131,2_a5_2
64132,1_00_0
64133,5_a7_2
64134,3_a9_2
64135,3_a9_2
64136,3_00_0
64137,3_00_0
64138,3_00_0
64139,1_00_0
64140,3_a9_2
64141,6_00_0
64142,2_a5_2
64143,6_00_0
64144,3_00_0
64145,6_00_0
64146,3_a9_1
64147,3_00_0
64148,1_00_0
64149,6_00_0
64151,3_00_0
64152,1_00_0
64153,1_00_0
64154,2_a5_2
64155,5_b6_1
64156,3_a9_2
64157,4_00_0
64158,3_b6_1
64159,2_a5_2
64160,6_00_0
64161,3_00_0
64162,6_00_0
64163,3_a9_1
64164,3_00_0
64165,1_00_0
64166,4_00_0
64167,6_00_0
64168,1_00_0
64169,5_b7_1
64170,4_00_0
64171,5_b8_1
64172,5_b7_1
64173,6_a12_2
64174,3_00_0
64175,6_00_0
64176,2_a5_2
64177,6_00_0
64178,2_00_0
64179,6_00_0
64180,3_b6_1
64181,1_00_0
64183,6_00_0
64184,5_b7_1
64185,3_a9_2
64186,6_00_0
64187,3_00_0
64189,4_00_0
64190,6_00_0
64191,5_b6_1
64193,4_00_0
64194,3_00_0
64195,5_b6_1
64196,6_00_0
64197,6_00_0
64198,1_00_0
64199,3_00_0
64200,3_a9_2
64201,3_00_0
64202,3_b7_1
64203,1_00_0
64204,3_00_0
64205,1_00_0
64206,1_00_0
64207,1_00_0
64209,1_00_0
64210,3_00_0
64212,1_00_0
64213,1_00_0
64214,3_a9_3
64215,3_b3_1
64216,5_b7_1
64217,2_a5_2
64218,1_00_0
64219,4_00_0
64221,3_00_0
64222,6_b4_3
64223,6_00_0
64224,3_a9_1
64226,6_00_0
64227,5_00_0
64228,1_00_0
64229,5_b8_1
64230,3_00_0
64231,4_00_0
64232,2_a5_2
64233,6_00_0
64234,3_b7_1
64235,1_00_0
64236,4_00_0
64237,3_b6_1
64238,3_00_0
64239,3_00_0
64240,1_00_0
64241,1_00_0
64242,1_00_0
64244,4_00_0
64245,3_00_0
64249,3_00_0
64250,3_00_0
64251,4_00_0
64252,6_00_0
64255,4_00_0
64256,2_a5_2
64257,3_b3_1
64258,1_00_0
64259,2_a5_2
64260,1_00_0
64261,5_a7_2
64262,3_00_0
64263,3_b8_1
64264,4_00_0
64265,3_b8_1
64266,5_b8_1
64267,3_b6_1
64268,1_00_0
64269,3_00_0
64270,1_00_0
64271,3_b6_1
64272,3_00_0
64273,4_00_0
64274,5_b8_1
64275,6_00_0
64276,6_00_0
64277,1_00_0
64278,5_b6_1
64279,1_00_0
64280,3_b8_1
64281,4_00_0
64282,3_b6_1
64283,4_00_0
64284,3_00_0
64286,3_a9_2
64287,3_00_0
64288,2_00_0
64290,4_00_0
64291,4_00_0
64292,6_00_0
64293,5_b8_1
64294,5_b6_1
64295,1_00_0
64296,4_00_0
64297,6_00_0
64298,5_a7_2
64299,1_00_0
64300,3_a9_2
64301,3_00_0
64302,5_b6_1
64304,3_00_0
64305,3_00_0
64306,4_00_0
64307,1_00_0
64308,5_00_0
64309,4_00_0
64310,3_b7_1
64311,1_00_0
64312,6_a11_1
64315,6_00_0
64316,2_a5_2
64317,4_00_0
64318,3_a9_1
64319,2_a5_2
64320,4_00_0
64321,5_b8_1
64322,4_00_0
64326,4_00_0
64327,6_00_0
64328,3_b3_1
64329,1_00_0
64331,6_a11_1
64332,5_b8_1
64333,3_a9_1
64334,1_00_0
64335,2_a5_2
64337,3_b6_1
64338,3_b8_1
64339,3_00_0
64340,3_b3_1
64341,1_00_0
64342,3_a9_1
64343,3_00_0
64344,5_b8_1
64345,1_00_0
64347,3_00_0
64348,4_00_0
64350,3_00_0
64351,4_00_0
64352,2_a5_2
64353,4_00_0
64354,3_b7_1
64355,4_00_0
64356,1_00_0
64357,3_00_0
64358,5_a7_2
64359,3_00_0
64360,5_b8_1
64361,1_00_0
64362,3_00_0
64363,3_00_0
64364,3_a9_1
64365,4_00_0
64366,3_b6_1
64367,1_00_0
64368,3_00_0
64369,3_b6_1
64370,4_00_0
64371,4_00_0
64374,3_a9_2
64375,4_00_0
64377,3_00_0
64378,6_00_0
64379,4_00_0
64380,3_00_0
64381,3_b6_1
64382,4_00_0
64383,3_00_0
64385,4_00_0
64386,1_00_0
64387,3_b7_1
64389,6_a12_2
64391,4_00_0
64392,5_b7_1
64393,6_00_0
64394,3_00_0
64395,3_a9_1
64396,3_b8_1
64397,4_00_0
64398,2_a5_2
64399,5_b7_1
64400,4_00_0
64402,3_00_0
64404,3_a9_2
64405,6_00_0
64406,5_b6_1
64407,2_a5_2
64409,3_a9_2
64410,1_00_0
64411,3_00_0
64412,5_b6_1
64413,6_00_0
64414,1_00_0
64415,1_00_0
64416,3_b3_1
64417,3_a9_1
64418,5_b8_1
64419,6_00_0
64420,4_00_0
64422,4_00_0
64423,1_00_0
64424,3_00_0
64425,6_00_0
64426,6_00_0
64427,6_00_0
64428,6_00_0
64429,5_a7_2
64430,5_b8_1
64431,6_00_0
64432,5_b6_1
64433,6_a11_1
64434,4_00_0
64435,5_a7_2
64436,5_b8_1
64437,6_00_0
64438,3_b3_1
64439,3_a9_2
64440,3_00_0
64442,1_00_0
64443,3_00_0
64444,4_00_0
64446,6_a12_2
64447,3_00_0
64448,5_00_0
64449,4_00_0
64450,6_00_0
64451,4_00_0
64452,1_00_0
64454,6_00_0
64455,3_00_0
64456,6_00_0
64457,2_00_0
64458,5_b6_1
64459,6_00_0
64461,6_00_0
64462,4_00_0
64463,2_00_0
64465,4_00_0
64466,4_00_0
64467,6_00_0
64468,1_00_0
64469,6_00_0
64470,4_00_0
64471,6_00_0
64472,6_00_0
64473,4_00_0
64474,2_a5_2
64475,6_00_0
64476,4_00_0
64477,1_00_0
64478,4_00_0
64479,1_00_0
64480,4_00_0
64481,6_a11_1
64482,1_00_0
64483,3_00_0
64484,6_00_0
64485,3_00_0
64486,3_b8_1
64487,3_b8_1
64488,1_00_0
64489,3_b6_1
64490,4_00_0
64491,5_b7_1
64492,5_a7_2
64493,3_00_0
64495,6_00_0
64497,6_00_0
64498,3_a9_1
64499,3_00_0
64500,5_b7_1
64501,4_00_0
64502,6_00_0
64504,4_00_0
64505,5_b6_1
64506,6_b5_1
64507,5_b7_1
64508,5_b8_1
64509,1_00_0
64510,1_00_0
64511,4_00_0
64512,6_00_0
64513,3_b3_1
64514,1_00_0
64515,4_00_0
64516,6_00_0
64517,3_b8_1
64519,5_b8_1
64520,3_00_0
64521,1_00_0
64522,6_00_0
64525,4_00_0
64526,1_00_0
64527,4_00_0
64529,1_00_0
64530,2_a5_2
64531,3_00_0
64532,4_00_0
64533,1_00_0
64534,3_00_0
64536,5_b7_1
64537,5_b7_1
64538,6_00_0
64541,1_00_0
64542,3_00_0
64543,5_b8_1
64544,1_00_0
64545,3_a9_1
64547,3_a9_1
64548,1_00_0
64550,3_00_0
64551,3_00_0
64552,6_a11_1
64553,3_00_0
64554,4_00_0
64555,6_00_0
64556,6_00_0
64557,3_a9_2
64558,4_00_0
64559,2_a5_2
64560,3_00_0
64561,3_b8_1
64562,1_00_0
64563,4_00_0
64564,5_b7_1
64565,3_a9_2
64566,3_a9_2
64568,6_00_0
64569,1_00_0
64570,3_a9_2
64571,3_b7_1
64572,2_00_0
64573,3_b7_1
64574,3_b7_1
64575,3_00_0
64577,4_00_0
64578,2_00_0
64579,6_00_0
64581,3_00_0
64582,1_00_0
64583,4_00_0
64584,6_a12_2
64586,1_00_0
64587,4_00_0
64588,3_b6_1
64589,3_b3_1
64590,4_00_0
64592,3_00_0
64593,1_00_0
64595,3_a9_2
64596,4_00_0
64597,6_00_0
64598,6_00_0
64599,3_00_0
64600,3_00_0
64601,2_a5_2
64602,3_00_0
64604,2_a5_2
64605,3_00_0
64606,6_00_0
64607,3_b7_1
64608,4_00_0
64609,3_00_0
64610,3_b6_1
64611,3_00_0
64612,4_00_0
64613,5_b7_1
64614,6_00_0
64616,4_00_0
64617,5_b6_1
64618,2_00_0
64619,6_00_0
64620,1_00_0
64621,3_b7_1
64622,3_b3_1
64623,3_00_0
64624,3_00_0
64625,3_00_0
64626,1_00_0
64627,4_00_0
64628,1_00_0
64629,4_00_0
64630,4_00_0
64631,3_a9_2
64632,4_00_0
64633,3_00_0
64634,3_b6_1
64635,1_00_0
64636,3_a9_2
64637,3_00_0
64638,3_00_0
64639,4_00_0
64640,4_00_0
64641,4_00_0
64642,6_00_0
64643,4_00_0
64644,1_00_0
64645,5_b6_1
64646,3_a9_1
64647,6_00_0
64648,1_00_0
64649,4_00_0
64651,1_00_0
64652,3_00_0
64653,3_a9_2
64654,1_00_0
64656,5_00_0
64657,5_a7_2
64658,3_00_0
64659,3_00_0
64660,3_a9_2
64662,6_00_0
64663,3_00_0
64664,4_00_0
64666,1_00_0
64667,3_00_0
64668,6_00_0
64669,4_00_0
64670,3_00_0
64671,3_a9_1
64672,4_00_0
64673,3_00_0
64674,6_00_0
64675,6_00_0
64676,3_b7_1
64677,6_00_0
64679,6_00_0
64680,3_00_0
64681,1_00_0
64682,6_00_0
64683,3_00_0
64685,2_a5_2
64686,4_00_0
64687,2_a5_2
64688,1_00_0
64689,5_00_0
64691,5_b6_1
64692,6_00_0
64693,4_00_0
64694,1_00_0
64695,5_00_0
64696,6_00_0
64697,3_a9_2
64698,3_00_0
64699,6_b5_1
64700,1_00_0
64701,3_b7_1
64702,5_b7_1
64703,3_00_0
64704,6_00_0
64705,5_b6_1
64706,4_00_0
64707,5_a7_2
64708,5_b8_1
64709,3_00_0
64712,6_00_0
64713,4_00_0
64714,3_b3_1
64716,6_00_0
64717,1_00_0
64718,3_b6_1
64719,4_00_0
64720,5_b7_1
64721,6_00_0
64722,3_00_0
64723,3_00_0
64724,4_00_0
64725,4_00_0
64726,6_00_0
64727,3_00_0
64728,3_00_0
64729,6_00_0
64730,6_00_0
64731,3_00_0
64732,6_00_0
64733,3_00_0
64734,3_b3_1
64735,2_00_0
64737,6_a12_1
64738,6_00_0
64739,5_b6_1
64740,3_00_0
64741,1_00_0
64742,1_00_0
64743,3_00_0
64744,4_00_0
64746,6_00_0
64747,6_00_0
64748,1_00_0
64749,4_00_0
64750,4_00_0
64751,2_00_0
64752,3_a9_1
64753,3_00_0
64754,2_00_0
64755,3_00_0
64756,4_00_0
64757,4_00_0
64758,4_00_0
64759,2_00_0
64760,3_b8_1
64762,3_00_0
64763,3_b3_1
64764,4_00_0
64765,3_00_0
64766,4_00_0
64767,3_00_0
64768,4_00_0
64769,5_00_0
64770,6_a12_1
64771,4_00_0
64772,1_00_0
64773,3_00_0
64774,3_00_0
64775,6_00_0
64776,4_00_0
64778,3_b3_1
64779,5_b8_1
64780,5_b6_1
64781,1_00_0
64782,3_a9_2
64783,4_00_0
64784,3_00_0
64785,6_a12_2
64786,3_00_0
64787,6_00_0
64788,2_00_0
64789,5_b6_1
64790,3_b6_1
64791,6_00_0
64792,3_b3_1
64793,4_00_0
64794,3_00_0
64795,3_a9_2
64796,5_b8_1
64798,3_a9_3
64800,4_00_0
64802,1_00_0
64803,1_00_0
64805,3_00_0
64806,3_00_0
64807,4_00_0
64808,3_b6_1
64809,4_00_0
64810,5_00_0
64811,3_00_0
64812,3_00_0
64813,4_00_0
64814,3_b6_1
64815,3_b7_1
64817,4_00_0
64818,2_00_0
64819,1_00_0
64820,4_00_0
64821,3_00_0
64822,3_b8_1
64823,6_00_0
64824,1_00_0
64825,4_00_0
64826,3_00_0
64827,4_00_0
64828,4_00_0
64829,5_b7_1
64830,1_00_0
64831,1_00_0
64832,4_00_0
64833,6_00_0
64834,6_00_0
64835,6_00_0
64836,3_00_0
64837,3_a9_1
64839,2_00_0
64840,6_00_0
64841,3_b6_1
64843,6_00_0
64844,1_00_0
64845,3_00_0
64846,3_b8_1
64847,4_00_0
64848,4_00_0
64849,3_00_0
64850,1_00_0
64851,3_b3_1
64852,4_00_0
64853,5_b7_1
64854,3_00_0
64855,3_00_0
64856,6_00_0
64857,6_00_0
64858,4_00_0
64859,4_00_0
64860,6_00_0
64861,6_00_0
64862,2_a5_2
64863,6_00_0
64864,1_00_0
64865,3_b7_1
64866,1_00_0
64867,3_00_0
64868,3_00_0
64869,2_00_0
64870,2_a5_2
64871,5_b8_1
64872,6_00_0
64873,4_00_0
64874,3_00_0
64875,3_b6_1
64876,2_a5_2
64877,3_00_0
64878,1_00_0
64879,6_00_0
64880,3_00_0
64881,6_00_0
64882,4_00_0
64883,3_00_0
64885,3_00_0
64887,2_a5_2
64888,6_00_0
64889,3_00_0
64890,5_b8_1
64891,6_00_0
64892,1_00_0
64893,1_00_0
64894,1_00_0
64895,2_00_0
64896,3_00_0
64897,6_00_0
64898,3_00_0
64899,4_00_0
64900,3_b6_1
64901,6_00_0
64902,6_00_0
64903,5_b8_1
64904,4_00_0
64905,3_00_0
64907,4_00_0
64908,4_00_0
64910,4_00_0
64912,3_00_0
64913,3_00_0
64914,6_00_0
64915,5_b6_1
64916,1_00_0
64917,5_b8_1
64918,6_00_0
64919,3_a9_1
64920,4_00_0
64921,3_00_0
64922,2_a5_2
64923,6_00_0
64924,6_00_0
64925,3_00_0
64926,3_00_0
64928,3_b7_1
64929,6_00_0
64930,6_a12_1
64932,6_00_0
64933,5_b6_1
64934,5_b7_1
64936,3_b3_1
64937,6_00_0
64938,6_00_0
64940,1_00_0
64941,4_00_0
64942,3_b6_1
64945,6_00_0
64946,3_b6_1
64947,4_00_0
64948,6_00_0
64949,4_00_0
64950,5_00_0
64951,6_00_0
64952,6_00_0
64953,3_00_0
64954,1_00_0
64956,4_00_0
64957,4_00_0
64958,4_00_0
64959,3_b7_1
64960,2_a5_2
64961,3_a9_2
64962,4_00_0
64964,4_00_0
64966,4_00_0
64967,1_00_0
64968,6_a12_2
64969,3_a9_2
64971,3_00_0
64972,5_b6_1
64973,3_00_0
64974,1_00_0
64975,6_00_0
64976,1_00_0
64977,6_00_0
64978,3_b7_1
64979,5_b6_1
64980,6_a12_2
64981,4_00_0
64983,3_00_0
64984,3_b3_1
64985,3_00_0
64986,4_00_0
64987,3_00_0
64988,1_00_0
64989,3_00_0
64990,4_00_0
64991,3_b6_1
64992,2_a5_2
64993,1_00_0
64994,3_00_0
64995,6_a12_2
64996,1_00_0
64997,3_00_0
64999,6_00_0
65000,6_00_0
65001,4_00_0
65002,1_00_0
65003,4_00_0
65004,5_b7_1
65005,4_00_0
65006,4_00_0
65007,3_b6_1
65009,5_b6_1
65011,4_00_0
65012,3_00_0
65013,6_00_0
65015,3_b7_1
65016,6_00_0
65018,3_00_0
65019,4_00_0
65020,3_b3_1
65021,3_00_0
65022,4_00_0
65024,3_b7_1
65025,6_00_0
65026,6_00_0
65027,3_b8_1
65028,3_b8_1
65029,6_00_0
65031,3_b6_1
65032,1_00_0
65033,2_00_0
65034,6_00_0
65035,2_a5_2
65036,5_00_0
65037,4_00_0
65038,3_b7_1
65039,4_00_0
65040,3_00_0
65041,5_b6_1
65044,4_00_0
65045,3_00_0
65046,4_00_0
65047,1_00_0
65048,1_00_0
65049,4_00_0
65050,4_00_0
65051,4_00_0
65052,5_00_0
65053,4_00_0
65056,1_00_0
65057,1_00_0
65058,1_00_0
65059,3_00_0
65060,4_00_0
65061,3_00_0
65062,5_b6_1
65063,1_00_0
65064,1_00_0
65065,3_00_0
65066,3_b8_1
65067,5_b6_1
65068,1_00_0
65069,3_00_0
65070,3_b3_1
65071,4_00_0
65072,3_00_0
65074,3_b6_1
65075,1_00_0
65076,3_00_0
65077,4_00_0
65078,6_00_0
65079,1_00_0
65080,6_00_0
65082,3_00_0
65084,3_b7_1
65085,3_b7_1
65086,6_00_0
65087,6_00_0
65088,1_00_0
65089,4_00_0
65090,4_00_0
65091,3_b6_1
65092,3_b7_1
65093,3_00_0
65094,3_00_0
65095,3_b6_1
65097,1_00_0
65098,1_00_0
65099,6_00_0
65100,3_a9_2
65101,3_00_0
65102,1_00_0
65103,3_00_0
65104,4_00_0
65105,4_00_0
65107,3_b8_1
65108,3_00_0
65109,3_00_0
65110,1_00_0
65111,3_b3_1
65112,6_00_0
65113,3_b6_1
65114,4_00_0
65115,5_b6_1
65116,3_b3_1
65117,3_00_0
65118,3_00_0
65120,4_00_0
65121,3_b3_1
65122,4_00_0
65123,4_00_0
65124,3_00_0
65125,3_00_0
65126,1_00_0
65127,4_00_0
65128,3_00_0
65129,3_b8_1
65130,2_a5_2
65131,3_00_0
65132,1_00_0
65133,4_00_0
65134,6_00_0
65135,4_00_0
65136,4_00_0
65137,4_00_0
65138,4_00_0
65139,1_00_0
65140,3_b3_1
65141,4_00_0
65142,6_00_0
65143,4_00_0
65144,3_a9_2
65145,6_00_0
65146,6_00_0
65147,6_00_0
65148,4_00_0
65149,3_b6_1
65150,2_a5_2
65151,6_00_0
65152,3_00_0
65153,3_a9_2
65154,6_00_0
65155,2_a5_2
65156,3_b6_1
65157,1_00_0
65158,3_00_0
65159,1_00_0
65160,3_00_0
65161,4_00_0
65162,3_00_0
65163,1_00_0
65164,3_00_0
65165,1_00_0
65166,1_00_0
65167,4_00_0
65168,5_b6_1
65169,6_00_0
65170,1_00_0
65171,6_00_0
65172,3_b6_1
65173,4_00_0
65174,4_00_0
65175,2_00_0
65177,1_00_0
65178,3_00_0
65179,3_00_0
65180,3_b7_1
65181,6_a11_1
65182,4_00_0
65183,3_b6_1
65184,2_00_0
65185,4_00_0
65187,2_a5_2
65188,5_b6_1
65189,3_00_0
65190,3_00_0
65191,5_00_0
65192,6_00_0
65193,3_00_0
65194,6_00_0
65195,1_00_0
65196,1_00_0
65197,4_00_0
65198,3_00_0
65199,6_00_0
65201,4_00_0
65202,3_b6_1
65204,2_00_0
65205,4_00_0
65206,3_00_0
65207,3_00_0
65208,5_00_0
65209,6_00_0
65210,2_a5_2
65211,2_a5_2
65212,6_00_0
65214,6_00_0
65216,5_b6_1
65217,3_00_0
65218,1_00_0
65219,4_00_0
65220,6_00_0
65222,1_00_0
65223,3_00_0
65224,4_00_0
65225,4_00_0
65226,3_00_0
65227,6_00_0
65228,3_00_0
65229,3_00_0
65230,1_00_0
65231,1_00_0
65232,3_a9_1
65233,5_b7_1
65234,3_00_0
65235,6_00_0
65236,1_00_0
65237,2_a5_2
65238,3_b3_1
65239,5_a7_2
65240,2_00_0
65241,3_b6_1
65242,6_00_0
65243,3_b7_1
65244,5_b6_1
65245,4_00_0
65247,3_00_0
65248,4_00_0
65249,6_00_0
65250,3_00_0
65251,3_00_0
65252,1_00_0
65253,1_00_0
65254,3_00_0
65255,6_00_0
65257,4_00_0
65258,5_b7_1
65259,3_00_0
65260,5_b6_1
65261,3_b6_1
65262,3_b8_1
65263,3_00_0
65264,2_a5_2
65265,6_00_0
65266,5_b8_1
65267,5_b8_1
65268,4_00_0
65270,1_00_0
65271,1_00_0
65272,4_00_0
65273,6_00_0
65274,4_00_0
65275,1_00_0
65276,3_b3_1
65277,5_b7_1
65279,4_00_0
65282,3_00_0
65283,5_b7_1
65284,6_00_0
65285,3_00_0
65286,3_00_0
65288,5_b8_1
65289,3_b3_1
65290,6_00_0
65291,3_b3_1
65292,6_a12_1
65293,6_00_0
65294,5_b8_1
65297,5_a7_2
65298,3_b6_1
65299,4_00_0
65300,2_00_0
65302,4_00_0
65303,3_b3_1
65304,5_b7_1
65305,6_00_0
65306,6_00_0
65307,4_00_0
65308,1_00_0
65309,5_b6_1
65310,1_00_0
65311,2_a5_2
65313,3_b7_1
65314,4_00_0
65315,5_b6_1
65316,3_00_0
65317,3_b6_1
65318,4_00_0
65319,4_00_0
65320,2_00_0
65321,3_a9_1
65322,5_b8_1
65323,5_a7_2
65325,3_00_0
65326,4_00_0
65327,3_00_0
65328,4_00_0
65329,3_a9_1
65330,6_00_0
65331,3_00_0
65332,2_a5_2
65333,3_00_0
65334,3_a9_1
65335,6_a12_2
65336,2_a5_2
65337,6_00_0
65338,3_00_0
65339,3_00_0
65340,6_00_0
65341,1_00_0
65342,4_00_0
65343,3_a9_1
65344,3_00_0
65345,4_00_0
65346,1_00_0
65347,6_00_0
65348,3_b8_1
65349,2_a5_2
65350,4_00_0
65351,3_b3_1
65352,3_a9_2
65353,2_00_0
65354,2_00_0
65355,3_b6_1
65357,3_00_0
65358,6_00_0
65360,1_00_0
65361,6_00_0
65362,4_00_0
65363,6_00_0
65364,3_a9_1
65365,3_00_0
65366,3_00_0
65367,1_00_0
65368,1_00_0
65369,3_a9_2
65370,6_00_0
65371,4_00_0
65372,6_00_0
65373,3_00_0
65375,6_00_0
65376,3_b6_1
65377,2_a5_2
65378,4_00_0
65379,5_b7_1
65380,5_b6_1
65381,5_b6_1
65383,2_00_0
65384,6_a11_1
65385,4_00_0
65386,6_00_0
65387,6_00_0
65388,3_b3_1
65389,5_b8_1
65390,3_b7_1
65391,6_00_0
65392,5_00_0
65393,5_b6_1
65394,6_00_0
65395,4_00_0
65396,3_a9_1
65397,3_00_0
65398,5_b7_1
65399,6_00_0
65400,3_00_0
65401,6_00_0
65402,4_00_0
65403,6_00_0
65404,4_00_0
65405,6_00_0
65406,4_00_0
65407,3_b8_1
65409,5_b6_1
65410,1_00_0
65411,3_00_0
65412,6_00_0
65413,4_00_0
65414,4_00_0
65415,1_00_0
65416,4_00_0
65417,6_00_0
65418,4_00_0
65419,5_b6_1
65420,3_00_0
65421,3_00_0
65422,1_00_0
65423,4_00_0
65425,4_00_0
65426,5_b8_1
65427,3_b8_1
65430,3_b8_1
65431,2_00_0
65432,6_a12_2
65433,5_a7_2
65434,3_00_0
65437,6_a12_1
65438,6_00_0
65439,4_00_0
65440,3_00_0
65441,3_00_0
65442,3_00_0
65443,3_b6_1
65444,3_00_0
65445,6_00_0
65446,2_a5_2
65447,5_00_0
65448,3_00_0
65449,3_a9_2
65450,3_00_0
65451,3_00_0
65452,3_b7_1
65453,3_b6_1
65454,3_00_0
65455,1_00_0
65456,3_b6_1
65457,4_00_0
65458,6_00_0
65459,5_b8_1
65460,3_b6_1
65461,6_00_0
65462,3_b6_1
65464,3_a9_2
65465,4_00_0
65466,6_00_0
65467,3_b7_1
65468,1_00_0
65469,4_00_0
65470,3_00_0
65471,3_00_0
65472,6_00_0
65473,3_b6_1
65474,3_00_0
65475,1_00_0
65476,6_00_0
65477,3_00_0
65478,1_00_0
65479,3_00_0
65481,3_b3_1
65482,3_b8_1
65483,3_a9_3
65484,1_00_0
65485,3_b8_1
65486,4_00_0
65487,4_00_0
65488,6_00_0
65489,6_00_0
65490,2_00_0
65491,3_b8_1
65492,3_00_0
65493,4_00_0
65494,1_00_0
65495,5_b8_1
65496,3_00_0
65497,3_00_0
65498,3_00_0
65500,4_00_0
65501,3_00_0
65502,5_b8_1
65503,6_00_0
65505,4_00_0
65506,5_b7_1
65507,6_00_0
65508,6_00_0
65509,5_b7_1
65511,3_a9_1
65512,3_b6_1
65513,3_a9_1
65514,3_00_0
65515,3_a9_2
65516,3_00_0
65517,4_00_0
65519,1_00_0
65520,1_00_0
65521,5_00_0
65522,6_00_0
65523,1_00_0
65524,3_00_0
65525,3_a9_3
65526,3_a9_2
65527,4_00_0
65528,2_a5_2
65529,1_00_0
65530,6_00_0
65531,6_00_0
65532,3_00_0
65534,1_00_0
65535,1_00_0
65536,1_00_0
65538,2_00_0
65539,4_00_0
65540,2_a5_2
65541,4_00_0
65542,4_00_0
65543,6_00_0
65544,1_00_0
65545,3_b8_1
65546,6_a11_1
65547,4_00_0
65548,6_00_0
65549,3_b6_1
65550,3_b3_1
65551,3_b8_1
65552,1_00_0
65553,1_00_0
65554,1_00_0
65555,5_b8_1
65556,3_00_0
65557,3_00_0
65558,3_b6_1
65559,1_00_0
65560,3_a9_1
65561,1_00_0
65562,4_00_0
65563,3_00_0
65565,5_b6_1
65566,6_00_0
65567,6_00_0
65568,3_00_0
65570,4_00_0
65571,3_b8_1
65572,4_00_0
65573,1_00_0
65574,1_00_0
65575,6_a11_1
65576,1_00_0
65577,4_00_0
65578,3_b7_1
65579,3_a9_1
65580,1_00_0
65581,5_b7_1
65582,3_00_0
65583,3_00_0
65584,4_00_0
65585,1_00_0
65586,1_00_0
65587,1_00_0
65588,4_00_0
65590,5_b8_1
65591,1_00_0
65593,3_00_0
65594,2_00_0
65595,4_00_0
65596,1_00_0
65597,3_a9_1
65598,5_b7_1
65599,2_00_0
65600,1_00_0
65601,5_b7_1
65602,5_b8_1
65603,1_00_0
65604,3_00_0
65605,3_00_0
65606,3_b7_1
65607,3_00_0
65608,3_00_0
65609,1_00_0
65610,6_a12_2
65611,3_00_0
65612,3_b6_1
65614,3_00_0
65615,3_00_0
65616,3_00_0
65617,4_00_0
65618,5_b6_1
65619,6_00_0
65622,4_00_0
65623,5_a7_2
65624,3_00_0
65625,2_a5_2
65626,6_00_0
65627,3_a9_2
65628,3_00_0
65629,1_00_0
65630,2_a5_2
65631,3_00_0
65632,3_00_0
65633,6_00_0
65634,4_00_0
65635,4_00_0
65636,3_b8_1
65637,1_00_0
65638,2_a5_2
65639,1_00_0
65640,2_a5_2
65641,6_00_0
65642,1_00_0
65643,3_00_0
65644,3_00_0
65645,3_a9_2
65646,1_00_0
65647,3_00_0
65648,3_a9_2
65649,1_00_0
65650,3_a9_3
65651,4_00_0
65652,4_00_0
65653,6_00_0
65654,4_00_0
65655,2_a5_2
65656,3_00_0
65657,4_00_0
65658,3_00_0
65659,3_00_0
65660,1_00_0
65661,2_a5_2
65662,3_00_0
65663,5_a7_2
65664,3_00_0
65665,5_b7_1
65666,2_a5_2
65667,5_b7_1
65668,1_00_0
65669,1_00_0
65670,3_b8_1
65671,6_00_0
65672,4_00_0
65673,1_00_0
65674,1_00_0
65675,3_00_0
65676,4_00_0
65677,3_00_0
65678,4_00_0
65679,3_00_0
65680,3_00_0
65681,6_00_0
65682,6_00_0
65683,1_00_0
65684,6_00_0
65685,4_00_0
65686,5_b6_1
65687,6_00_0
65688,2_a5_2
65689,1_00_0
65691,4_00_0
65692,6_00_0
65693,1_00_0
65695,3_a9_2
65696,3_00_0
65697,1_00_0
65698,3_00_0
65699,3_b8_1
65700,3_a9_2
65701,5_b6_1
65702,3_00_0
65703,3_00_0
65704,3_00_0
65705,3_00_0
65706,3_b3_1
65707,4_00_0
65708,5_00_0
65709,1_00_0
65710,4_00_0
65711,2_00_0
65712,3_b6_1
65713,1_00_0
65714,3_a9_2
65715,6_00_0
65717,6_00_0
65718,3_b6_1
65719,2_a5_2
65720,4_00_0
65721,1_00_0
65722,1_00_0
65723,3_00_0
65726,3_00_0
65727,3_00_0
65728,1_00_0
65729,6_00_0
65730,3_b3_1
65731,3_b8_1
65732,2_00_0
65734,3_a9_1
65735,3_b8_1
65736,3_00_0
65737,1_00_0
65738,4_00_0
65739,6_00_0
65740,3_a9_2
65741,2_00_0
65742,6_00_0
65743,6_00_0
65745,5_b6_1
65746,3_a9_3
65747,6_00_0
65748,5_b8_1
65749,3_00_0
65750,3_00_0
65751,2_00_0
65752,5_b8_1
65753,4_00_0
65754,1_00_0
65755,4_00_0
65756,3_b6_1
65758,3_b3_1
65759,1_00_0
65760,3_00_0
65761,6_00_0
65762,4_00_0
65764,1_00_0
65765,4_00_0
65766,2_a5_2
65767,3_00_0
65768,4_00_0
65769,4_00_0
65770,4_00_0
65771,6_00_0
65772,1_00_0
65773,3_00_0
65774,3_a9_1
65775,3_b8_1
65776,1_00_0
65777,3_a9_2
65778,3_a9_1
65780,4_00_0
65781,6_a11_1
65782,6_00_0
65783,1_00_0
65784,3_b8_1
65785,4_00_0
65786,5_a7_2
65787,1_00_0
65788,4_00_0
65790,4_00_0
65791,4_00_0
65792,4_00_0
65793,4_00_0
65794,3_b6_1
65795,4_00_0
65796,3_b3_1
65797,6_00_0
65798,3_a9_1
65799,6_00_0
65800,3_00_0
65801,5_b6_1
65802,3_00_0
65803,1_00_0
65804,6_00_0
65805,5_b6_1
65806,3_00_0
65807,2_a5_2
65808,3_b7_1
65809,6_00_0
65810,4_00_0
65811,3_00_0
65812,4_00_0
65813,6_00_0
65814,3_b6_1
65815,2_a5_2
65816,3_00_0
65817,5_b8_1
65818,6_00_0
65819,4_00_0
65820,3_b7_1
65821,3_b6_1
65822,6_a12_2
65823,5_b8_1
65824,4_00_0
65825,5_b7_1
65827,3_00_0
65828,1_00_0
65829,3_00_0
65830,3_b3_1
65831,3_00_0
65832,4_00_0
65833,4_00_0
65836,3_00_0
65837,6_00_0
65838,1_00_0
65839,1_00_0
65840,6_00_0
65842,4_00_0
65843,3_00_0
65844,4_00_0
65845,5_b8_1
65846,3_00_0
65847,4_00_0
65848,6_00_0
65849,3_b8_1
65850,5_b8_1
65851,5_b7_1
65852,6_00_0
65853,3_b3_1
65854,1_00_0
65855,4_00_0
65856,3_00_0
65857,3_00_0
65858,4_00_0
65859,4_00_0
65860,1_00_0
65861,1_00_0
65862,3_b7_1
65863,4_00_0
65864,3_b7_1
65865,6_00_0
65866,3_b6_1
65867,4_00_0
65868,4_00_0
65869,3_00_0
65870,4_00_0
65871,3_b6_1
65872,3_b7_1
65873,3_00_0
65874,1_00_0
65875,4_00_0
65876,6_b4_1
65878,3_b7_1
65879,3_a9_2
65880,5_a7_2
65881,1_00_0
65882,6_a11_1
65883,3_b7_1
65884,4_00_0
65885,6_a11_1
65886,3_00_0
65887,3_b6_1
65888,4_00_0
65889,4_00_0
65890,3_00_0
65891,3_00_0
65892,3_b3_1
65893,4_00_0
65894,1_00_0
65895,3_00_0
65897,4_00_0
65898,3_b6_1
65899,3_00_0
65900,5_b8_1
65901,3_b6_1
65902,3_b3_1
65903,4_00_0
65904,1_00_0
65905,3_00_0
65907,4_00_0
65908,1_00_0
65909,3_b3_1
65910,6_b4_1
65911,4_00_0
65912,3_00_0
65913,4_00_0
65914,4_00_0
65915,3_b6_1
65917,2_a5_2
65918,3_b8_1
65919,5_b7_1
65920,6_00_0
65921,6_00_0
65922,1_00_0
65923,1_00_0
65924,6_00_0
65925,6_00_0
65926,5_b6_1
65927,6_a12_2
65928,3_00_0
65929,1_00_0
65930,3_00_0
65931,3_00_0
65932,6_00_0
65933,4_00_0
65934,4_00_0
65935,3_b7_1
65936,3_b6_1
65937,3_00_0
65938,3_b3_1
65939,5_00_0
65940,4_00_0
65942,5_b8_1
65943,4_00_0
65944,3_b3_1
65945,4_00_0
65946,1_00_0
65947,5_b7_1
65948,3_00_0
65949,5_b6_1
65950,3_b7_1
65951,4_00_0
65952,6_00_0
65953,4_00_0
65954,3_b7_1
65955,1_00_0
65956,3_b7_1
65958,4_00_0
65959,5_b7_1
65960,6_00_0
65962,4_00_0
65963,4_00_0
65964,3_00_0
65966,6_b4_1
65967,3_00_0
65969,5_b6_1
65970,3_b7_1
65971,3_00_0
65972,2_a5_2
65973,6_00_0
65974,3_b6_1
65975,6_00_0
65976,6_a11_1
65977,3_b3_1
65978,3_00_0
65979,6_00_0
65980,5_00_0
65981,1_00_0
65982,2_a5_2
65983,6_00_0
65984,3_a9_2
65985,6_00_0
65986,4_00_0
65987,3_b6_1
65988,1_00_0
65989,5_b7_1
65990,6_b4_1
65991,3_00_0
65992,3_00_0
65993,3_b6_1
65994,1_00_0
65995,3_a9_2
65996,1_00_0
65997,3_a9_2
65998,6_00_0
66000,6_00_0
66001,3_b7_1
66002,6_00_0
66003,4_00_0
66004,3_00_0
66005,3_00_0
66006,6_a12_1
66007,5_b6_1
66009,3_00_0
66010,6_00_0
66011,6_00_0
66012,4_00_0
66013,6_00_0
66014,4_00_0
66015,2_a5_2
66016,3_00_0
66018,6_00_0
66019,4_00_0
66020,6_00_0
66021,6_00_0
66022,2_00_0
66023,4_00_0
66024,2_00_0
66025,4_00_0
66026,4_00_0
66027,6_00_0
66028,1_00_0
66029,4_00_0
66031,5_b8_1
66032,3_b8_1
66033,3_00_0
66034,2_a5_2
66035,3_b7_1
66036,1_00_0
66037,1_00_0
66038,6_b5_1
66039,3_00_0
66040,1_00_0
66041,6_a11_1
66043,3_b6_1
66044,3_00_0
66045,1_00_0
66046,6_00_0
66047,4_00_0
66048,3_00_0
66049,3_a9_1
66050,3_a9_2
66051,4_00_0
66052,2_00_0
66053,3_00_0
66054,6_00_0
66055,5_00_0
66056,4_00_0
66057,6_00_0
66058,3_a9_2
66059,3_b6_1
66061,1_00_0
66062,4_00_0
66063,3_00_0
66065,1_00_0
66066,4_00_0
66068,3_00_0
66069,6_00_0
66070,4_00_0
66071,6_00_0
66072,6_a11_1
66073,3_00_0
66075,6_a12_2
66076,4_00_0
66077,3_b3_1
66078,4_00_0
66079,4_00_0
66080,2_00_0
66081,4_00_0
66083,4_00_0
66084,6_00_0
66085,4_00_0
66087,2_a5_2
66088,6_00_0
66089,4_00_0
66091,3_00_0
66092,5_00_0
66093,6_00_0
66094,4_00_0
66095,1_00_0
66096,3_00_0
66097,3_00_0
66098,6_00_0
66099,3_00_0
66100,1_00_0
66102,3_a9_1
66104,3_a9_2
66105,3_00_0
66106,6_00_0
66107,3_00_0
66108,1_00_0
66109,4_00_0
66110,5_b6_1
66112,1_00_0
66113,1_00_0
66114,3_b6_1
66115,6_00_0
66116,3_00_0
66117,3_a9_2
66118,3_00_0
66119,5_b8_1
66120,4_00_0
66121,6_00_0
66122,5_a7_2
66123,4_00_0
66124,1_00_0
66125,4_00_0
66126,4_00_0
66127,4_00_0
66128,1_00_0
66129,3_a9_1
66130,4_00_0
66132,6_00_0
66133,2_00_0
66134,5_b6_1
66135,6_00_0
66138,6_00_0
66139,3_00_0
66140,1_00_0
66141,1_00_0
66142,3_00_0
66143,2_00_0
66144,3_00_0
66145,3_b8_1
66147,2_a5_2
66148,1_00_0
66150,2_a5_2
66151,4_00_0
66152,2_00_0
66153,4_00_0
66154,4_00_0
66155,3_00_0
66156,6_00_0
66157,6_00_0
66158,4_00_0
66159,2_a5_2
66160,4_00_0
66161,3_00_0
66162,6_00_0
66163,3_a9_2
66164,3_00_0
66165,5_b7_1
66167,5_b7_1
66168,3_a9_1
66169,1_00_0
66170,4_00_0
66171,5_b8_1
66172,5_a7_2
66174,3_00_0
66175,6_a12_2
66177,3_00_0
66179,3_b7_1
66180,3_00_0
66181,3_00_0
66183,1_00_0
66184,6_00_0
66185,3_00_0
66186,5_b6_1
66187,3_a9_2
66188,5_b8_1
66189,4_00_0
66190,3_00_0
66191,3_00_0
66192,3_a9_2
66193,6_00_0
66195,3_00_0
66196,4_00_0
66197,4_00_0
66198,3_b3_1
66199,3_00_0
66200,5_b7_1
66201,1_00_0
66203,2_a5_2
66204,3_a9_2
66205,5_b6_1
66206,3_a9_2
66207,3_00_0
66208,3_b3_1
66209,2_00_0
66210,3_00_0
66211,6_00_0
66212,4_00_0
66213,3_a9_2
66214,5_b7_1
66215,1_00_0
66217,5_b8_1
66218,2_00_0
66219,1_00_0
66220,2_a5_2
66221,4_00_0
66222,3_b6_1
66223,6_a12_2
66224,4_00_0
66225,3_a9_2
66226,4_00_0
66227,5_b7_1
66228,4_00_0
66229,1_00_0
66230,6_00_0
66231,3_a9_1
66232,3_00_0
66233,4_00_0
66234,4_00_0
66235,4_00_0
66236,5_b6_1
66237,3_00_0
66238,3_00_0
66239,4_00_0
66240,4_00_0
66241,6_00_0
66242,3_00_0
66243,1_00_0
66244,3_a9_2
66245,3_00_0
66246,6_00_0
66247,4_00_0
66248,4_00_0
66249,4_00_0
66250,3_00_0
66251,3_00_0
66252,4_00_0
66253,1_00_0
66254,5_b8_1
66255,4_00_0
66256,4_00_0
66257,3_00_0
66258,4_00_0
66259,3_b6_1
66260,3_00_0
66261,3_b3_1
66262,3_a9_2
66263,4_00_0
66264,3_00_0
66265,3_a9_1
66266,1_00_0
66267,5_b7_1
66271,3_b7_1
66272,3_00_0
66273,4_00_0
66274,6_00_0
66275,3_b3_1
66276,1_00_0
66277,2_a5_2
66278,3_b8_1
66279,1_00_0
66280,3_00_0
66282,1_00_0
66283,3_b3_1
66285,6_00_0
66286,6_00_0
66287,4_00_0
66288,1_00_0
66289,1_00_0
66290,4_00_0
66291,6_a11_1
66292,3_b6_1
66293,5_b7_1
66294,4_00_0
66295,2_a5_2
66296,3_b6_1
66297,4_00_0
66298,3_00_0
66299,4_00_0
66300,4_00_0
66301,5_b8_1
66303,3_00_0
66304,3_00_0
66305,6_00_0
66306,5_a7_2
66307,4_00_0
66308,5_a7_2
66309,4_00_0
66310,5_b8_1
66311,5_b8_1
66312,1_00_0
66313,3_00_0
66314,3_00_0
66315,4_00_0
66317,3_00_0
66318,6_00_0
66319,1_00_0
66320,5_b7_1
66321,3_00_0
66322,2_00_0
66324,2_00_0
66325,6_00_0
66326,3_00_0
66327,4_00_0
66328,3_00_0
66329,1_00_0
66330,5_b6_1
66331,4_00_0
66332,6_00_0
66333,5_a7_2
66334,2_00_0
66335,3_00_0
66336,3_00_0
66337,3_00_0
66338,2_a5_2
66339,6_00_0
66340,3_00_0
66342,1_00_0
66343,4_00_0
66344,6_00_0
66345,3_00_0
66346,2_00_0
66347,6_00_0
66350,5_b6_1
66351,3_00_0
66352,6_00_0
66353,5_b6_1
66356,4_00_0
66357,1_00_0
66358,6_00_0
66359,3_a9_2
66360,1_00_0
66361,6_00_0
66362,2_a5_2
66363,5_b6_1
66364,2_a5_2
66365,3_b6_1
66366,5_b6_1
66367,3_00_0
66368,3_00_0
66369,3_00_0
66370,1_00_0
66371,3_00_0
66372,4_00_0
66373,3_00_0
66374,4_00_0
66375,1_00_0
66376,3_00_0
66377,2_00_0
66378,4_00_0
66380,4_00_0
66381,2_a5_2
66382,4_00_0
66383,6_00_0
66384,3_00_0
66385,3_00_0
66386,1_00_0
66387,3_00_0
66388,6_00_0
66389,5_b6_1
66390,6_00_0
66391,5_b6_1
66392,3_b3_1
66394,1_00_0
66396,3_00_0
66398,2_a5_2
66399,3_00_0
66400,6_b5_1
66402,5_b8_1
66403,4_00_0
66404,3_b6_1
66405,3_b7_1
66406,4_00_0
66407,3_00_0
66408,6_00_0
66409,6_00_0
66410,1_00_0
66411,6_a12_2
66413,1_00_0
66414,2_a5_2
66415,6_00_0
66416,3_00_0
66417,6_00_0
66418,6_00_0
66419,3_b3_1
66420,3_00_0
66421,6_00_0
66422,4_00_0
66423,5_b8_1
66424,1_00_0
66425,3_00_0
66426,3_00_0
66427,6_00_0
66428,6_00_0
66429,3_a9_2
66430,6_00_0
66431,6_00_0
66432,3_a9_2
66433,6_a12_1
66434,1_00_0
66435,6_00_0
66436,1_00_0
66437,1_00_0
66438,3_b3_1
66439,4_00_0
66440,2_00_0
66441,1_00_0
66442,6_00_0
66443,2_a5_2
66444,1_00_0
66445,3_00_0
66446,6_00_0
66447,6_00_0
66448,3_00_0
66449,3_00_0
66450,3_00_0
66451,6_00_0
66452,6_00_0
66453,4_00_0
66454,6_00_0
66455,2_a5_2
66456,3_a9_1
66457,4_00_0
66458,6_a12_1
66459,3_00_0
66460,5_b7_1
66462,3_00_0
66463,3_00_0
66464,6_00_0
66466,1_00_0
66467,4_00_0
66468,5_b6_1
66469,5_b8_1
66471,2_a5_2
66472,5_00_0
66473,3_b6_1
66474,3_00_0
66476,3_b3_1
66478,5_a7_2
66479,6_00_0
66480,3_00_0
66481,4_00_0
66482,3_a9_2
66483,3_b7_1
66484,1_00_0
66486,6_00_0
66487,6_00_0
66488,3_00_0
66489,3_b3_1
66490,5_b6_1
66491,5_00_0
66492,5_b8_1
66493,6_00_0
66494,3_00_0
66495,5_b7_1
66496,3_a9_1
66497,4_00_0
66498,3_b3_1
66499,1_00_0
66500,5_b8_1
66501,1_00_0
66504,4_00_0
66505,1_00_0
66506,6_a12_2
66507,6_00_0
66508,3_00_0
66509,4_00_0
66510,2_00_0
66511,4_00_0
66513,4_00_0
66514,3_b6_1
66515,6_00_0
66516,2_00_0
66517,1_00_0
66518,1_00_0
66519,5_b6_1
66520,4_00_0
66521,4_00_0
66522,4_00_0
66523,3_00_0
66524,6_00_0
66527,3_00_0
66528,6_00_0
66530,5_a7_2
66531,6_00_0
66532,6_00_0
66533,4_00_0
66534,1_00_0
66535,3_00_0
66538,1_00_0
66539,3_00_0
66540,6_00_0
66542,1_00_0
66543,4_00_0
66544,4_00_0
66545,1_00_0
66546,3_00_0
66547,6_00_0
66548,1_00_0
66549,6_00_0
66550,6_00_0
66551,3_00_0
66552,3_00_0
66553,3_00_0
66554,1_00_0
66555,3_00_0
66556,6_00_0
66557,3_a9_1
66558,5_b6_1
66559,3_00_0
66560,1_00_0
66561,5_b6_1
66562,1_00_0
66564,4_00_0
66565,1_00_0
66566,4_00_0
66567,4_00_0
66568,1_00_0
66569,1_00_0
66570,4_00_0
66571,3_00_0
66572,6_00_0
66573,3_00_0
66574,1_00_0
66575,1_00_0
66576,1_00_0
66577,5_a7_2
66580,2_a5_2
66581,4_00_0
66583,3_b8_1
66584,3_00_0
66585,3_00_0
66586,4_00_0
66587,4_00_0
66588,5_b8_1
66589,5_b6_1
66590,3_00_0
66591,1_00_0
66592,5_00_0
66593,2_00_0
66594,4_00_0
66595,2_a5_2
66596,3_00_0
66599,3_00_0
66600,1_00_0
66601,4_00_0
66602,1_00_0
66603,5_00_0
66604,3_00_0
66605,1_00_0
66606,4_00_0
66607,6_00_0
66608,2_a5_2
66609,3_00_0
66610,2_a5_2
66611,3_00_0
66612,4_00_0
66613,1_00_0
66614,5_b7_1
66615,5_00_0
66616,1_00_0
66617,4_00_0
66618,1_00_0
66619,6_a12_2
66620,6_00_0
66621,3_a9_2
66622,4_00_0
66623,6_00_0
66625,6_00_0
66626,3_b6_1
66627,4_00_0
66628,1_00_0
66629,5_b8_1
66630,3_00_0
66631,5_b7_1
66632,3_00_0
66633,1_00_0
66634,2_00_0
66635,3_b8_1
66636,4_00_0
66637,4_00_0
66638,6_00_0
66639,1_00_0
66640,1_00_0
66641,1_00_0
66642,3_00_0
66643,4_00_0
66644,3_00_0
66645,5_b8_1
66646,6_00_0
66647,3_a9_3
66648,4_00_0
66649,3_00_0
66650,5_b8_1
66651,3_00_0
66652,3_b8_1
66653,4_00_0
66654,3_00_0
66656,3_b6_1
66657,2_00_0
66658,2_a5_2
66660,6_00_0
66662,3_00_0
66663,3_00_0
66664,4_00_0
66665,3_00_0
66666,3_a9_1
66667,2_a5_2
66668,5_a7_2
66669,3_b3_1
66670,6_00_0
66671,5_b6_1
66672,2_00_0
66673,4_00_0
66674,3_b6_1
66676,6_00_0
66677,2_a5_2
66679,2_a5_2
66680,3_b8_1
66681,4_00_0
66682,6_00_0
66683,6_00_0
66684,1_00_0
66686,6_a11_1
66687,3_a9_1
66688,3_b3_1
66689,3_00_0
66690,4_00_0
66691,1_00_0
66692,3_00_0
66693,2_00_0
66694,4_00_0
66695,3_b3_1
66696,3_00_0
66697,3_a9_2
66698,4_00_0
66699,3_00_0
66700,6_00_0
66701,1_00_0
66702,1_00_0
66703,1_00_0
66704,3_a9_3
66705,3_00_0
66706,4_00_0
66707,4_00_0
66708,3_a9_2
66709,6_00_0
66710,6_00_0
66711,2_00_0
66712,5_b7_1
66713,3_00_0
66714,6_00_0
66715,3_b6_1
66716,4_00_0
66718,2_a5_2
66719,1_00_0
66720,3_00_0
66721,1_00_0
66722,1_00_0
66724,2_a5_2
66725,3_00_0
66726,3_00_0
66727,3_b6_1
66728,5_b7_1
66730,3_a9_2
66731,4_00_0
66732,1_00_0
66733,3_00_0
66734,5_b6_1
66735,3_00_0
66736,3_00_0
66737,1_00_0
66738,6_b5_1
66739,3_00_0
66740,3_00_0
66741,2_a5_2
66742,4_00_0
66743,6_00_0
66744,3_00_0
66745,3_00_0
66746,1_00_0
66747,3_00_0
66748,5_b7_1
66749,6_00_0
66750,3_a9_1
66751,3_a9_1
66752,5_b6_1
66753,6_00_0
66754,5_b8_1
66755,6_a11_1
66756,4_00_0
66757,6_00_0
66759,3_00_0
66760,3_00_0
66762,3_00_0
66763,3_00_0
66764,4_00_0
66765,4_00_0
66766,1_00_0
66767,3_00_0
66768,5_b6_1
66769,4_00_0
66770,3_a9_2
66771,4_00_0
66772,1_00_0
66773,3_a9_2
66774,3_b6_1
66775,5_b6_1
66776,3_00_0
66777,3_00_0
66778,6_b4_3
66779,4_00_0
66780,3_00_0
66781,6_b5_1
66782,3_00_0
66783,1_00_0
66786,3_00_0
66787,5_b7_1
66788,3_00_0
66789,3_00_0
66790,3_b8_1
66791,2_a5_2
66792,3_a9_2
66793,3_00_0
66794,1_00_0
66795,3_b7_1
66796,3_00_0
66797,3_00_0
66798,3_00_0
66799,3_00_0
66800,4_00_0
66801,1_00_0
66802,4_00_0
66803,3_b8_1
66804,4_00_0
66805,3_00_0
66807,4_00_0
66808,3_00_0
66810,5_b6_1
66811,1_00_0
66812,6_00_0
66814,1_00_0
66815,3_a9_1
66816,6_00_0
66817,3_00_0
66818,2_a5_2
66819,3_b7_1
66820,4_00_0
66821,3_00_0
66822,6_00_0
66823,6_00_0
66824,6_00_0
66825,3_a9_1
66826,3_00_0
66827,3_b6_1
66828,3_b6_1
66829,1_00_0
66830,6_00_0
66831,2_00_0
66832,3_00_0
66833,6_b5_1
66836,3_00_0
66837,3_b8_1
66839,3_00_0
66840,3_00_0
66841,1_00_0
66843,3_00_0
66844,4_00_0
66845,2_00_0
66846,3_00_0
66847,3_00_0
66848,1_00_0
66849,4_00_0
66850,3_00_0
66852,5_b8_1
66853,1_00_0
66854,4_00_0
66855,3_b8_1
66856,3_00_0
66857,6_00_0
66858,3_00_0
66860,3_00_0
66861,3_00_0
66862,3_b8_1
66863,1_00_0
66864,3_a9_2
66865,5_a7_2
66866,6_00_0
66867,1_00_0
66868,5_00_0
66870,6_00_0
66871,6_00_0
66872,4_00_0
66873,5_b6_1
66874,4_00_0
66875,4_00_0
66876,1_00_0
66877,6_00_0
66878,6_00_0
66879,3_b6_1
66880,5_b8_1
66881,4_00_0
66882,6_00_0
66883,5_b6_1
66884,3_a9_2
66885,1_00_0
66886,6_00_0
66887,1_00_0
66888,1_00_0
66889,4_00_0
66890,3_b7_1
66891,1_00_0
66892,6_00_0
66893,6_00_0
66894,3_b8_1
66895,3_00_0
66897,5_b7_1
66898,3_00_0
66899,3_00_0
66900,1_00_0
66901,4_00_0
66903,1_00_0
66904,3_b6_1
66906,3_b7_1
66907,5_00_0
66908,3_00_0
66909,3_00_0
66910,4_00_0
66911,5_b6_1
66912,6_00_0
66914,6_00_0
66915,1_00_0
66916,3_00_0
66917,3_b3_1
66919,6_a11_1
66920,6_00_0
66921,5_b8_1
66922,3_b6_1
66923,4_00_0
66924,3_00_0
66925,3_00_0
66926,2_00_0
66928,1_00_0
66929,3_00_0
66930,3_a9_2
66931,3_a9_1
66932,3_00_0
66933,4_00_0
66934,4_00_0
66935,1_00_0
66936,5_b8_1
66937,3_00_0
66938,1_00_0
66939,1_00_0
66940,4_00_0
66941,3_00_0
66942,3_b7_1
66943,6_00_0
66944,3_00_0
66945,1_00_0
66946,3_b8_1
66948,5_b6_1
66949,6_00_0
66950,3_00_0
66951,3_b8_1
66952,6_00_0
66953,2_00_0
66954,6_00_0
66955,6_00_0
66956,4_00_0
66957,3_b6_1
66958,5_b6_1
66959,3_00_0
66960,1_00_0
66961,6_00_0
66962,3_b3_1
66963,2_00_0
66964,4_00_0
66965,2_a5_2
66966,4_00_0
66967,4_00_0
66968,2_a5_2
66969,6_00_0
66970,1_00_0
66971,2_00_0
66973,4_00_0
66974,3_00_0
66975,6_00_0
66976,4_00_0
66977,5_b8_1
66978,6_00_0
66979,3_a9_2
66980,3_00_0
66981,3_a9_3
66982,1_00_0
66984,1_00_0
66985,3_00_0
66986,5_a7_2
66987,1_00_0
66988,3_b3_1
66991,1_00_0
66992,3_00_0
66993,5_b8_1
66994,6_00_0
66995,3_a9_1
66996,1_00_0
66998,3_00_0
67000,6_00_0
67001,3_b3_1
67004,3_00_0
67005,1_00_0
67006,3_00_0
67007,5_a7_2
67008,3_b6_1
67009,6_00_0
67010,5_b7_1
67012,3_00_0
67013,3_00_0
67014,5_00_0
67015,4_00_0
67016,1_00_0
67017,3_00_0
67018,2_a5_2
67019,3_00_0
67020,5_b7_1
67021,3_00_0
67022,3_00_0
67024,5_b6_1
67025,2_00_0
67026,3_00_0
67027,5_b8_1
67029,4_00_0
67030,4_00_0
67031,3_00_0
67032,1_00_0
67033,4_00_0
67034,3_00_0
67035,1_00_0
67036,1_00_0
67037,2_a5_2
67038,5_b7_1
67039,1_00_0
67040,3_00_0
67042,6_00_0
67043,1_00_0
67044,6_00_0
67045,5_b7_1
67046,1_00_0
67047,3_b6_1
67048,3_a9_1
67049,3_00_0
67050,6_00_0
67051,5_b6_1
67052,2_00_0
67053,3_b7_1
67055,6_00_0
67056,1_00_0
67057,6_00_0
67058,3_00_0
67059,4_00_0
67060,2_00_0
67061,5_b8_1
67062,1_00_0
67063,3_00_0
67064,3_b6_1
67065,3_00_0
67066,2_a5_2
67067,3_b8_1
67068,6_00_0
67069,3_00_0
67070,4_00_0
67071,2_a5_2
67072,1_00_0
67073,1_00_0
67074,3_00_0
67075,1_00_0
67076,3_b3_1
67077,3_00_0
67078,4_00_0
67080,1_00_0
67081,6_b5_1
67083,1_00_0
67084,1_00_0
67085,3_00_0
67087,6_00_0
67088,3_b6_1
67089,5_b8_1
67090,3_b3_1
67091,1_00_0
67093,6_00_0
67094,3_b6_1
67095,4_00_0
67096,3_00_0
67097,3_00_0
67098,4_00_0
67099,3_00_0
67100,3_b7_1
67101,5_b6_1
67102,3_b6_1
67103,1_00_0
67104,3_00_0
67105,3_00_0
67106,3_b7_1
67107,4_00_0
67108,3_00_0
67109,5_b7_1
67110,5_b8_1
67111,3_00_0
67112,6_a12_2
67113,2_a5_2
67114,2_00_0
67115,1_00_0
67116,3_b6_1
67117,1_00_0
67118,5_a7_2
67119,2_00_0
67121,4_00_0
67122,4_00_0
67123,6_a11_1
67124,6_00_0
67125,3_b6_1
67126,3_00_0
67127,6_00_0
67128,4_00_0
67129,3_b7_1
67130,3_00_0
67131,4_00_0
67132,3_00_0
67133,3_a9_2
67134,4_00_0
67135,1_00_0
67136,6_00_0
67137,6_00_0
67139,1_00_0
67140,3_00_0
67141,6_00_0
67142,3_00_0
67143,1_00_0
67144,3_b6_1
67145,5_b7_1
67146,4_00_0
67147,1_00_0
67148,2_a5_2
67149,5_b6_1
67150,6_00_0
67151,3_00_0
67152,6_00_0
67155,3_a9_2
67156,6_00_0
67158,4_00_0
67159,4_00_0
67160,4_00_0
67161,6_00_0
67162,4_00_0
67163,3_00_0
67164,3_00_0
67165,4_00_0
67166,6_00_0
67167,3_a9_2
67168,3_b3_1
67169,6_a11_1
67170,3_00_0
67171,3_b7_1
67172,6_00_0
67173,3_00_0
67174,3_00_0
67175,4_00_0
67176,3_00_0
67178,4_00_0
67179,4_00_0
67180,4_00_0
67181,5_b8_1
67182,6_00_0
67184,5_b6_1
67185,4_00_0
67186,4_00_0
67187,3_00_0
67188,4_00_0
67189,4_00_0
67190,3_00_0
67191,6_00_0
67192,4_00_0
67193,3_b8_1
67194,3_00_0
67195,3_00_0
67196,1_00_0
67197,1_00_0
67198,6_00_0
67199,6_00_0
67200,6_00_0
67202,3_00_0
67203,3_00_0
67204,6_00_0
67205,3_00_0
67206,3_00_0
67207,6_00_0
67208,5_b7_1
67209,6_00_0
67210,3_00_0
67211,6_00_0
67212,6_00_0
67213,3_a9_2
67214,3_00_0
67215,3_00_0
67216,4_00_0
67217,3_b3_1
67218,1_00_0
67219,3_b8_1
67220,4_00_0
67221,3_00_0
67222,3_00_0
67223,6_00_0
67224,1_00_0
67225,5_b7_1
67226,1_00_0
67228,3_b3_1
67229,4_00_0
67231,4_00_0
67232,1_00_0
67233,4_00_0
67234,4_00_0
67235,5_b7_1
67236,6_00_0
67237,6_00_0
67238,3_00_0
67240,1_00_0
67242,6_00_0
67244,3_00_0
67245,1_00_0
67246,2_a5_2
67248,4_00_0
67249,3_00_0
67251,3_b3_1
67252,6_00_0
67253,4_00_0
67254,3_00_0
67255,5_b6_1
67256,4_00_0
67257,5_b6_1
67258,4_00_0
67259,1_00_0
67260,3_00_0
67261,4_00_0
67262,3_a9_1
67264,3_00_0
67265,3_b3_1
67266,5_00_0
67267,3_00_0
67268,1_00_0
67269,2_00_0
67270,4_00_0
67271,3_00_0
67272,6_00_0
67273,5_b8_1
67274,6_b4_1
67275,4_00_0
67276,3_00_0
67277,3_b8_1
67278,3_00_0
67279,1_00_0
67280,3_b8_1
67281,4_00_0
67282,3_00_0
67283,4_00_0
67284,3_00_0
67285,4_00_0
67286,3_00_0
67287,1_00_0
67288,3_00_0
67289,4_00_0
67290,6_00_0
67291,1_00_0
67292,3_00_0
67293,5_b6_1
67294,3_a9_2
67295,3_b8_1
67296,1_00_0
67297,3_00_0
67298,1_00_0
67299,4_00_0
67300,6_00_0
67302,6_00_0
67303,5_b8_1
67304,3_00_0
67305,3_00_0
67306,2_00_0
67307,5_b7_1
67308,1_00_0
67309,6_00_0
67311,6_a12_2
67312,3_00_0
67313,4_00_0
67314,3_b7_1
67315,5_b6_1
67316,3_a9_1
67317,6_00_0
67318,5_b6_1
67319,3_00_0
67320,1_00_0
67321,1_00_0
67322,4_00_0
67323,4_00_0
67324,1_00_0
67325,5_b6_1
67326,6_00_0
67327,2_00_0
67329,5_b7_1
67330,1_00_0
67331,3_00_0
67333,3_b7_1
67334,3_00_0
67335,3_b6_1
67336,1_00_0
67337,3_a9_1
67338,1_00_0
67339,4_00_0
67340,6_00_0
67341,3_b3_1
67342,1_00_0
67343,4_00_0
67344,6_00_0
67345,6_00_0
67346,4_00_0
67347,6_00_0
67349,3_00_0
67350,5_b6_1
67351,3_b6_1
67352,4_00_0
67353,6_00_0
67354,2_00_0
67355,4_00_0
67356,4_00_0
67357,2_a5_2
67358,1_00_0
67359,5_00_0
67360,3_b3_1
67361,1_00_0
67362,6_00_0
67363,4_00_0
67364,6_00_0
67366,3_00_0
67367,3_00_0
67368,5_b7_1
67369,3_00_0
67370,3_00_0
67371,6_00_0
67372,3_a9_2
67374,6_00_0
67375,3_00_0
67377,4_00_0
67378,3_b8_1
67379,6_00_0
67380,2_00_0
67381,4_00_0
67383,3_b6_1
67384,6_00_0
67385,6_00_0
67387,4_00_0
67388,4_00_0
67389,3_00_0
67390,3_b7_1
67391,6_00_0
67392,6_00_0
67393,6_a12_2
67394,6_00_0
67395,2_a5_2
67396,6_00_0
67397,3_00_0
67398,3_b8_1
67399,5_a7_2
67400,4_00_0
67401,4_00_0
67402,3_00_0
67403,4_00_0
67404,3_a9_2
67405,1_00_0
67406,6_a11_1
67407,2_a5_2
67408,1_00_0
67409,3_b6_1
67410,3_00_0
67411,3_00_0
67412,5_00_0
67413,4_00_0
67415,6_00_0
67416,3_00_0
67417,3_b3_1
67418,3_00_0
67419,1_00_0
67422,3_00_0
67424,3_b6_1
67425,6_00_0
67426,2_00_0
67427,3_00_0
67428,3_00_0
67429,3_b8_1
67431,3_00_0
67432,6_00_0
67433,3_00_0
67434,4_00_0
67435,3_00_0
67436,1_00_0
67437,2_00_0
67438,4_00_0
67439,6_00_0
67440,1_00_0
67441,3_b3_1
67442,1_00_0
67443,3_00_0
67444,4_00_0
67445,3_00_0
67446,3_00_0
67447,3_00_0
67448,4_00_0
67449,6_00_0
67450,3_00_0
67451,6_00_0
67452,1_00_0
67453,3_00_0
67454,1_00_0
67455,3_b8_1
67456,3_a9_1
67457,5_b7_1
67458,4_00_0
67459,6_a11_1
67460,3_00_0
67461,3_a9_1
67462,3_00_0
67463,1_00_0
67464,3_00_0
67466,4_00_0
67467,1_00_0
67468,4_00_0
67470,1_00_0
67471,6_00_0
67472,6_00_0
67473,3_00_0
67474,6_00_0
67475,3_00_0
67476,4_00_0
67477,3_00_0
67478,5_b6_1
67479,3_a9_1
67480,3_00_0
67481,4_00_0
67482,5_00_0
67483,3_00_0
67484,4_00_0
67485,3_b7_1
67486,4_00_0
67487,2_00_0
67488,6_00_0
67489,1_00_0
67490,6_00_0
67491,5_a7_2
67493,5_b7_1
67494,3_00_0
67495,1_00_0
67497,4_00_0
67498,4_00_0
67500,6_00_0
67501,1_00_0
67502,6_00_0
67503,5_00_0
67504,3_00_0
67505,6_00_0
67506,5_b6_1
67507,2_a5_2
67508,6_00_0
67509,4_00_0
67510,3_a9_1
67511,3_b8_1
67512,1_00_0
67513,6_00_0
67514,3_a9_1
67515,1_00_0
67516,6_00_0
67517,3_00_0
67518,5_b8_1
67519,3_00_0
67520,3_a9_1
67521,4_00_0
67522,3_00_0
67523,3_a9_3
67525,6_00_0
67526,5_b6_1
67527,4_00_0
67529,1_00_0
67530,5_00_0
67531,3_b7_1
67532,6_00_0
67533,5_b7_1
67535,4_00_0
67536,3_00_0
67537,4_00_0
67538,3_b8_1
67540,3_00_0
67542,1_00_0
67543,5_00_0
67544,4_00_0
67545,6_a12_2
67547,4_00_0
67549,6_00_0
67550,5_a7_2
67552,3_b6_1
67554,6_00_0
67555,3_00_0
67556,6_a11_1
67557,4_00_0
67559,6_00_0
67560,6_00_0
67561,6_00_0
67562,3_00_0
67563,3_b6_1
67565,6_00_0
67566,3_b6_1
67567,4_00_0
67568,3_00_0
67569,1_00_0
67570,6_00_0
67571,3_b6_1
67572,6_00_0
67573,3_b8_1
67575,3_00_0
67576,3_b3_1
67577,2_a5_2
67578,3_a9_1
67579,3_00_0
67581,3_00_0
67582,3_00_0
67583,4_00_0
67584,3_b8_1
67585,6_00_0
67586,6_00_0
67587,5_a7_2
67589,1_00_0
67591,3_b7_1
67593,4_00_0
67594,3_00_0
67596,3_b3_1
67597,1_00_0
67598,3_00_0
67599,6_a11_1
67600,6_00_0
67601,3_a9_2
67602,4_00_0
67603,2_a5_2
67604,4_00_0
67605,2_a5_2
67606,1_00_0
67607,3_b6_1
67608,1_00_0
67609,3_00_0
67610,3_00_0
67611,3_00_0
67612,3_00_0
67613,3_a9_1
67614,3_00_0
67615,3_00_0
67616,3_b6_1
67617,3_00_0
67618,3_00_0
67619,6_00_0
67620,3_b3_1
67621,6_00_0
67622,6_00_0
67623,3_b7_1
67624,1_00_0
67625,5_b8_1
67626,1_00_0
67627,3_00_0
67628,6_00_0
67629,6_00_0
67630,3_b8_1
67631,2_00_0
67632,4_00_0
67634,3_b6_1
67635,1_00_0
67637,4_00_0
67638,6_00_0
67639,3_00_0
67641,4_00_0
67642,2_a5_2
67643,3_00_0
67645,3_00_0
67646,1_00_0
67648,5_b7_1
67650,2_a5_2
67651,4_00_0
67652,3_00_0
67653,6_00_0
67654,6_00_0
67655,3_a9_1
67656,2_a5_2
67657,3_00_0
67658,5_a7_2
67659,1_00_0
67660,3_b6_1
67661,3_a9_1
67662,1_00_0
67663,3_00_0
67664,1_00_0
67665,4_00_0
67666,1_00_0
67667,6_b4_1
67668,3_a9_3
67669,6_00_0
67670,2_00_0
67671,6_b5_1
67672,6_00_0
67673,4_00_0
67674,3_b7_1
67675,6_00_0
67676,2_a5_2
67677,6_00_0
